The beam width:                  50
The length of solution:          11
The number of nodes expanded:    1003
The total CPU time of heuristic: 0.0070760000005094525
The total CPU time of A*:        0.5833549999999974
The type of heuristic:           NonAdimissible
-----------path-----------
1: [[1, 3, 0, 6, 5, 2, 4, 7], [], []]
2: [[1, 3, 0, 6, 5, 2, 4], [], [7]]
3: [[1, 3, 0, 6, 5, 2], [4], [7]]
4: [[1, 3, 0, 6, 5], [4], [7, 2]]
5: [[1, 3, 0, 6], [4, 5], [7, 2]]
6: [[1, 3, 0], [4, 5, 6], [7, 2]]
7: [[1, 3, 0], [4, 5, 6, 2], [7]]
8: [[1, 3], [4, 5, 6, 2], [7, 0]]
9: [[1], [4, 5, 6, 2, 3], [7, 0]]
10: [[], [4, 5, 6, 2, 3], [7, 0, 1]]
11: [[3], [4, 5, 6, 2], [7, 0, 1]]
--------------------------

The beam width:                  50
The length of solution:          18
The number of nodes expanded:    312
The total CPU time of heuristic: 0.002057000000320386
The total CPU time of A*:        0.12438799999999617
The type of heuristic:           NonAdimissible
-----------path-----------
1: [[5, 4, 6, 1, 7, 0, 3, 2], [], []]
2: [[5, 4, 6, 1, 7, 0, 3], [], [2]]
3: [[5, 4, 6, 1, 7, 0], [], [2, 3]]
4: [[5, 4, 6, 1, 7], [0], [2, 3]]
5: [[5, 4, 6, 1], [0], [2, 3, 7]]
6: [[5, 4, 6], [0, 1], [2, 3, 7]]
7: [[5, 4], [0, 1, 6], [2, 3, 7]]
8: [[5, 4], [0, 1, 6, 7], [2, 3]]
9: [[5], [0, 1, 6, 7], [2, 3, 4]]
10: [[], [0, 1, 6, 7], [2, 3, 4, 5]]
11: [[7], [0, 1, 6], [2, 3, 4, 5]]
12: [[7, 6], [0, 1], [2, 3, 4, 5]]
13: [[7, 6, 5], [0, 1], [2, 3, 4]]
14: [[7, 6, 5, 4], [0, 1], [2, 3]]
15: [[7, 6, 5, 4, 3], [0, 1], [2]]
16: [[7, 6, 5, 4, 3, 2], [0, 1], []]
17: [[7, 6, 5, 4, 3, 2, 1], [0], []]
18: [[7, 6, 5, 4, 3, 2, 1, 0], [], []]
--------------------------

The beam width:                  50
The length of solution:          20
The number of nodes expanded:    672
The total CPU time of heuristic: 0.004433000000034326
The total CPU time of A*:        0.32441300000000695
The type of heuristic:           NonAdimissible
-----------path-----------
1: [[0, 5, 3, 4, 2, 1, 6, 7], [], []]
2: [[0, 5, 3, 4, 2, 1, 6], [7], []]
3: [[0, 5, 3, 4, 2, 1], [7], [6]]
4: [[0, 5, 3, 4, 2, 1], [], [6, 7]]
5: [[0, 5, 3, 4, 2], [1], [6, 7]]
6: [[0, 5, 3, 4], [1, 2], [6, 7]]
7: [[0, 5, 3], [1, 2], [6, 7, 4]]
8: [[0, 5], [1, 2, 3], [6, 7, 4]]
9: [[0, 5], [1, 2, 3, 4], [6, 7]]
10: [[0], [1, 2, 3, 4, 5], [6, 7]]
11: [[], [1, 2, 3, 4, 5, 0], [6, 7]]
12: [[7], [1, 2, 3, 4, 5, 0], [6]]
13: [[7, 6], [1, 2, 3, 4, 5, 0], []]
14: [[7, 6], [1, 2, 3, 4, 5], [0]]
15: [[7, 6, 5], [1, 2, 3, 4], [0]]
16: [[7, 6, 5, 4], [1, 2, 3], [0]]
17: [[7, 6, 5, 4, 3], [1, 2], [0]]
18: [[7, 6, 5, 4, 3, 2], [1], [0]]
19: [[7, 6, 5, 4, 3, 2, 1], [], [0]]
20: [[7, 6, 5, 4, 3, 2, 1, 0], [], []]
--------------------------

The beam width:                  50
The length of solution:          19
The number of nodes expanded:    599
The total CPU time of heuristic: 0.004091000000002509
The total CPU time of A*:        0.2800770000000057
The type of heuristic:           NonAdimissible
-----------path-----------
1: [[2, 4, 3, 5, 7, 6, 0, 1], [], []]
2: [[2, 4, 3, 5, 7, 6, 0], [], [1]]
3: [[2, 4, 3, 5, 7, 6], [0], [1]]
4: [[2, 4, 3, 5, 7], [0], [1, 6]]
5: [[2, 4, 3, 5], [0], [1, 6, 7]]
6: [[2, 4, 3], [0], [1, 6, 7, 5]]
7: [[2, 4], [0, 3], [1, 6, 7, 5]]
8: [[2], [0, 3, 4], [1, 6, 7, 5]]
9: [[2], [0, 3, 4, 5], [1, 6, 7]]
10: [[], [0, 3, 4, 5, 2], [1, 6, 7]]
11: [[7], [0, 3, 4, 5, 2], [1, 6]]
12: [[7, 6], [0, 3, 4, 5, 2], [1]]
13: [[7, 6], [0, 3, 4, 5], [1, 2]]
14: [[7, 6, 5], [0, 3, 4], [1, 2]]
15: [[7, 6, 5, 4], [0, 3], [1, 2]]
16: [[7, 6, 5, 4, 3], [0], [1, 2]]
17: [[7, 6, 5, 4, 3, 2], [0], [1]]
18: [[7, 6, 5, 4, 3, 2, 1], [0], []]
19: [[7, 6, 5, 4, 3, 2, 1, 0], [], []]
--------------------------

The beam width:                  50
The length of solution:          18
The number of nodes expanded:    580
The total CPU time of heuristic: 0.0038680000003523674
The total CPU time of A*:        0.2850380000000001
The type of heuristic:           NonAdimissible
-----------path-----------
1: [[5, 4, 2, 6, 3, 7, 1, 0], [], []]
2: [[5, 4, 2, 6, 3, 7, 1], [], [0]]
3: [[5, 4, 2, 6, 3, 7], [], [0, 1]]
4: [[5, 4, 2, 6, 3], [], [0, 1, 7]]
5: [[5, 4, 2, 6], [3], [0, 1, 7]]
6: [[5, 4, 2], [3, 6], [0, 1, 7]]
7: [[5, 4, 2], [3, 6, 7], [0, 1]]
8: [[5, 4], [3, 6, 7], [0, 1, 2]]
9: [[5], [3, 6, 7], [0, 1, 2, 4]]
10: [[], [3, 6, 7], [0, 1, 2, 4, 5]]
11: [[7], [3, 6], [0, 1, 2, 4, 5]]
12: [[7, 6], [3], [0, 1, 2, 4, 5]]
13: [[7, 6, 5], [3], [0, 1, 2, 4]]
14: [[7, 6, 5, 4], [3], [0, 1, 2]]
15: [[7, 6, 5, 4, 3], [], [0, 1, 2]]
16: [[7, 6, 5, 4, 3, 2], [], [0, 1]]
17: [[7, 6, 5, 4, 3, 2, 1], [], [0]]
18: [[7, 6, 5, 4, 3, 2, 1, 0], [], []]
--------------------------

The beam width:                  50
The length of solution:          11
The number of nodes expanded:    1004
The total CPU time of heuristic: 0.007329999999399206
The total CPU time of A*:        0.6011239999999987
The type of heuristic:           NonAdimissible
-----------path-----------
1: [[1, 4, 0, 3, 7, 2, 6, 5], [], []]
2: [[1, 4, 0, 3, 7, 2, 6], [], [5]]
3: [[1, 4, 0, 3, 7, 2], [], [5, 6]]
4: [[1, 4, 0, 3, 7], [2], [5, 6]]
5: [[1, 4, 0, 3], [2, 7], [5, 6]]
6: [[1, 4, 0], [2, 7], [5, 6, 3]]
7: [[1, 4], [2, 7, 0], [5, 6, 3]]
8: [[1], [2, 7, 0, 4], [5, 6, 3]]
9: [[1, 3], [2, 7, 0, 4], [5, 6]]
10: [[1, 3, 4], [2, 7, 0], [5, 6]]
11: [[1, 3, 4], [2, 7], [5, 6, 0]]
--------------------------

The beam width:                  50
The length of solution:          11
The number of nodes expanded:    1004
The total CPU time of heuristic: 0.007201999999793429
The total CPU time of A*:        0.5792009999999976
The type of heuristic:           NonAdimissible
-----------path-----------
1: [[1, 3, 0, 6, 2, 7, 4, 5], [], []]
2: [[1, 3, 0, 6, 2, 7, 4], [5], []]
3: [[1, 3, 0, 6, 2, 7], [5], [4]]
4: [[1, 3, 0, 6, 2], [5, 7], [4]]
5: [[1, 3, 0, 6], [5, 7, 2], [4]]
6: [[1, 3, 0], [5, 7, 2], [4, 6]]
7: [[1, 3, 0], [5, 7], [4, 6, 2]]
8: [[1, 3], [5, 7, 0], [4, 6, 2]]
9: [[1], [5, 7, 0, 3], [4, 6, 2]]
10: [[1, 2], [5, 7, 0, 3], [4, 6]]
11: [[1, 2, 3], [5, 7, 0], [4, 6]]
--------------------------

The beam width:                  50
The length of solution:          19
The number of nodes expanded:    391
The total CPU time of heuristic: 0.0025230000002665065
The total CPU time of A*:        0.15312900000000695
The type of heuristic:           NonAdimissible
-----------path-----------
1: [[4, 3, 7, 0, 5, 1, 2, 6], [], []]
2: [[4, 3, 7, 0, 5, 1, 2], [], [6]]
3: [[4, 3, 7, 0, 5, 1], [], [6, 2]]
4: [[4, 3, 7, 0, 5], [1], [6, 2]]
5: [[4, 3, 7, 0, 5], [1, 2], [6]]
6: [[4, 3, 7, 0], [1, 2, 5], [6]]
7: [[4, 3, 7, 0], [1, 2, 5, 6], []]
8: [[4, 3, 7], [1, 2, 5, 6], [0]]
9: [[4, 3], [1, 2, 5, 6, 7], [0]]
10: [[4], [1, 2, 5, 6, 7], [0, 3]]
11: [[], [1, 2, 5, 6, 7], [0, 3, 4]]
12: [[7], [1, 2, 5, 6], [0, 3, 4]]
13: [[7, 6], [1, 2, 5], [0, 3, 4]]
14: [[7, 6, 5], [1, 2], [0, 3, 4]]
15: [[7, 6, 5, 4], [1, 2], [0, 3]]
16: [[7, 6, 5, 4, 3], [1, 2], [0]]
17: [[7, 6, 5, 4, 3, 2], [1], [0]]
18: [[7, 6, 5, 4, 3, 2, 1], [], [0]]
19: [[7, 6, 5, 4, 3, 2, 1, 0], [], []]
--------------------------

The beam width:                  50
The length of solution:          19
The number of nodes expanded:    658
The total CPU time of heuristic: 0.004231999999731784
The total CPU time of A*:        0.3058719999999937
The type of heuristic:           NonAdimissible
-----------path-----------
1: [[3, 2, 6, 7, 1, 4, 5, 0], [], []]
2: [[3, 2, 6, 7, 1, 4, 5], [0], []]
3: [[3, 2, 6, 7, 1, 4], [0], [5]]
4: [[3, 2, 6, 7, 1], [0, 4], [5]]
5: [[3, 2, 6, 7, 1], [0, 4, 5], []]
6: [[3, 2, 6, 7], [0, 4, 5], [1]]
7: [[3, 2, 6], [0, 4, 5, 7], [1]]
8: [[3, 2], [0, 4, 5, 7, 6], [1]]
9: [[3], [0, 4, 5, 7, 6], [1, 2]]
10: [[], [0, 4, 5, 7, 6], [1, 2, 3]]
11: [[], [0, 4, 5, 7], [1, 2, 3, 6]]
12: [[7], [0, 4, 5], [1, 2, 3, 6]]
13: [[7, 6], [0, 4, 5], [1, 2, 3]]
14: [[7, 6, 5], [0, 4], [1, 2, 3]]
15: [[7, 6, 5, 4], [0], [1, 2, 3]]
16: [[7, 6, 5, 4, 3], [0], [1, 2]]
17: [[7, 6, 5, 4, 3, 2], [0], [1]]
18: [[7, 6, 5, 4, 3, 2, 1], [0], []]
19: [[7, 6, 5, 4, 3, 2, 1, 0], [], []]
--------------------------

The beam width:                  50
The length of solution:          21
The number of nodes expanded:    893
The total CPU time of heuristic: 0.006168999999701441
The total CPU time of A*:        0.48477600000001075
The type of heuristic:           NonAdimissible
-----------path-----------
1: [[1, 6, 0, 5, 7, 3, 2, 4], [], []]
2: [[1, 6, 0, 5, 7, 3, 2], [], [4]]
3: [[1, 6, 0, 5, 7, 3], [2], [4]]
4: [[1, 6, 0, 5, 7], [2, 3], [4]]
5: [[1, 6, 0, 5, 7], [2, 3, 4], []]
6: [[1, 6, 0, 5], [2, 3, 4, 7], []]
7: [[1, 6, 0], [2, 3, 4, 7, 5], []]
8: [[1, 6], [2, 3, 4, 7, 5], [0]]
9: [[1], [2, 3, 4, 7, 5, 6], [0]]
10: [[], [2, 3, 4, 7, 5, 6], [0, 1]]
11: [[6], [2, 3, 4, 7, 5], [0, 1]]
12: [[6], [2, 3, 4, 7], [0, 1, 5]]
13: [[], [2, 3, 4, 7], [0, 1, 5, 6]]
14: [[7], [2, 3, 4], [0, 1, 5, 6]]
15: [[7, 6], [2, 3, 4], [0, 1, 5]]
16: [[7, 6, 5], [2, 3, 4], [0, 1]]
17: [[7, 6, 5, 4], [2, 3], [0, 1]]
18: [[7, 6, 5, 4, 3], [2], [0, 1]]
19: [[7, 6, 5, 4, 3, 2], [], [0, 1]]
20: [[7, 6, 5, 4, 3, 2, 1], [], [0]]
21: [[7, 6, 5, 4, 3, 2, 1, 0], [], []]
--------------------------

The beam width:                  50
The length of solution:          19
The number of nodes expanded:    761
The total CPU time of heuristic: 0.0054949999993425536
The total CPU time of A*:        0.3927489999999949
The type of heuristic:           NonAdimissible
-----------path-----------
1: [[4, 2, 6, 5, 1, 7, 0, 3], [], []]
2: [[4, 2, 6, 5, 1, 7, 0], [3], []]
3: [[4, 2, 6, 5, 1, 7], [3], [0]]
4: [[4, 2, 6, 5, 1], [3, 7], [0]]
5: [[4, 2, 6, 5], [3, 7], [0, 1]]
6: [[4, 2, 6], [3, 7], [0, 1, 5]]
7: [[4, 2], [3, 7], [0, 1, 5, 6]]
8: [[4, 2], [3], [0, 1, 5, 6, 7]]
9: [[4], [3, 2], [0, 1, 5, 6, 7]]
10: [[], [3, 2, 4], [0, 1, 5, 6, 7]]
11: [[7], [3, 2, 4], [0, 1, 5, 6]]
12: [[7, 6], [3, 2, 4], [0, 1, 5]]
13: [[7, 6, 5], [3, 2, 4], [0, 1]]
14: [[7, 6, 5, 4], [3, 2], [0, 1]]
15: [[7, 6, 5, 4], [3], [0, 1, 2]]
16: [[7, 6, 5, 4, 3], [], [0, 1, 2]]
17: [[7, 6, 5, 4, 3, 2], [], [0, 1]]
18: [[7, 6, 5, 4, 3, 2, 1], [], [0]]
19: [[7, 6, 5, 4, 3, 2, 1, 0], [], []]
--------------------------

The beam width:                  50
The length of solution:          18
The number of nodes expanded:    660
The total CPU time of heuristic: 0.004811000000046306
The total CPU time of A*:        0.3734440000000063
The type of heuristic:           NonAdimissible
-----------path-----------
1: [[5, 4, 3, 2, 6, 7, 1, 0], [], []]
2: [[5, 4, 3, 2, 6, 7, 1], [0], []]
3: [[5, 4, 3, 2, 6, 7], [0], [1]]
4: [[5, 4, 3, 2, 6], [0], [1, 7]]
5: [[5, 4, 3, 2], [0, 6], [1, 7]]
6: [[5, 4, 3, 2], [0, 6, 7], [1]]
7: [[5, 4, 3], [0, 6, 7], [1, 2]]
8: [[5, 4], [0, 6, 7], [1, 2, 3]]
9: [[5], [0, 6, 7], [1, 2, 3, 4]]
10: [[], [0, 6, 7], [1, 2, 3, 4, 5]]
11: [[7], [0, 6], [1, 2, 3, 4, 5]]
12: [[7, 6], [0], [1, 2, 3, 4, 5]]
13: [[7, 6, 5], [0], [1, 2, 3, 4]]
14: [[7, 6, 5, 4], [0], [1, 2, 3]]
15: [[7, 6, 5, 4, 3], [0], [1, 2]]
16: [[7, 6, 5, 4, 3, 2], [0], [1]]
17: [[7, 6, 5, 4, 3, 2, 1], [0], []]
18: [[7, 6, 5, 4, 3, 2, 1, 0], [], []]
--------------------------

The beam width:                  50
The length of solution:          10
The number of nodes expanded:    1004
The total CPU time of heuristic: 0.007238999999614748
The total CPU time of A*:        0.5890739999999965
The type of heuristic:           NonAdimissible
-----------path-----------
1: [[1, 6, 7, 2, 5, 3, 4, 0], [], []]
2: [[1, 6, 7, 2, 5, 3, 4], [], [0]]
3: [[1, 6, 7, 2, 5, 3], [], [0, 4]]
4: [[1, 6, 7, 2, 5], [3], [0, 4]]
5: [[1, 6, 7, 2], [3], [0, 4, 5]]
6: [[1, 6, 7, 2], [], [0, 4, 5, 3]]
7: [[1, 6, 7], [2], [0, 4, 5, 3]]
8: [[1, 6], [2], [0, 4, 5, 3, 7]]
9: [[1], [2, 6], [0, 4, 5, 3, 7]]
10: [[1], [2, 6, 7], [0, 4, 5, 3]]
--------------------------

The beam width:                  50
The length of solution:          19
The number of nodes expanded:    700
The total CPU time of heuristic: 0.004628999999965799
The total CPU time of A*:        0.33948999999999785
The type of heuristic:           NonAdimissible
-----------path-----------
1: [[3, 4, 6, 5, 2, 1, 7, 0], [], []]
2: [[3, 4, 6, 5, 2, 1, 7], [], [0]]
3: [[3, 4, 6, 5, 2, 1], [7], [0]]
4: [[3, 4, 6, 5, 2], [7], [0, 1]]
5: [[3, 4, 6, 5], [7], [0, 1, 2]]
6: [[3, 4, 6], [7], [0, 1, 2, 5]]
7: [[3, 4], [7], [0, 1, 2, 5, 6]]
8: [[3, 4], [], [0, 1, 2, 5, 6, 7]]
9: [[3], [4], [0, 1, 2, 5, 6, 7]]
10: [[], [4, 3], [0, 1, 2, 5, 6, 7]]
11: [[7], [4, 3], [0, 1, 2, 5, 6]]
12: [[7, 6], [4, 3], [0, 1, 2, 5]]
13: [[7, 6, 5], [4, 3], [0, 1, 2]]
14: [[7, 6, 5], [4], [0, 1, 2, 3]]
15: [[7, 6, 5, 4], [], [0, 1, 2, 3]]
16: [[7, 6, 5, 4, 3], [], [0, 1, 2]]
17: [[7, 6, 5, 4, 3, 2], [], [0, 1]]
18: [[7, 6, 5, 4, 3, 2, 1], [], [0]]
19: [[7, 6, 5, 4, 3, 2, 1, 0], [], []]
--------------------------

The beam width:                  50
The length of solution:          18
The number of nodes expanded:    626
The total CPU time of heuristic: 0.00439899999999227
The total CPU time of A*:        0.28448000000000206
The type of heuristic:           NonAdimissible
-----------path-----------
1: [[7, 2, 3, 0, 6, 1, 4, 5], [], []]
2: [[7, 2, 3, 0, 6, 1, 4], [5], []]
3: [[7, 2, 3, 0, 6, 1], [5, 4], []]
4: [[7, 2, 3, 0, 6], [5, 4], [1]]
5: [[7, 2, 3, 0, 6], [5], [1, 4]]
6: [[7, 2, 3, 0, 6], [], [1, 4, 5]]
7: [[7, 2, 3, 0], [], [1, 4, 5, 6]]
8: [[7, 2, 3], [0], [1, 4, 5, 6]]
9: [[7, 2], [0, 3], [1, 4, 5, 6]]
10: [[7], [0, 3, 2], [1, 4, 5, 6]]
11: [[7, 6], [0, 3, 2], [1, 4, 5]]
12: [[7, 6, 5], [0, 3, 2], [1, 4]]
13: [[7, 6, 5, 4], [0, 3, 2], [1]]
14: [[7, 6, 5, 4], [0, 3], [1, 2]]
15: [[7, 6, 5, 4, 3], [0], [1, 2]]
16: [[7, 6, 5, 4, 3, 2], [0], [1]]
17: [[7, 6, 5, 4, 3, 2, 1], [0], []]
18: [[7, 6, 5, 4, 3, 2, 1, 0], [], []]
--------------------------

The beam width:                  50
The length of solution:          20
The number of nodes expanded:    777
The total CPU time of heuristic: 0.005475999999703163
The total CPU time of A*:        0.4095740000000063
The type of heuristic:           NonAdimissible
-----------path-----------
1: [[3, 7, 6, 0, 4, 1, 5, 2], [], []]
2: [[3, 7, 6, 0, 4, 1, 5], [2], []]
3: [[3, 7, 6, 0, 4, 1], [2, 5], []]
4: [[3, 7, 6, 0, 4], [2, 5], [1]]
5: [[3, 7, 6, 0], [2, 5], [1, 4]]
6: [[3, 7, 6, 0], [2], [1, 4, 5]]
7: [[3, 7, 6], [2, 0], [1, 4, 5]]
8: [[3, 7], [2, 0], [1, 4, 5, 6]]
9: [[3], [2, 0], [1, 4, 5, 6, 7]]
10: [[], [2, 0, 3], [1, 4, 5, 6, 7]]
11: [[7], [2, 0, 3], [1, 4, 5, 6]]
12: [[7, 6], [2, 0, 3], [1, 4, 5]]
13: [[7, 6, 5], [2, 0, 3], [1, 4]]
14: [[7, 6, 5, 4], [2, 0, 3], [1]]
15: [[7, 6, 5, 4, 3], [2, 0], [1]]
16: [[7, 6, 5, 4, 3], [2], [1, 0]]
17: [[7, 6, 5, 4, 3, 2], [], [1, 0]]
18: [[7, 6, 5, 4, 3, 2], [0], [1]]
19: [[7, 6, 5, 4, 3, 2, 1], [0], []]
20: [[7, 6, 5, 4, 3, 2, 1, 0], [], []]
--------------------------

The beam width:                  50
The length of solution:          21
The number of nodes expanded:    768
The total CPU time of heuristic: 0.005167000000682265
The total CPU time of A*:        0.3822219999999845
The type of heuristic:           NonAdimissible
-----------path-----------
1: [[3, 4, 0, 2, 6, 1, 5, 7], [], []]
2: [[3, 4, 0, 2, 6, 1, 5], [], [7]]
3: [[3, 4, 0, 2, 6, 1], [], [7, 5]]
4: [[3, 4, 0, 2, 6], [1], [7, 5]]
5: [[3, 4, 0, 2, 6], [1, 5], [7]]
6: [[3, 4, 0, 2], [1, 5, 6], [7]]
7: [[3, 4, 0, 2], [1, 5, 6, 7], []]
8: [[3, 4, 0], [1, 5, 6, 7, 2], []]
9: [[3, 4], [1, 5, 6, 7, 2], [0]]
10: [[3, 4], [1, 5, 6, 7], [0, 2]]
11: [[3], [1, 5, 6, 7, 4], [0, 2]]
12: [[], [1, 5, 6, 7, 4], [0, 2, 3]]
13: [[], [1, 5, 6, 7], [0, 2, 3, 4]]
14: [[7], [1, 5, 6], [0, 2, 3, 4]]
15: [[7, 6], [1, 5], [0, 2, 3, 4]]
16: [[7, 6, 5], [1], [0, 2, 3, 4]]
17: [[7, 6, 5, 4], [1], [0, 2, 3]]
18: [[7, 6, 5, 4, 3], [1], [0, 2]]
19: [[7, 6, 5, 4, 3, 2], [1], [0]]
20: [[7, 6, 5, 4, 3, 2, 1], [], [0]]
21: [[7, 6, 5, 4, 3, 2, 1, 0], [], []]
--------------------------

The beam width:                  50
The length of solution:          20
The number of nodes expanded:    950
The total CPU time of heuristic: 0.006740999999834685
The total CPU time of A*:        0.5311290000000071
The type of heuristic:           NonAdimissible
-----------path-----------
1: [[7, 1, 2, 3, 4, 6, 5, 0], [], []]
2: [[7, 1, 2, 3, 4, 6, 5], [], [0]]
3: [[7, 1, 2, 3, 4, 6], [5], [0]]
4: [[7, 1, 2, 3, 4], [5, 6], [0]]
5: [[7, 1, 2, 3], [5, 6, 4], [0]]
6: [[7, 1, 2], [5, 6, 4], [0, 3]]
7: [[7, 1, 2], [5, 6], [0, 3, 4]]
8: [[7, 1], [5, 6, 2], [0, 3, 4]]
9: [[7], [5, 6, 2], [0, 3, 4, 1]]
10: [[7], [5, 6], [0, 3, 4, 1, 2]]
11: [[7, 6], [5], [0, 3, 4, 1, 2]]
12: [[7, 6, 5], [], [0, 3, 4, 1, 2]]
13: [[7, 6, 5, 2], [], [0, 3, 4, 1]]
14: [[7, 6, 5, 2], [1], [0, 3, 4]]
15: [[7, 6, 5], [1, 2], [0, 3, 4]]
16: [[7, 6, 5, 4], [1, 2], [0, 3]]
17: [[7, 6, 5, 4, 3], [1, 2], [0]]
18: [[7, 6, 5, 4, 3, 2], [1], [0]]
19: [[7, 6, 5, 4, 3, 2, 1], [], [0]]
20: [[7, 6, 5, 4, 3, 2, 1, 0], [], []]
--------------------------

The beam width:                  50
The length of solution:          9
The number of nodes expanded:    1003
The total CPU time of heuristic: 0.006937999999593103
The total CPU time of A*:        0.6086340000000092
The type of heuristic:           NonAdimissible
-----------path-----------
1: [[0, 6, 7, 5, 3, 1, 4, 2], [], []]
2: [[0, 6, 7, 5, 3, 1, 4], [2], []]
3: [[0, 6, 7, 5, 3, 1], [2, 4], []]
4: [[0, 6, 7, 5, 3], [2, 4, 1], []]
5: [[0, 6, 7, 5], [2, 4, 1], [3]]
6: [[0, 6, 7], [2, 4, 1, 5], [3]]
7: [[0, 6], [2, 4, 1, 5], [3, 7]]
8: [[0], [2, 4, 1, 5], [3, 7, 6]]
9: [[0, 5], [2, 4, 1], [3, 7, 6]]
--------------------------

The beam width:                  50
The length of solution:          19
The number of nodes expanded:    475
The total CPU time of heuristic: 0.003072000000315711
The total CPU time of A*:        0.21844300000000771
The type of heuristic:           NonAdimissible
-----------path-----------
1: [[5, 7, 3, 0, 2, 4, 1, 6], [], []]
2: [[5, 7, 3, 0, 2, 4, 1], [6], []]
3: [[5, 7, 3, 0, 2, 4], [6], [1]]
4: [[5, 7, 3, 0, 2], [6, 4], [1]]
5: [[5, 7, 3, 0], [6, 4], [1, 2]]
6: [[5, 7, 3, 0], [6], [1, 2, 4]]
7: [[5, 7, 3, 0], [], [1, 2, 4, 6]]
8: [[5, 7, 3], [0], [1, 2, 4, 6]]
9: [[5, 7], [0, 3], [1, 2, 4, 6]]
10: [[5], [0, 3], [1, 2, 4, 6, 7]]
11: [[], [0, 3, 5], [1, 2, 4, 6, 7]]
12: [[7], [0, 3, 5], [1, 2, 4, 6]]
13: [[7, 6], [0, 3, 5], [1, 2, 4]]
14: [[7, 6, 5], [0, 3], [1, 2, 4]]
15: [[7, 6, 5, 4], [0, 3], [1, 2]]
16: [[7, 6, 5, 4, 3], [0], [1, 2]]
17: [[7, 6, 5, 4, 3, 2], [0], [1]]
18: [[7, 6, 5, 4, 3, 2, 1], [0], []]
19: [[7, 6, 5, 4, 3, 2, 1, 0], [], []]
--------------------------

