The beam width:                  15
The length of solution:          19
The number of nodes expanded:    308
The total CPU time of heuristic: 0.00213700000003314
The total CPU time of A*:        0.11624299999999721
The type of heuristic:           NonAdimissible
-----------path-----------
1: [[2, 1, 0, 4, 3, 5, 6], [], []]
2: [[2, 1, 0, 4, 3, 5], [], [6]]
3: [[2, 1, 0, 4, 3], [5], [6]]
4: [[2, 1, 0, 4, 3], [5, 6], []]
5: [[2, 1, 0, 4], [5, 6, 3], []]
6: [[2, 1, 0], [5, 6, 3, 4], []]
7: [[2, 1], [5, 6, 3, 4], [0]]
8: [[2], [5, 6, 3, 4], [0, 1]]
9: [[], [5, 6, 3, 4], [0, 1, 2]]
10: [[4], [5, 6, 3], [0, 1, 2]]
11: [[4], [5, 6], [0, 1, 2, 3]]
12: [[], [5, 6], [0, 1, 2, 3, 4]]
13: [[6], [5], [0, 1, 2, 3, 4]]
14: [[6, 5], [], [0, 1, 2, 3, 4]]
15: [[6, 5, 4], [], [0, 1, 2, 3]]
16: [[6, 5, 4, 3], [], [0, 1, 2]]
17: [[6, 5, 4, 3, 2], [], [0, 1]]
18: [[6, 5, 4, 3, 2, 1], [], [0]]
19: [[6, 5, 4, 3, 2, 1, 0], [], []]
--------------------------

The beam width:                  15
The length of solution:          21
The number of nodes expanded:    499
The total CPU time of heuristic: 0.003549999999929554
The total CPU time of A*:        0.23645200000000344
The type of heuristic:           NonAdimissible
-----------path-----------
1: [[1, 2, 5, 6, 3, 0, 4], [], []]
2: [[1, 2, 5, 6, 3, 0], [4], []]
3: [[1, 2, 5, 6, 3], [4], [0]]
4: [[1, 2, 5, 6], [4], [0, 3]]
5: [[1, 2, 5, 6], [], [0, 3, 4]]
6: [[1, 2, 5], [6], [0, 3, 4]]
7: [[1, 2], [6], [0, 3, 4, 5]]
8: [[1], [6, 2], [0, 3, 4, 5]]
9: [[], [6, 2], [0, 3, 4, 5, 1]]
10: [[2], [6], [0, 3, 4, 5, 1]]
11: [[2, 1], [6], [0, 3, 4, 5]]
12: [[2, 1], [], [0, 3, 4, 5, 6]]
13: [[2], [1], [0, 3, 4, 5, 6]]
14: [[], [1, 2], [0, 3, 4, 5, 6]]
15: [[6], [1, 2], [0, 3, 4, 5]]
16: [[6, 5], [1, 2], [0, 3, 4]]
17: [[6, 5, 4], [1, 2], [0, 3]]
18: [[6, 5, 4, 3], [1, 2], [0]]
19: [[6, 5, 4, 3, 2], [1], [0]]
20: [[6, 5, 4, 3, 2, 1], [], [0]]
21: [[6, 5, 4, 3, 2, 1, 0], [], []]
--------------------------

The beam width:                  15
The length of solution:          16
The number of nodes expanded:    220
The total CPU time of heuristic: 0.0012780000000347513
The total CPU time of A*:        0.05974199999999996
The type of heuristic:           NonAdimissible
-----------path-----------
1: [[5, 6, 0, 3, 4, 2, 1], [], []]
2: [[5, 6, 0, 3, 4, 2], [1], []]
3: [[5, 6, 0, 3, 4], [1, 2], []]
4: [[5, 6, 0, 3], [1, 2, 4], []]
5: [[5, 6, 0], [1, 2, 4, 3], []]
6: [[5, 6], [1, 2, 4, 3], [0]]
7: [[5, 6], [1, 2, 4], [0, 3]]
8: [[5], [1, 2, 4], [0, 3, 6]]
9: [[], [1, 2, 4, 5], [0, 3, 6]]
10: [[6], [1, 2, 4, 5], [0, 3]]
11: [[6, 5], [1, 2, 4], [0, 3]]
12: [[6, 5, 4], [1, 2], [0, 3]]
13: [[6, 5, 4, 3], [1, 2], [0]]
14: [[6, 5, 4, 3, 2], [1], [0]]
15: [[6, 5, 4, 3, 2, 1], [], [0]]
16: [[6, 5, 4, 3, 2, 1, 0], [], []]
--------------------------

The beam width:                  15
The length of solution:          16
The number of nodes expanded:    240
The total CPU time of heuristic: 0.0016440000000450539
The total CPU time of A*:        0.07815599999999989
The type of heuristic:           NonAdimissible
-----------path-----------
1: [[2, 4, 6, 3, 1, 5, 0], [], []]
2: [[2, 4, 6, 3, 1, 5], [], [0]]
3: [[2, 4, 6, 3, 1], [], [0, 5]]
4: [[2, 4, 6, 3], [1], [0, 5]]
5: [[2, 4, 6], [1, 3], [0, 5]]
6: [[2, 4], [1, 3], [0, 5, 6]]
7: [[2], [1, 3, 4], [0, 5, 6]]
8: [[], [1, 3, 4, 2], [0, 5, 6]]
9: [[6], [1, 3, 4, 2], [0, 5]]
10: [[6, 5], [1, 3, 4, 2], [0]]
11: [[6, 5], [1, 3, 4], [0, 2]]
12: [[6, 5, 4], [1, 3], [0, 2]]
13: [[6, 5, 4, 3], [1], [0, 2]]
14: [[6, 5, 4, 3, 2], [1], [0]]
15: [[6, 5, 4, 3, 2, 1], [], [0]]
16: [[6, 5, 4, 3, 2, 1, 0], [], []]
--------------------------

The beam width:                  15
The length of solution:          16
The number of nodes expanded:    243
The total CPU time of heuristic: 0.0016279999999788686
The total CPU time of A*:        0.08392400000000322
The type of heuristic:           NonAdimissible
-----------path-----------
1: [[4, 6, 2, 3, 0, 5, 1], [], []]
2: [[4, 6, 2, 3, 0, 5], [], [1]]
3: [[4, 6, 2, 3, 0], [], [1, 5]]
4: [[4, 6, 2, 3], [0], [1, 5]]
5: [[4, 6, 2], [0], [1, 5, 3]]
6: [[4, 6], [0, 2], [1, 5, 3]]
7: [[4, 6], [0, 2, 3], [1, 5]]
8: [[4], [0, 2, 3], [1, 5, 6]]
9: [[], [0, 2, 3, 4], [1, 5, 6]]
10: [[6], [0, 2, 3, 4], [1, 5]]
11: [[6, 5], [0, 2, 3, 4], [1]]
12: [[6, 5, 4], [0, 2, 3], [1]]
13: [[6, 5, 4, 3], [0, 2], [1]]
14: [[6, 5, 4, 3, 2], [0], [1]]
15: [[6, 5, 4, 3, 2, 1], [0], []]
16: [[6, 5, 4, 3, 2, 1, 0], [], []]
--------------------------

The beam width:                  15
The length of solution:          19
The number of nodes expanded:    388
The total CPU time of heuristic: 0.0027400000000241675
The total CPU time of A*:        0.17349700000000112
The type of heuristic:           NonAdimissible
-----------path-----------
1: [[5, 2, 1, 3, 4, 0, 6], [], []]
2: [[5, 2, 1, 3, 4, 0], [], [6]]
3: [[5, 2, 1, 3, 4], [0], [6]]
4: [[5, 2, 1, 3], [0], [6, 4]]
5: [[5, 2, 1], [0, 3], [6, 4]]
6: [[5, 2, 1], [0, 3, 4], [6]]
7: [[5, 2], [0, 3, 4, 1], [6]]
8: [[5], [0, 3, 4, 1, 2], [6]]
9: [[], [0, 3, 4, 1, 2, 5], [6]]
10: [[6], [0, 3, 4, 1, 2, 5], []]
11: [[6, 5], [0, 3, 4, 1, 2], []]
12: [[6, 5, 2], [0, 3, 4, 1], []]
13: [[6, 5, 2], [0, 3, 4], [1]]
14: [[6, 5], [0, 3, 4], [1, 2]]
15: [[6, 5, 4], [0, 3], [1, 2]]
16: [[6, 5, 4, 3], [0], [1, 2]]
17: [[6, 5, 4, 3, 2], [0], [1]]
18: [[6, 5, 4, 3, 2, 1], [0], []]
19: [[6, 5, 4, 3, 2, 1, 0], [], []]
--------------------------

The beam width:                  15
The length of solution:          21
The number of nodes expanded:    430
The total CPU time of heuristic: 0.00284199999993362
The total CPU time of A*:        0.1865850000000009
The type of heuristic:           NonAdimissible
-----------path-----------
1: [[3, 1, 0, 5, 2, 4, 6], [], []]
2: [[3, 1, 0, 5, 2, 4], [], [6]]
3: [[3, 1, 0, 5, 2], [], [6, 4]]
4: [[3, 1, 0, 5], [2], [6, 4]]
5: [[3, 1, 0, 5], [2, 4], [6]]
6: [[3, 1, 0], [2, 4, 5], [6]]
7: [[3, 1], [2, 4, 5, 0], [6]]
8: [[3], [2, 4, 5, 0, 1], [6]]
9: [[], [2, 4, 5, 0, 1, 3], [6]]
10: [[6], [2, 4, 5, 0, 1, 3], []]
11: [[6, 3], [2, 4, 5, 0, 1], []]
12: [[6, 3, 1], [2, 4, 5, 0], []]
13: [[6, 3, 1], [2, 4, 5], [0]]
14: [[6, 3], [2, 4, 5], [0, 1]]
15: [[6], [2, 4, 5], [0, 1, 3]]
16: [[6, 5], [2, 4], [0, 1, 3]]
17: [[6, 5, 4], [2], [0, 1, 3]]
18: [[6, 5, 4, 3], [2], [0, 1]]
19: [[6, 5, 4, 3, 2], [], [0, 1]]
20: [[6, 5, 4, 3, 2, 1], [], [0]]
21: [[6, 5, 4, 3, 2, 1, 0], [], []]
--------------------------

The beam width:                  15
The length of solution:          19
The number of nodes expanded:    370
The total CPU time of heuristic: 0.002861000000041969
The total CPU time of A*:        0.16598199999999963
The type of heuristic:           NonAdimissible
-----------path-----------
1: [[4, 1, 0, 6, 2, 3, 5], [], []]
2: [[4, 1, 0, 6, 2, 3], [5], []]
3: [[4, 1, 0, 6, 2], [5], [3]]
4: [[4, 1, 0, 6, 2], [], [3, 5]]
5: [[4, 1, 0, 6], [2], [3, 5]]
6: [[4, 1, 0], [2], [3, 5, 6]]
7: [[4, 1], [2, 0], [3, 5, 6]]
8: [[4], [2, 0, 1], [3, 5, 6]]
9: [[], [2, 0, 1, 4], [3, 5, 6]]
10: [[6], [2, 0, 1, 4], [3, 5]]
11: [[6, 5], [2, 0, 1, 4], [3]]
12: [[6, 5, 4], [2, 0, 1], [3]]
13: [[6, 5, 4, 3], [2, 0, 1], []]
14: [[6, 5, 4, 3, 1], [2, 0], []]
15: [[6, 5, 4, 3, 1], [2], [0]]
16: [[6, 5, 4, 3], [2], [0, 1]]
17: [[6, 5, 4, 3, 2], [], [0, 1]]
18: [[6, 5, 4, 3, 2, 1], [], [0]]
19: [[6, 5, 4, 3, 2, 1, 0], [], []]
--------------------------

The beam width:                  15
The length of solution:          22
The number of nodes expanded:    645
The total CPU time of heuristic: 0.004526999999960424
The total CPU time of A*:        0.3566119999999984
The type of heuristic:           NonAdimissible
-----------path-----------
1: [[0, 3, 5, 4, 2, 1, 6], [], []]
2: [[0, 3, 5, 4, 2, 1], [], [6]]
3: [[0, 3, 5, 4, 2], [], [6, 1]]
4: [[0, 3, 5, 4], [2], [6, 1]]
5: [[0, 3, 5], [2, 4], [6, 1]]
6: [[0, 3], [2, 4, 5], [6, 1]]
7: [[0], [2, 4, 5, 3], [6, 1]]
8: [[0, 1], [2, 4, 5, 3], [6]]
9: [[0, 1, 3], [2, 4, 5], [6]]
10: [[0, 1, 3], [2, 4, 5, 6], []]
11: [[0, 1], [2, 4, 5, 6, 3], []]
12: [[0], [2, 4, 5, 6, 3], [1]]
13: [[], [2, 4, 5, 6, 3], [1, 0]]
14: [[], [2, 4, 5, 6], [1, 0, 3]]
15: [[6], [2, 4, 5], [1, 0, 3]]
16: [[6, 5], [2, 4], [1, 0, 3]]
17: [[6, 5, 4], [2], [1, 0, 3]]
18: [[6, 5, 4, 3], [2], [1, 0]]
19: [[6, 5, 4, 3, 2], [], [1, 0]]
20: [[6, 5, 4, 3, 2], [0], [1]]
21: [[6, 5, 4, 3, 2, 1], [0], []]
22: [[6, 5, 4, 3, 2, 1, 0], [], []]
--------------------------

The beam width:                  15
The length of solution:          17
The number of nodes expanded:    253
The total CPU time of heuristic: 0.0017169999999886443
The total CPU time of A*:        0.08483599999999925
The type of heuristic:           NonAdimissible
-----------path-----------
1: [[1, 3, 0, 6, 4, 2, 5], [], []]
2: [[1, 3, 0, 6, 4, 2], [], [5]]
3: [[1, 3, 0, 6, 4], [2], [5]]
4: [[1, 3, 0, 6], [2, 4], [5]]
5: [[1, 3, 0, 6], [2, 4, 5], []]
6: [[1, 3, 0], [2, 4, 5, 6], []]
7: [[1, 3], [2, 4, 5, 6], [0]]
8: [[1], [2, 4, 5, 6, 3], [0]]
9: [[], [2, 4, 5, 6, 3], [0, 1]]
10: [[], [2, 4, 5, 6], [0, 1, 3]]
11: [[6], [2, 4, 5], [0, 1, 3]]
12: [[6, 5], [2, 4], [0, 1, 3]]
13: [[6, 5, 4], [2], [0, 1, 3]]
14: [[6, 5, 4, 3], [2], [0, 1]]
15: [[6, 5, 4, 3, 2], [], [0, 1]]
16: [[6, 5, 4, 3, 2, 1], [], [0]]
17: [[6, 5, 4, 3, 2, 1, 0], [], []]
--------------------------

The beam width:                  15
The length of solution:          22
The number of nodes expanded:    524
The total CPU time of heuristic: 0.0037699999999709632
The total CPU time of A*:        0.2687860000000022
The type of heuristic:           NonAdimissible
-----------path-----------
1: [[3, 2, 0, 6, 1, 5, 4], [], []]
2: [[3, 2, 0, 6, 1, 5], [4], []]
3: [[3, 2, 0, 6, 1], [4, 5], []]
4: [[3, 2, 0, 6], [4, 5], [1]]
5: [[3, 2, 0, 6], [4], [1, 5]]
6: [[3, 2, 0], [4], [1, 5, 6]]
7: [[3, 2], [4, 0], [1, 5, 6]]
8: [[3], [4, 0, 2], [1, 5, 6]]
9: [[], [4, 0, 2, 3], [1, 5, 6]]
10: [[6], [4, 0, 2, 3], [1, 5]]
11: [[6, 5], [4, 0, 2, 3], [1]]
12: [[6, 5], [4, 0, 2], [1, 3]]
13: [[6, 5, 2], [4, 0], [1, 3]]
14: [[6, 5, 2, 0], [4], [1, 3]]
15: [[6, 5, 2, 0], [], [1, 3, 4]]
16: [[6, 5, 2], [0], [1, 3, 4]]
17: [[6, 5], [0, 2], [1, 3, 4]]
18: [[6, 5, 4], [0, 2], [1, 3]]
19: [[6, 5, 4, 3], [0, 2], [1]]
20: [[6, 5, 4, 3, 2], [0], [1]]
21: [[6, 5, 4, 3, 2, 1], [0], []]
22: [[6, 5, 4, 3, 2, 1, 0], [], []]
--------------------------

The beam width:                  15
The length of solution:          17
The number of nodes expanded:    242
The total CPU time of heuristic: 0.0014259999999559625
The total CPU time of A*:        0.06830800000000181
The type of heuristic:           NonAdimissible
-----------path-----------
1: [[4, 0, 3, 1, 2, 6, 5], [], []]
2: [[4, 0, 3, 1, 2, 6], [], [5]]
3: [[4, 0, 3, 1, 2], [], [5, 6]]
4: [[4, 0, 3, 1], [], [5, 6, 2]]
5: [[4, 0, 3], [1], [5, 6, 2]]
6: [[4, 0, 3], [1, 2], [5, 6]]
7: [[4, 0], [1, 2, 3], [5, 6]]
8: [[4], [1, 2, 3, 0], [5, 6]]
9: [[], [1, 2, 3, 0, 4], [5, 6]]
10: [[6], [1, 2, 3, 0, 4], [5]]
11: [[6, 5], [1, 2, 3, 0, 4], []]
12: [[6, 5, 4], [1, 2, 3, 0], []]
13: [[6, 5, 4], [1, 2, 3], [0]]
14: [[6, 5, 4, 3], [1, 2], [0]]
15: [[6, 5, 4, 3, 2], [1], [0]]
16: [[6, 5, 4, 3, 2, 1], [], [0]]
17: [[6, 5, 4, 3, 2, 1, 0], [], []]
--------------------------

The beam width:                  15
The length of solution:          21
The number of nodes expanded:    537
The total CPU time of heuristic: 0.003796000000061639
The total CPU time of A*:        0.2681679999999993
The type of heuristic:           NonAdimissible
-----------path-----------
1: [[6, 0, 1, 3, 2, 5, 4], [], []]
2: [[6, 0, 1, 3, 2, 5], [], [4]]
3: [[6, 0, 1, 3, 2], [5], [4]]
4: [[6, 0, 1, 3], [5, 2], [4]]
5: [[6, 0, 1], [5, 2, 3], [4]]
6: [[6, 0], [5, 2, 3], [4, 1]]
7: [[6, 0, 3], [5, 2], [4, 1]]
8: [[6, 0, 3, 2], [5], [4, 1]]
9: [[6, 0, 3, 2, 1], [5], [4]]
10: [[6, 0, 3, 2, 1], [], [4, 5]]
11: [[6, 0, 3, 2], [1], [4, 5]]
12: [[6, 0, 3], [1, 2], [4, 5]]
13: [[6, 0], [1, 2, 3], [4, 5]]
14: [[6], [1, 2, 3, 0], [4, 5]]
15: [[6, 5], [1, 2, 3, 0], [4]]
16: [[6, 5, 4], [1, 2, 3, 0], []]
17: [[6, 5, 4], [1, 2, 3], [0]]
18: [[6, 5, 4, 3], [1, 2], [0]]
19: [[6, 5, 4, 3, 2], [1], [0]]
20: [[6, 5, 4, 3, 2, 1], [], [0]]
21: [[6, 5, 4, 3, 2, 1, 0], [], []]
--------------------------

The beam width:                  15
The length of solution:          17
The number of nodes expanded:    354
The total CPU time of heuristic: 0.002397000000023297
The total CPU time of A*:        0.13840899999999579
The type of heuristic:           NonAdimissible
-----------path-----------
1: [[2, 3, 6, 5, 0, 1, 4], [], []]
2: [[2, 3, 6, 5, 0, 1], [4], []]
3: [[2, 3, 6, 5, 0], [4], [1]]
4: [[2, 3, 6, 5, 0], [], [1, 4]]
5: [[2, 3, 6, 5], [0], [1, 4]]
6: [[2, 3, 6], [0], [1, 4, 5]]
7: [[2, 3], [0], [1, 4, 5, 6]]
8: [[2], [0, 3], [1, 4, 5, 6]]
9: [[], [0, 3, 2], [1, 4, 5, 6]]
10: [[6], [0, 3, 2], [1, 4, 5]]
11: [[6, 5], [0, 3, 2], [1, 4]]
12: [[6, 5, 4], [0, 3, 2], [1]]
13: [[6, 5, 4], [0, 3], [1, 2]]
14: [[6, 5, 4, 3], [0], [1, 2]]
15: [[6, 5, 4, 3, 2], [0], [1]]
16: [[6, 5, 4, 3, 2, 1], [0], []]
17: [[6, 5, 4, 3, 2, 1, 0], [], []]
--------------------------

The beam width:                  15
The length of solution:          16
The number of nodes expanded:    189
The total CPU time of heuristic: 0.001234999999944364
The total CPU time of A*:        0.053185999999996625
The type of heuristic:           NonAdimissible
-----------path-----------
1: [[1, 6, 2, 5, 0, 4, 3], [], []]
2: [[1, 6, 2, 5, 0, 4], [], [3]]
3: [[1, 6, 2, 5, 0], [], [3, 4]]
4: [[1, 6, 2, 5], [0], [3, 4]]
5: [[1, 6, 2], [0], [3, 4, 5]]
6: [[1, 6], [0, 2], [3, 4, 5]]
7: [[1], [0, 2], [3, 4, 5, 6]]
8: [[], [0, 2, 1], [3, 4, 5, 6]]
9: [[6], [0, 2, 1], [3, 4, 5]]
10: [[6, 5], [0, 2, 1], [3, 4]]
11: [[6, 5, 4], [0, 2, 1], [3]]
12: [[6, 5, 4, 3], [0, 2, 1], []]
13: [[6, 5, 4, 3], [0, 2], [1]]
14: [[6, 5, 4, 3, 2], [0], [1]]
15: [[6, 5, 4, 3, 2, 1], [0], []]
16: [[6, 5, 4, 3, 2, 1, 0], [], []]
--------------------------

The beam width:                  15
The length of solution:          14
The number of nodes expanded:    215
The total CPU time of heuristic: 0.0015029999999782717
The total CPU time of A*:        0.06546500000000322
The type of heuristic:           NonAdimissible
-----------path-----------
1: [[6, 3, 4, 2, 1, 0, 5], [], []]
2: [[6, 3, 4, 2, 1, 0], [], [5]]
3: [[6, 3, 4, 2, 1], [0], [5]]
4: [[6, 3, 4, 2], [0, 1], [5]]
5: [[6, 3, 4], [0, 1, 2], [5]]
6: [[6, 3], [0, 1, 2, 4], [5]]
7: [[6], [0, 1, 2, 4, 3], [5]]
8: [[6, 5], [0, 1, 2, 4, 3], []]
9: [[6, 5], [0, 1, 2, 4], [3]]
10: [[6, 5, 4], [0, 1, 2], [3]]
11: [[6, 5, 4, 3], [0, 1, 2], []]
12: [[6, 5, 4, 3, 2], [0, 1], []]
13: [[6, 5, 4, 3, 2, 1], [0], []]
14: [[6, 5, 4, 3, 2, 1, 0], [], []]
--------------------------

The beam width:                  15
The length of solution:          16
The number of nodes expanded:    253
The total CPU time of heuristic: 0.0015749999999812303
The total CPU time of A*:        0.0736349999999959
The type of heuristic:           NonAdimissible
-----------path-----------
1: [[4, 0, 6, 1, 5, 3, 2], [], []]
2: [[4, 0, 6, 1, 5, 3], [], [2]]
3: [[4, 0, 6, 1, 5], [], [2, 3]]
4: [[4, 0, 6, 1], [], [2, 3, 5]]
5: [[4, 0, 6], [1], [2, 3, 5]]
6: [[4, 0], [1], [2, 3, 5, 6]]
7: [[4], [1, 0], [2, 3, 5, 6]]
8: [[], [1, 0, 4], [2, 3, 5, 6]]
9: [[6], [1, 0, 4], [2, 3, 5]]
10: [[6, 5], [1, 0, 4], [2, 3]]
11: [[6, 5, 4], [1, 0], [2, 3]]
12: [[6, 5, 4, 3], [1, 0], [2]]
13: [[6, 5, 4, 3, 2], [1, 0], []]
14: [[6, 5, 4, 3, 2], [1], [0]]
15: [[6, 5, 4, 3, 2, 1], [], [0]]
16: [[6, 5, 4, 3, 2, 1, 0], [], []]
--------------------------

The beam width:                  15
The length of solution:          17
The number of nodes expanded:    267
The total CPU time of heuristic: 0.0018410000000557147
The total CPU time of A*:        0.09157100000000185
The type of heuristic:           NonAdimissible
-----------path-----------
1: [[0, 6, 2, 3, 5, 4, 1], [], []]
2: [[0, 6, 2, 3, 5, 4], [1], []]
3: [[0, 6, 2, 3, 5], [1], [4]]
4: [[0, 6, 2, 3], [1], [4, 5]]
5: [[0, 6, 2], [1], [4, 5, 3]]
6: [[0, 6], [1, 2], [4, 5, 3]]
7: [[0, 6], [1, 2, 3], [4, 5]]
8: [[0], [1, 2, 3], [4, 5, 6]]
9: [[], [1, 2, 3, 0], [4, 5, 6]]
10: [[6], [1, 2, 3, 0], [4, 5]]
11: [[6, 5], [1, 2, 3, 0], [4]]
12: [[6, 5, 4], [1, 2, 3, 0], []]
13: [[6, 5, 4], [1, 2, 3], [0]]
14: [[6, 5, 4, 3], [1, 2], [0]]
15: [[6, 5, 4, 3, 2], [1], [0]]
16: [[6, 5, 4, 3, 2, 1], [], [0]]
17: [[6, 5, 4, 3, 2, 1, 0], [], []]
--------------------------

The beam width:                  15
The length of solution:          23
The number of nodes expanded:    636
The total CPU time of heuristic: 0.004555999999887206
The total CPU time of A*:        0.3552930000000032
The type of heuristic:           NonAdimissible
-----------path-----------
1: [[2, 3, 6, 4, 1, 5, 0], [], []]
2: [[2, 3, 6, 4, 1, 5], [], [0]]
3: [[2, 3, 6, 4, 1], [5], [0]]
4: [[2, 3, 6, 4], [5, 1], [0]]
5: [[2, 3, 6], [5, 1], [0, 4]]
6: [[2, 3], [5, 1, 6], [0, 4]]
7: [[2], [5, 1, 6], [0, 4, 3]]
8: [[2, 6], [5, 1], [0, 4, 3]]
9: [[2, 6, 3], [5, 1], [0, 4]]
10: [[2, 6, 3, 1], [5], [0, 4]]
11: [[2, 6, 3, 1], [], [0, 4, 5]]
12: [[2, 6, 3], [1], [0, 4, 5]]
13: [[2, 6], [1, 3], [0, 4, 5]]
14: [[2], [1, 3], [0, 4, 5, 6]]
15: [[], [1, 3, 2], [0, 4, 5, 6]]
16: [[6], [1, 3, 2], [0, 4, 5]]
17: [[6, 5], [1, 3, 2], [0, 4]]
18: [[6, 5, 4], [1, 3, 2], [0]]
19: [[6, 5, 4], [1, 3], [0, 2]]
20: [[6, 5, 4, 3], [1], [0, 2]]
21: [[6, 5, 4, 3, 2], [1], [0]]
22: [[6, 5, 4, 3, 2, 1], [], [0]]
23: [[6, 5, 4, 3, 2, 1, 0], [], []]
--------------------------

The beam width:                  15
The length of solution:          15
The number of nodes expanded:    122
The total CPU time of heuristic: 0.000980999999981691
The total CPU time of A*:        0.04808799999999991
The type of heuristic:           NonAdimissible
-----------path-----------
1: [[5, 4, 6, 2, 0, 3, 1], [], []]
2: [[5, 4, 6, 2, 0, 3], [], [1]]
3: [[5, 4, 6, 2, 0], [], [1, 3]]
4: [[5, 4, 6, 2], [0], [1, 3]]
5: [[5, 4, 6], [0, 2], [1, 3]]
6: [[5, 4], [0, 2, 6], [1, 3]]
7: [[5], [0, 2, 6], [1, 3, 4]]
8: [[], [0, 2, 6], [1, 3, 4, 5]]
9: [[6], [0, 2], [1, 3, 4, 5]]
10: [[6, 5], [0, 2], [1, 3, 4]]
11: [[6, 5, 4], [0, 2], [1, 3]]
12: [[6, 5, 4, 3], [0, 2], [1]]
13: [[6, 5, 4, 3, 2], [0], [1]]
14: [[6, 5, 4, 3, 2, 1], [0], []]
15: [[6, 5, 4, 3, 2, 1, 0], [], []]
--------------------------

