The beam width:                  25
The length of solution:          19
The number of nodes expanded:    452
The total CPU time of heuristic: 0.0032899999998363683
The total CPU time of A*:        0.20199000000000922
The type of heuristic:           NonAdimissible
-----------path-----------
1: [[2, 1, 0, 4, 3, 5, 6], [], []]
2: [[2, 1, 0, 4, 3, 5], [6], []]
3: [[2, 1, 0, 4, 3], [6], [5]]
4: [[2, 1, 0, 4, 3], [], [5, 6]]
5: [[2, 1, 0, 4], [], [5, 6, 3]]
6: [[2, 1, 0], [], [5, 6, 3, 4]]
7: [[2, 1], [0], [5, 6, 3, 4]]
8: [[2], [0, 1], [5, 6, 3, 4]]
9: [[], [0, 1, 2], [5, 6, 3, 4]]
10: [[4], [0, 1, 2], [5, 6, 3]]
11: [[4], [0, 1, 2, 3], [5, 6]]
12: [[], [0, 1, 2, 3, 4], [5, 6]]
13: [[6], [0, 1, 2, 3, 4], [5]]
14: [[6, 5], [0, 1, 2, 3, 4], []]
15: [[6, 5, 4], [0, 1, 2, 3], []]
16: [[6, 5, 4, 3], [0, 1, 2], []]
17: [[6, 5, 4, 3, 2], [0, 1], []]
18: [[6, 5, 4, 3, 2, 1], [0], []]
19: [[6, 5, 4, 3, 2, 1, 0], [], []]
--------------------------

The beam width:                  25
The length of solution:          21
The number of nodes expanded:    760
The total CPU time of heuristic: 0.005571999999588684
The total CPU time of A*:        0.444264000000004
The type of heuristic:           NonAdimissible
-----------path-----------
1: [[1, 2, 5, 6, 3, 0, 4], [], []]
2: [[1, 2, 5, 6, 3, 0], [], [4]]
3: [[1, 2, 5, 6, 3], [0], [4]]
4: [[1, 2, 5, 6], [0, 3], [4]]
5: [[1, 2, 5, 6], [0, 3, 4], []]
6: [[1, 2, 5], [0, 3, 4], [6]]
7: [[1, 2], [0, 3, 4, 5], [6]]
8: [[1], [0, 3, 4, 5, 2], [6]]
9: [[], [0, 3, 4, 5, 2], [6, 1]]
10: [[2], [0, 3, 4, 5], [6, 1]]
11: [[2, 1], [0, 3, 4, 5], [6]]
12: [[2, 1], [0, 3, 4, 5, 6], []]
13: [[2], [0, 3, 4, 5, 6], [1]]
14: [[], [0, 3, 4, 5, 6], [1, 2]]
15: [[6], [0, 3, 4, 5], [1, 2]]
16: [[6, 5], [0, 3, 4], [1, 2]]
17: [[6, 5, 4], [0, 3], [1, 2]]
18: [[6, 5, 4, 3], [0], [1, 2]]
19: [[6, 5, 4, 3, 2], [0], [1]]
20: [[6, 5, 4, 3, 2, 1], [0], []]
21: [[6, 5, 4, 3, 2, 1, 0], [], []]
--------------------------

The beam width:                  25
The length of solution:          16
The number of nodes expanded:    366
The total CPU time of heuristic: 0.0027159999998360718
The total CPU time of A*:        0.15303799999999512
The type of heuristic:           NonAdimissible
-----------path-----------
1: [[5, 6, 0, 3, 4, 2, 1], [], []]
2: [[5, 6, 0, 3, 4, 2], [1], []]
3: [[5, 6, 0, 3, 4], [1, 2], []]
4: [[5, 6, 0, 3], [1, 2, 4], []]
5: [[5, 6, 0], [1, 2, 4, 3], []]
6: [[5, 6], [1, 2, 4, 3], [0]]
7: [[5, 6], [1, 2, 4], [0, 3]]
8: [[5], [1, 2, 4], [0, 3, 6]]
9: [[], [1, 2, 4, 5], [0, 3, 6]]
10: [[6], [1, 2, 4, 5], [0, 3]]
11: [[6, 5], [1, 2, 4], [0, 3]]
12: [[6, 5, 4], [1, 2], [0, 3]]
13: [[6, 5, 4, 3], [1, 2], [0]]
14: [[6, 5, 4, 3, 2], [1], [0]]
15: [[6, 5, 4, 3, 2, 1], [], [0]]
16: [[6, 5, 4, 3, 2, 1, 0], [], []]
--------------------------

The beam width:                  25
The length of solution:          16
The number of nodes expanded:    342
The total CPU time of heuristic: 0.0023780000003341684
The total CPU time of A*:        0.1283109999999965
The type of heuristic:           NonAdimissible
-----------path-----------
1: [[2, 4, 6, 3, 1, 5, 0], [], []]
2: [[2, 4, 6, 3, 1, 5], [], [0]]
3: [[2, 4, 6, 3, 1], [], [0, 5]]
4: [[2, 4, 6, 3], [1], [0, 5]]
5: [[2, 4, 6], [1, 3], [0, 5]]
6: [[2, 4], [1, 3], [0, 5, 6]]
7: [[2], [1, 3, 4], [0, 5, 6]]
8: [[], [1, 3, 4, 2], [0, 5, 6]]
9: [[6], [1, 3, 4, 2], [0, 5]]
10: [[6, 5], [1, 3, 4, 2], [0]]
11: [[6, 5], [1, 3, 4], [0, 2]]
12: [[6, 5, 4], [1, 3], [0, 2]]
13: [[6, 5, 4, 3], [1], [0, 2]]
14: [[6, 5, 4, 3, 2], [1], [0]]
15: [[6, 5, 4, 3, 2, 1], [], [0]]
16: [[6, 5, 4, 3, 2, 1, 0], [], []]
--------------------------

The beam width:                  25
The length of solution:          16
The number of nodes expanded:    274
The total CPU time of heuristic: 0.001997000000031335
The total CPU time of A*:        0.1112240000000071
The type of heuristic:           NonAdimissible
-----------path-----------
1: [[4, 6, 2, 3, 0, 5, 1], [], []]
2: [[4, 6, 2, 3, 0, 5], [1], []]
3: [[4, 6, 2, 3, 0], [1, 5], []]
4: [[4, 6, 2, 3], [1, 5], [0]]
5: [[4, 6, 2], [1, 5], [0, 3]]
6: [[4, 6, 2], [1], [0, 3, 5]]
7: [[4, 6], [1, 2], [0, 3, 5]]
8: [[4], [1, 2], [0, 3, 5, 6]]
9: [[], [1, 2, 4], [0, 3, 5, 6]]
10: [[6], [1, 2, 4], [0, 3, 5]]
11: [[6, 5], [1, 2, 4], [0, 3]]
12: [[6, 5, 4], [1, 2], [0, 3]]
13: [[6, 5, 4, 3], [1, 2], [0]]
14: [[6, 5, 4, 3, 2], [1], [0]]
15: [[6, 5, 4, 3, 2, 1], [], [0]]
16: [[6, 5, 4, 3, 2, 1, 0], [], []]
--------------------------

The beam width:                  25
The length of solution:          17
The number of nodes expanded:    293
The total CPU time of heuristic: 0.0020439999999837255
The total CPU time of A*:        0.1061069999999944
The type of heuristic:           NonAdimissible
-----------path-----------
1: [[5, 2, 1, 3, 4, 0, 6], [], []]
2: [[5, 2, 1, 3, 4, 0], [6], []]
3: [[5, 2, 1, 3, 4], [6], [0]]
4: [[5, 2, 1, 3], [6], [0, 4]]
5: [[5, 2, 1, 3], [], [0, 4, 6]]
6: [[5, 2, 1], [], [0, 4, 6, 3]]
7: [[5, 2], [1], [0, 4, 6, 3]]
8: [[5], [1, 2], [0, 4, 6, 3]]
9: [[5], [1, 2, 3], [0, 4, 6]]
10: [[], [1, 2, 3, 5], [0, 4, 6]]
11: [[6], [1, 2, 3, 5], [0, 4]]
12: [[6, 5], [1, 2, 3], [0, 4]]
13: [[6, 5, 4], [1, 2, 3], [0]]
14: [[6, 5, 4, 3], [1, 2], [0]]
15: [[6, 5, 4, 3, 2], [1], [0]]
16: [[6, 5, 4, 3, 2, 1], [], [0]]
17: [[6, 5, 4, 3, 2, 1, 0], [], []]
--------------------------

The beam width:                  25
The length of solution:          20
The number of nodes expanded:    639
The total CPU time of heuristic: 0.004555999999908522
The total CPU time of A*:        0.33823699999999235
The type of heuristic:           NonAdimissible
-----------path-----------
1: [[3, 1, 0, 5, 2, 4, 6], [], []]
2: [[3, 1, 0, 5, 2, 4], [6], []]
3: [[3, 1, 0, 5, 2], [6], [4]]
4: [[3, 1, 0, 5, 2], [], [4, 6]]
5: [[3, 1, 0, 5], [], [4, 6, 2]]
6: [[3, 1, 0], [], [4, 6, 2, 5]]
7: [[3, 1], [0], [4, 6, 2, 5]]
8: [[3], [0, 1], [4, 6, 2, 5]]
9: [[], [0, 1, 3], [4, 6, 2, 5]]
10: [[5], [0, 1, 3], [4, 6, 2]]
11: [[5], [0, 1, 3, 2], [4, 6]]
12: [[], [0, 1, 3, 2, 5], [4, 6]]
13: [[6], [0, 1, 3, 2, 5], [4]]
14: [[6, 5], [0, 1, 3, 2], [4]]
15: [[6, 5, 4], [0, 1, 3, 2], []]
16: [[6, 5, 4], [0, 1, 3], [2]]
17: [[6, 5, 4, 3], [0, 1], [2]]
18: [[6, 5, 4, 3, 2], [0, 1], []]
19: [[6, 5, 4, 3, 2, 1], [0], []]
20: [[6, 5, 4, 3, 2, 1, 0], [], []]
--------------------------

The beam width:                  25
The length of solution:          19
The number of nodes expanded:    563
The total CPU time of heuristic: 0.004149000000012393
The total CPU time of A*:        0.28706900000001667
The type of heuristic:           NonAdimissible
-----------path-----------
1: [[4, 1, 0, 6, 2, 3, 5], [], []]
2: [[4, 1, 0, 6, 2, 3], [5], []]
3: [[4, 1, 0, 6, 2], [5], [3]]
4: [[4, 1, 0, 6, 2], [], [3, 5]]
5: [[4, 1, 0, 6], [2], [3, 5]]
6: [[4, 1, 0], [2], [3, 5, 6]]
7: [[4, 1], [2, 0], [3, 5, 6]]
8: [[4], [2, 0, 1], [3, 5, 6]]
9: [[], [2, 0, 1, 4], [3, 5, 6]]
10: [[6], [2, 0, 1, 4], [3, 5]]
11: [[6, 5], [2, 0, 1, 4], [3]]
12: [[6, 5, 4], [2, 0, 1], [3]]
13: [[6, 5, 4, 3], [2, 0, 1], []]
14: [[6, 5, 4, 3, 1], [2, 0], []]
15: [[6, 5, 4, 3, 1], [2], [0]]
16: [[6, 5, 4, 3], [2], [0, 1]]
17: [[6, 5, 4, 3, 2], [], [0, 1]]
18: [[6, 5, 4, 3, 2, 1], [], [0]]
19: [[6, 5, 4, 3, 2, 1, 0], [], []]
--------------------------

The beam width:                  25
The length of solution:          19
The number of nodes expanded:    498
The total CPU time of heuristic: 0.003517999999985477
The total CPU time of A*:        0.23465399999999192
The type of heuristic:           NonAdimissible
-----------path-----------
1: [[0, 3, 5, 4, 2, 1, 6], [], []]
2: [[0, 3, 5, 4, 2, 1], [6], []]
3: [[0, 3, 5, 4, 2], [6], [1]]
4: [[0, 3, 5, 4], [6], [1, 2]]
5: [[0, 3, 5], [6], [1, 2, 4]]
6: [[0, 3], [6], [1, 2, 4, 5]]
7: [[0, 3], [], [1, 2, 4, 5, 6]]
8: [[0], [3], [1, 2, 4, 5, 6]]
9: [[], [3, 0], [1, 2, 4, 5, 6]]
10: [[6], [3, 0], [1, 2, 4, 5]]
11: [[6, 5], [3, 0], [1, 2, 4]]
12: [[6, 5, 4], [3, 0], [1, 2]]
13: [[6, 5, 4, 0], [3], [1, 2]]
14: [[6, 5, 4, 0], [], [1, 2, 3]]
15: [[6, 5, 4], [0], [1, 2, 3]]
16: [[6, 5, 4, 3], [0], [1, 2]]
17: [[6, 5, 4, 3, 2], [0], [1]]
18: [[6, 5, 4, 3, 2, 1], [0], []]
19: [[6, 5, 4, 3, 2, 1, 0], [], []]
--------------------------

The beam width:                  25
The length of solution:          17
The number of nodes expanded:    303
The total CPU time of heuristic: 0.002081999999845152
The total CPU time of A*:        0.10454799999997988
The type of heuristic:           NonAdimissible
-----------path-----------
1: [[1, 3, 0, 6, 4, 2, 5], [], []]
2: [[1, 3, 0, 6, 4, 2], [], [5]]
3: [[1, 3, 0, 6, 4], [2], [5]]
4: [[1, 3, 0, 6], [2, 4], [5]]
5: [[1, 3, 0, 6], [2, 4, 5], []]
6: [[1, 3, 0], [2, 4, 5, 6], []]
7: [[1, 3], [2, 4, 5, 6], [0]]
8: [[1], [2, 4, 5, 6, 3], [0]]
9: [[], [2, 4, 5, 6, 3], [0, 1]]
10: [[], [2, 4, 5, 6], [0, 1, 3]]
11: [[6], [2, 4, 5], [0, 1, 3]]
12: [[6, 5], [2, 4], [0, 1, 3]]
13: [[6, 5, 4], [2], [0, 1, 3]]
14: [[6, 5, 4, 3], [2], [0, 1]]
15: [[6, 5, 4, 3, 2], [], [0, 1]]
16: [[6, 5, 4, 3, 2, 1], [], [0]]
17: [[6, 5, 4, 3, 2, 1, 0], [], []]
--------------------------

The beam width:                  25
The length of solution:          17
The number of nodes expanded:    304
The total CPU time of heuristic: 0.002167999999841186
The total CPU time of A*:        0.10950800000000527
The type of heuristic:           NonAdimissible
-----------path-----------
1: [[3, 2, 0, 6, 1, 5, 4], [], []]
2: [[3, 2, 0, 6, 1, 5], [4], []]
3: [[3, 2, 0, 6, 1], [4, 5], []]
4: [[3, 2, 0, 6], [4, 5, 1], []]
5: [[3, 2, 0], [4, 5, 1, 6], []]
6: [[3, 2], [4, 5, 1, 6], [0]]
7: [[3], [4, 5, 1, 6], [0, 2]]
8: [[], [4, 5, 1, 6], [0, 2, 3]]
9: [[6], [4, 5, 1], [0, 2, 3]]
10: [[6], [4, 5], [0, 2, 3, 1]]
11: [[6, 5], [4], [0, 2, 3, 1]]
12: [[6, 5, 4], [], [0, 2, 3, 1]]
13: [[6, 5, 4], [1], [0, 2, 3]]
14: [[6, 5, 4, 3], [1], [0, 2]]
15: [[6, 5, 4, 3, 2], [1], [0]]
16: [[6, 5, 4, 3, 2, 1], [], [0]]
17: [[6, 5, 4, 3, 2, 1, 0], [], []]
--------------------------

The beam width:                  25
The length of solution:          17
The number of nodes expanded:    324
The total CPU time of heuristic: 0.0023000000001474064
The total CPU time of A*:        0.1132949999999937
The type of heuristic:           NonAdimissible
-----------path-----------
1: [[4, 0, 3, 1, 2, 6, 5], [], []]
2: [[4, 0, 3, 1, 2, 6], [], [5]]
3: [[4, 0, 3, 1, 2], [], [5, 6]]
4: [[4, 0, 3, 1], [], [5, 6, 2]]
5: [[4, 0, 3], [1], [5, 6, 2]]
6: [[4, 0, 3], [1, 2], [5, 6]]
7: [[4, 0], [1, 2, 3], [5, 6]]
8: [[4], [1, 2, 3, 0], [5, 6]]
9: [[], [1, 2, 3, 0, 4], [5, 6]]
10: [[6], [1, 2, 3, 0, 4], [5]]
11: [[6, 5], [1, 2, 3, 0, 4], []]
12: [[6, 5, 4], [1, 2, 3, 0], []]
13: [[6, 5, 4], [1, 2, 3], [0]]
14: [[6, 5, 4, 3], [1, 2], [0]]
15: [[6, 5, 4, 3, 2], [1], [0]]
16: [[6, 5, 4, 3, 2, 1], [], [0]]
17: [[6, 5, 4, 3, 2, 1, 0], [], []]
--------------------------

The beam width:                  25
The length of solution:          20
The number of nodes expanded:    763
The total CPU time of heuristic: 0.0060499999998882
The total CPU time of A*:        0.44233299999999076
The type of heuristic:           NonAdimissible
-----------path-----------
1: [[6, 0, 1, 3, 2, 5, 4], [], []]
2: [[6, 0, 1, 3, 2, 5], [4], []]
3: [[6, 0, 1, 3, 2], [4], [5]]
4: [[6, 0, 1, 3, 2], [], [5, 4]]
5: [[6, 0, 1, 3], [2], [5, 4]]
6: [[6, 0, 1], [2, 3], [5, 4]]
7: [[6, 0, 1], [2, 3, 4], [5]]
8: [[6, 0], [2, 3, 4, 1], [5]]
9: [[6], [2, 3, 4, 1], [5, 0]]
10: [[6, 1], [2, 3, 4], [5, 0]]
11: [[6, 1, 0], [2, 3, 4], [5]]
12: [[6, 1, 0], [2, 3, 4, 5], []]
13: [[6, 1], [2, 3, 4, 5], [0]]
14: [[6], [2, 3, 4, 5], [0, 1]]
15: [[6, 5], [2, 3, 4], [0, 1]]
16: [[6, 5, 4], [2, 3], [0, 1]]
17: [[6, 5, 4, 3], [2], [0, 1]]
18: [[6, 5, 4, 3, 2], [], [0, 1]]
19: [[6, 5, 4, 3, 2, 1], [], [0]]
20: [[6, 5, 4, 3, 2, 1, 0], [], []]
--------------------------

The beam width:                  25
The length of solution:          17
The number of nodes expanded:    388
The total CPU time of heuristic: 0.0027269999998793537
The total CPU time of A*:        0.16221800000000997
The type of heuristic:           NonAdimissible
-----------path-----------
1: [[2, 3, 6, 5, 0, 1, 4], [], []]
2: [[2, 3, 6, 5, 0, 1], [], [4]]
3: [[2, 3, 6, 5, 0], [], [4, 1]]
4: [[2, 3, 6, 5], [0], [4, 1]]
5: [[2, 3, 6, 5], [0, 1], [4]]
6: [[2, 3, 6], [0, 1], [4, 5]]
7: [[2, 3], [0, 1], [4, 5, 6]]
8: [[2], [0, 1, 3], [4, 5, 6]]
9: [[], [0, 1, 3, 2], [4, 5, 6]]
10: [[6], [0, 1, 3, 2], [4, 5]]
11: [[6, 5], [0, 1, 3, 2], [4]]
12: [[6, 5, 4], [0, 1, 3, 2], []]
13: [[6, 5, 4], [0, 1, 3], [2]]
14: [[6, 5, 4, 3], [0, 1], [2]]
15: [[6, 5, 4, 3, 2], [0, 1], []]
16: [[6, 5, 4, 3, 2, 1], [0], []]
17: [[6, 5, 4, 3, 2, 1, 0], [], []]
--------------------------

The beam width:                  25
The length of solution:          16
The number of nodes expanded:    262
The total CPU time of heuristic: 0.0025460000001800154
The total CPU time of A*:        0.12221499999999708
The type of heuristic:           NonAdimissible
-----------path-----------
1: [[1, 6, 2, 5, 0, 4, 3], [], []]
2: [[1, 6, 2, 5, 0, 4], [], [3]]
3: [[1, 6, 2, 5, 0], [], [3, 4]]
4: [[1, 6, 2, 5], [0], [3, 4]]
5: [[1, 6, 2], [0], [3, 4, 5]]
6: [[1, 6], [0, 2], [3, 4, 5]]
7: [[1], [0, 2], [3, 4, 5, 6]]
8: [[], [0, 2, 1], [3, 4, 5, 6]]
9: [[6], [0, 2, 1], [3, 4, 5]]
10: [[6, 5], [0, 2, 1], [3, 4]]
11: [[6, 5, 4], [0, 2, 1], [3]]
12: [[6, 5, 4, 3], [0, 2, 1], []]
13: [[6, 5, 4, 3], [0, 2], [1]]
14: [[6, 5, 4, 3, 2], [0], [1]]
15: [[6, 5, 4, 3, 2, 1], [0], []]
16: [[6, 5, 4, 3, 2, 1, 0], [], []]
--------------------------

The beam width:                  25
The length of solution:          14
The number of nodes expanded:    244
The total CPU time of heuristic: 0.001833000000047491
The total CPU time of A*:        0.08537100000000919
The type of heuristic:           NonAdimissible
-----------path-----------
1: [[6, 3, 4, 2, 1, 0, 5], [], []]
2: [[6, 3, 4, 2, 1, 0], [5], []]
3: [[6, 3, 4, 2, 1], [5], [0]]
4: [[6, 3, 4, 2], [5], [0, 1]]
5: [[6, 3, 4], [5], [0, 1, 2]]
6: [[6, 3], [5, 4], [0, 1, 2]]
7: [[6], [5, 4], [0, 1, 2, 3]]
8: [[6], [5], [0, 1, 2, 3, 4]]
9: [[6, 5], [], [0, 1, 2, 3, 4]]
10: [[6, 5, 4], [], [0, 1, 2, 3]]
11: [[6, 5, 4, 3], [], [0, 1, 2]]
12: [[6, 5, 4, 3, 2], [], [0, 1]]
13: [[6, 5, 4, 3, 2, 1], [], [0]]
14: [[6, 5, 4, 3, 2, 1, 0], [], []]
--------------------------

The beam width:                  25
The length of solution:          16
The number of nodes expanded:    365
The total CPU time of heuristic: 0.0025759999997063687
The total CPU time of A*:        0.13194499999998754
The type of heuristic:           NonAdimissible
-----------path-----------
1: [[4, 0, 6, 1, 5, 3, 2], [], []]
2: [[4, 0, 6, 1, 5, 3], [], [2]]
3: [[4, 0, 6, 1, 5], [], [2, 3]]
4: [[4, 0, 6, 1], [], [2, 3, 5]]
5: [[4, 0, 6], [1], [2, 3, 5]]
6: [[4, 0], [1], [2, 3, 5, 6]]
7: [[4], [1, 0], [2, 3, 5, 6]]
8: [[], [1, 0, 4], [2, 3, 5, 6]]
9: [[6], [1, 0, 4], [2, 3, 5]]
10: [[6, 5], [1, 0, 4], [2, 3]]
11: [[6, 5, 4], [1, 0], [2, 3]]
12: [[6, 5, 4, 3], [1, 0], [2]]
13: [[6, 5, 4, 3, 2], [1, 0], []]
14: [[6, 5, 4, 3, 2], [1], [0]]
15: [[6, 5, 4, 3, 2, 1], [], [0]]
16: [[6, 5, 4, 3, 2, 1, 0], [], []]
--------------------------

The beam width:                  25
The length of solution:          17
The number of nodes expanded:    371
The total CPU time of heuristic: 0.0027120000000451228
The total CPU time of A*:        0.14695099999998718
The type of heuristic:           NonAdimissible
-----------path-----------
1: [[0, 6, 2, 3, 5, 4, 1], [], []]
2: [[0, 6, 2, 3, 5, 4], [1], []]
3: [[0, 6, 2, 3, 5], [1], [4]]
4: [[0, 6, 2, 3], [1], [4, 5]]
5: [[0, 6, 2], [1], [4, 5, 3]]
6: [[0, 6], [1, 2], [4, 5, 3]]
7: [[0, 6], [1, 2, 3], [4, 5]]
8: [[0], [1, 2, 3], [4, 5, 6]]
9: [[], [1, 2, 3, 0], [4, 5, 6]]
10: [[6], [1, 2, 3, 0], [4, 5]]
11: [[6, 5], [1, 2, 3, 0], [4]]
12: [[6, 5, 4], [1, 2, 3, 0], []]
13: [[6, 5, 4], [1, 2, 3], [0]]
14: [[6, 5, 4, 3], [1, 2], [0]]
15: [[6, 5, 4, 3, 2], [1], [0]]
16: [[6, 5, 4, 3, 2, 1], [], [0]]
17: [[6, 5, 4, 3, 2, 1, 0], [], []]
--------------------------

The beam width:                  25
The length of solution:          17
The number of nodes expanded:    419
The total CPU time of heuristic: 0.0029070000000217533
The total CPU time of A*:        0.1677010000000081
The type of heuristic:           NonAdimissible
-----------path-----------
1: [[2, 3, 6, 4, 1, 5, 0], [], []]
2: [[2, 3, 6, 4, 1, 5], [], [0]]
3: [[2, 3, 6, 4, 1], [5], [0]]
4: [[2, 3, 6, 4], [5], [0, 1]]
5: [[2, 3, 6], [5], [0, 1, 4]]
6: [[2, 3, 6], [], [0, 1, 4, 5]]
7: [[2, 3], [], [0, 1, 4, 5, 6]]
8: [[2], [3], [0, 1, 4, 5, 6]]
9: [[], [3, 2], [0, 1, 4, 5, 6]]
10: [[6], [3, 2], [0, 1, 4, 5]]
11: [[6, 5], [3, 2], [0, 1, 4]]
12: [[6, 5, 4], [3, 2], [0, 1]]
13: [[6, 5, 4], [3], [0, 1, 2]]
14: [[6, 5, 4, 3], [], [0, 1, 2]]
15: [[6, 5, 4, 3, 2], [], [0, 1]]
16: [[6, 5, 4, 3, 2, 1], [], [0]]
17: [[6, 5, 4, 3, 2, 1, 0], [], []]
--------------------------

The beam width:                  25
The length of solution:          15
The number of nodes expanded:    122
The total CPU time of heuristic: 0.0008299999998797603
The total CPU time of A*:        0.04275999999998703
The type of heuristic:           NonAdimissible
-----------path-----------
1: [[5, 4, 6, 2, 0, 3, 1], [], []]
2: [[5, 4, 6, 2, 0, 3], [1], []]
3: [[5, 4, 6, 2, 0], [1, 3], []]
4: [[5, 4, 6, 2], [1, 3], [0]]
5: [[5, 4, 6], [1, 3], [0, 2]]
6: [[5, 4], [1, 3, 6], [0, 2]]
7: [[5], [1, 3, 6], [0, 2, 4]]
8: [[], [1, 3, 6], [0, 2, 4, 5]]
9: [[6], [1, 3], [0, 2, 4, 5]]
10: [[6, 5], [1, 3], [0, 2, 4]]
11: [[6, 5, 4], [1, 3], [0, 2]]
12: [[6, 5, 4, 3], [1], [0, 2]]
13: [[6, 5, 4, 3, 2], [1], [0]]
14: [[6, 5, 4, 3, 2, 1], [], [0]]
15: [[6, 5, 4, 3, 2, 1, 0], [], []]
--------------------------

