The beam width:                  20
The length of solution:          26
The number of nodes expanded:    961
The total CPU time of heuristic: 0.00682400000012251
The total CPU time of A*:        0.6652520000000024
The type of heuristic:           NonAdimissible
-----------path-----------
1: [[1, 3, 0, 6, 5, 2, 4, 7], [], []]
2: [[1, 3, 0, 6, 5, 2, 4], [7], []]
3: [[1, 3, 0, 6, 5, 2], [7, 4], []]
4: [[1, 3, 0, 6, 5], [7, 4], [2]]
5: [[1, 3, 0, 6, 5], [7], [2, 4]]
6: [[1, 3, 0, 6], [7], [2, 4, 5]]
7: [[1, 3, 0], [7], [2, 4, 5, 6]]
8: [[1, 3], [7, 0], [2, 4, 5, 6]]
9: [[1], [7, 0, 3], [2, 4, 5, 6]]
10: [[], [7, 0, 3], [2, 4, 5, 6, 1]]
11: [[3], [7, 0], [2, 4, 5, 6, 1]]
12: [[3, 0], [7], [2, 4, 5, 6, 1]]
13: [[3, 0, 1], [7], [2, 4, 5, 6]]
14: [[3, 0, 1], [], [2, 4, 5, 6, 7]]
15: [[3, 0], [1], [2, 4, 5, 6, 7]]
16: [[3], [1, 0], [2, 4, 5, 6, 7]]
17: [[], [1, 0, 3], [2, 4, 5, 6, 7]]
18: [[7], [1, 0, 3], [2, 4, 5, 6]]
19: [[7, 6], [1, 0, 3], [2, 4, 5]]
20: [[7, 6, 5], [1, 0, 3], [2, 4]]
21: [[7, 6, 5, 4], [1, 0, 3], [2]]
22: [[7, 6, 5, 4, 3], [1, 0], [2]]
23: [[7, 6, 5, 4, 3, 2], [1, 0], []]
24: [[7, 6, 5, 4, 3, 2], [1], [0]]
25: [[7, 6, 5, 4, 3, 2, 1], [], [0]]
26: [[7, 6, 5, 4, 3, 2, 1, 0], [], []]
--------------------------

The beam width:                  20
The length of solution:          18
The number of nodes expanded:    246
The total CPU time of heuristic: 0.001598000000058164
The total CPU time of A*:        0.08654199999999435
The type of heuristic:           NonAdimissible
-----------path-----------
1: [[5, 4, 6, 1, 7, 0, 3, 2], [], []]
2: [[5, 4, 6, 1, 7, 0, 3], [2], []]
3: [[5, 4, 6, 1, 7, 0], [2, 3], []]
4: [[5, 4, 6, 1, 7], [2, 3], [0]]
5: [[5, 4, 6, 1], [2, 3, 7], [0]]
6: [[5, 4, 6], [2, 3, 7], [0, 1]]
7: [[5, 4], [2, 3, 7, 6], [0, 1]]
8: [[5], [2, 3, 7, 6], [0, 1, 4]]
9: [[], [2, 3, 7, 6], [0, 1, 4, 5]]
10: [[], [2, 3, 7], [0, 1, 4, 5, 6]]
11: [[7], [2, 3], [0, 1, 4, 5, 6]]
12: [[7, 6], [2, 3], [0, 1, 4, 5]]
13: [[7, 6, 5], [2, 3], [0, 1, 4]]
14: [[7, 6, 5, 4], [2, 3], [0, 1]]
15: [[7, 6, 5, 4, 3], [2], [0, 1]]
16: [[7, 6, 5, 4, 3, 2], [], [0, 1]]
17: [[7, 6, 5, 4, 3, 2, 1], [], [0]]
18: [[7, 6, 5, 4, 3, 2, 1, 0], [], []]
--------------------------

The beam width:                  20
The length of solution:          23
The number of nodes expanded:    1002
The total CPU time of heuristic: 0.007114000000100873
The total CPU time of A*:        0.7462529999999958
The type of heuristic:           NonAdimissible
-----------path-----------
1: [[0, 5, 3, 4, 2, 1, 6, 7], [], []]
2: [[0, 5, 3, 4, 2, 1, 6], [], [7]]
3: [[0, 5, 3, 4, 2, 1], [6], [7]]
4: [[0, 5, 3, 4, 2, 1], [6, 7], []]
5: [[0, 5, 3, 4, 2], [6, 7], [1]]
6: [[0, 5, 3, 4], [6, 7], [1, 2]]
7: [[0, 5, 3], [6, 7, 4], [1, 2]]
8: [[0, 5], [6, 7, 4], [1, 2, 3]]
9: [[0], [6, 7, 4], [1, 2, 3, 5]]
10: [[], [6, 7, 4], [1, 2, 3, 5, 0]]
11: [[4], [6, 7], [1, 2, 3, 5, 0]]
12: [[4, 0], [6, 7], [1, 2, 3, 5]]
13: [[4, 0], [6], [1, 2, 3, 5, 7]]
14: [[4], [6, 0], [1, 2, 3, 5, 7]]
15: [[], [6, 0, 4], [1, 2, 3, 5, 7]]
16: [[7], [6, 0, 4], [1, 2, 3, 5]]
17: [[7, 4], [6, 0], [1, 2, 3, 5]]
18: [[7, 4, 0], [6], [1, 2, 3, 5]]
19: [[7, 4, 0], [], [1, 2, 3, 5, 6]]
20: [[7, 4], [0], [1, 2, 3, 5, 6]]
21: [[7], [0, 4], [1, 2, 3, 5, 6]]
22: [[7, 6], [0, 4], [1, 2, 3, 5]]
23: [[7, 6, 5], [0, 4], [1, 2, 3]]
--------------------------

The beam width:                  20
The length of solution:          19
The number of nodes expanded:    387
The total CPU time of heuristic: 0.0027009999999663137
The total CPU time of A*:        0.15467100000000045
The type of heuristic:           NonAdimissible
-----------path-----------
1: [[2, 4, 3, 5, 7, 6, 0, 1], [], []]
2: [[2, 4, 3, 5, 7, 6, 0], [1], []]
3: [[2, 4, 3, 5, 7, 6], [1], [0]]
4: [[2, 4, 3, 5, 7], [1], [0, 6]]
5: [[2, 4, 3, 5], [1], [0, 6, 7]]
6: [[2, 4, 3], [1], [0, 6, 7, 5]]
7: [[2, 4], [1, 3], [0, 6, 7, 5]]
8: [[2], [1, 3, 4], [0, 6, 7, 5]]
9: [[2], [1, 3, 4, 5], [0, 6, 7]]
10: [[], [1, 3, 4, 5, 2], [0, 6, 7]]
11: [[7], [1, 3, 4, 5, 2], [0, 6]]
12: [[7, 6], [1, 3, 4, 5, 2], [0]]
13: [[7, 6], [1, 3, 4, 5], [0, 2]]
14: [[7, 6, 5], [1, 3, 4], [0, 2]]
15: [[7, 6, 5, 4], [1, 3], [0, 2]]
16: [[7, 6, 5, 4, 3], [1], [0, 2]]
17: [[7, 6, 5, 4, 3, 2], [1], [0]]
18: [[7, 6, 5, 4, 3, 2, 1], [], [0]]
19: [[7, 6, 5, 4, 3, 2, 1, 0], [], []]
--------------------------

The beam width:                  20
The length of solution:          18
The number of nodes expanded:    253
The total CPU time of heuristic: 0.0016069999999785978
The total CPU time of A*:        0.08246199999999959
The type of heuristic:           NonAdimissible
-----------path-----------
1: [[5, 4, 2, 6, 3, 7, 1, 0], [], []]
2: [[5, 4, 2, 6, 3, 7, 1], [], [0]]
3: [[5, 4, 2, 6, 3, 7], [1], [0]]
4: [[5, 4, 2, 6, 3], [1, 7], [0]]
5: [[5, 4, 2, 6], [1, 7], [0, 3]]
6: [[5, 4, 2], [1, 7], [0, 3, 6]]
7: [[5, 4, 2], [1], [0, 3, 6, 7]]
8: [[5, 4], [1, 2], [0, 3, 6, 7]]
9: [[5], [1, 2, 4], [0, 3, 6, 7]]
10: [[], [1, 2, 4, 5], [0, 3, 6, 7]]
11: [[7], [1, 2, 4, 5], [0, 3, 6]]
12: [[7, 6], [1, 2, 4, 5], [0, 3]]
13: [[7, 6, 5], [1, 2, 4], [0, 3]]
14: [[7, 6, 5, 4], [1, 2], [0, 3]]
15: [[7, 6, 5, 4, 3], [1, 2], [0]]
16: [[7, 6, 5, 4, 3, 2], [1], [0]]
17: [[7, 6, 5, 4, 3, 2, 1], [], [0]]
18: [[7, 6, 5, 4, 3, 2, 1, 0], [], []]
--------------------------

The beam width:                  20
The length of solution:          28
The number of nodes expanded:    948
The total CPU time of heuristic: 0.00688599999997308
The total CPU time of A*:        0.6660110000000046
The type of heuristic:           NonAdimissible
-----------path-----------
1: [[1, 4, 0, 3, 7, 2, 6, 5], [], []]
2: [[1, 4, 0, 3, 7, 2, 6], [5], []]
3: [[1, 4, 0, 3, 7, 2], [5, 6], []]
4: [[1, 4, 0, 3, 7], [5, 6, 2], []]
5: [[1, 4, 0, 3], [5, 6, 2], [7]]
6: [[1, 4, 0], [5, 6, 2, 3], [7]]
7: [[1, 4], [5, 6, 2, 3], [7, 0]]
8: [[1], [5, 6, 2, 3, 4], [7, 0]]
9: [[], [5, 6, 2, 3, 4], [7, 0, 1]]
10: [[4], [5, 6, 2, 3], [7, 0, 1]]
11: [[4, 3], [5, 6, 2], [7, 0, 1]]
12: [[4, 3, 2], [5, 6], [7, 0, 1]]
13: [[4, 3, 2, 1], [5, 6], [7, 0]]
14: [[4, 3, 2, 1, 0], [5, 6], [7]]
15: [[4, 3, 2, 1, 0], [5, 6, 7], []]
16: [[4, 3, 2, 1], [5, 6, 7], [0]]
17: [[4, 3, 2], [5, 6, 7], [0, 1]]
18: [[4, 3], [5, 6, 7], [0, 1, 2]]
19: [[4], [5, 6, 7], [0, 1, 2, 3]]
20: [[], [5, 6, 7], [0, 1, 2, 3, 4]]
21: [[7], [5, 6], [0, 1, 2, 3, 4]]
22: [[7, 6], [5], [0, 1, 2, 3, 4]]
23: [[7, 6, 5], [], [0, 1, 2, 3, 4]]
24: [[7, 6, 5, 4], [], [0, 1, 2, 3]]
25: [[7, 6, 5, 4, 3], [], [0, 1, 2]]
26: [[7, 6, 5, 4, 3, 2], [], [0, 1]]
27: [[7, 6, 5, 4, 3, 2, 1], [], [0]]
28: [[7, 6, 5, 4, 3, 2, 1, 0], [], []]
--------------------------

The beam width:                  20
The length of solution:          27
The number of nodes expanded:    933
The total CPU time of heuristic: 0.006375999999974624
The total CPU time of A*:        0.6026419999999959
The type of heuristic:           NonAdimissible
-----------path-----------
1: [[1, 3, 0, 6, 2, 7, 4, 5], [], []]
2: [[1, 3, 0, 6, 2, 7, 4], [5], []]
3: [[1, 3, 0, 6, 2, 7], [5], [4]]
4: [[1, 3, 0, 6, 2, 7], [], [4, 5]]
5: [[1, 3, 0, 6, 2], [7], [4, 5]]
6: [[1, 3, 0, 6], [7, 2], [4, 5]]
7: [[1, 3, 0], [7, 2], [4, 5, 6]]
8: [[1, 3], [7, 2], [4, 5, 6, 0]]
9: [[1], [7, 2, 3], [4, 5, 6, 0]]
10: [[], [7, 2, 3], [4, 5, 6, 0, 1]]
11: [[3], [7, 2], [4, 5, 6, 0, 1]]
12: [[3, 2], [7], [4, 5, 6, 0, 1]]
13: [[3, 2, 1], [7], [4, 5, 6, 0]]
14: [[3, 2, 1, 0], [7], [4, 5, 6]]
15: [[3, 2, 1, 0], [], [4, 5, 6, 7]]
16: [[3, 2, 1], [0], [4, 5, 6, 7]]
17: [[3, 2], [0, 1], [4, 5, 6, 7]]
18: [[3], [0, 1, 2], [4, 5, 6, 7]]
19: [[], [0, 1, 2, 3], [4, 5, 6, 7]]
20: [[7], [0, 1, 2, 3], [4, 5, 6]]
21: [[7, 6], [0, 1, 2, 3], [4, 5]]
22: [[7, 6, 5], [0, 1, 2, 3], [4]]
23: [[7, 6, 5, 4], [0, 1, 2, 3], []]
24: [[7, 6, 5, 4, 3], [0, 1, 2], []]
25: [[7, 6, 5, 4, 3, 2], [0, 1], []]
26: [[7, 6, 5, 4, 3, 2, 1], [0], []]
27: [[7, 6, 5, 4, 3, 2, 1, 0], [], []]
--------------------------

The beam width:                  20
The length of solution:          23
The number of nodes expanded:    625
The total CPU time of heuristic: 0.004403000000031909
The total CPU time of A*:        0.3300470000000004
The type of heuristic:           NonAdimissible
-----------path-----------
1: [[4, 3, 7, 0, 5, 1, 2, 6], [], []]
2: [[4, 3, 7, 0, 5, 1, 2], [], [6]]
3: [[4, 3, 7, 0, 5, 1], [], [6, 2]]
4: [[4, 3, 7, 0, 5], [1], [6, 2]]
5: [[4, 3, 7, 0, 5], [1, 2], [6]]
6: [[4, 3, 7, 0], [1, 2, 5], [6]]
7: [[4, 3, 7], [1, 2, 5, 0], [6]]
8: [[4, 3], [1, 2, 5, 0], [6, 7]]
9: [[4], [1, 2, 5, 0, 3], [6, 7]]
10: [[], [1, 2, 5, 0, 3, 4], [6, 7]]
11: [[7], [1, 2, 5, 0, 3, 4], [6]]
12: [[7, 6], [1, 2, 5, 0, 3, 4], []]
13: [[7, 6, 4], [1, 2, 5, 0, 3], []]
14: [[7, 6, 4, 3], [1, 2, 5, 0], []]
15: [[7, 6, 4, 3], [1, 2, 5], [0]]
16: [[7, 6, 4], [1, 2, 5], [0, 3]]
17: [[7, 6], [1, 2, 5], [0, 3, 4]]
18: [[7, 6, 5], [1, 2], [0, 3, 4]]
19: [[7, 6, 5, 4], [1, 2], [0, 3]]
20: [[7, 6, 5, 4, 3], [1, 2], [0]]
21: [[7, 6, 5, 4, 3, 2], [1], [0]]
22: [[7, 6, 5, 4, 3, 2, 1], [], [0]]
23: [[7, 6, 5, 4, 3, 2, 1, 0], [], []]
--------------------------

The beam width:                  20
The length of solution:          21
The number of nodes expanded:    580
The total CPU time of heuristic: 0.003836999999933255
The total CPU time of A*:        0.27195700000000045
The type of heuristic:           NonAdimissible
-----------path-----------
1: [[3, 2, 6, 7, 1, 4, 5, 0], [], []]
2: [[3, 2, 6, 7, 1, 4, 5], [0], []]
3: [[3, 2, 6, 7, 1, 4], [0], [5]]
4: [[3, 2, 6, 7, 1], [0, 4], [5]]
5: [[3, 2, 6, 7, 1], [0, 4, 5], []]
6: [[3, 2, 6, 7], [0, 4, 5], [1]]
7: [[3, 2, 6], [0, 4, 5], [1, 7]]
8: [[3, 2], [0, 4, 5, 6], [1, 7]]
9: [[3], [0, 4, 5, 6, 2], [1, 7]]
10: [[], [0, 4, 5, 6, 2, 3], [1, 7]]
11: [[7], [0, 4, 5, 6, 2, 3], [1]]
12: [[7, 3], [0, 4, 5, 6, 2], [1]]
13: [[7, 3], [0, 4, 5, 6], [1, 2]]
14: [[7], [0, 4, 5, 6], [1, 2, 3]]
15: [[7, 6], [0, 4, 5], [1, 2, 3]]
16: [[7, 6, 5], [0, 4], [1, 2, 3]]
17: [[7, 6, 5, 4], [0], [1, 2, 3]]
18: [[7, 6, 5, 4, 3], [0], [1, 2]]
19: [[7, 6, 5, 4, 3, 2], [0], [1]]
20: [[7, 6, 5, 4, 3, 2, 1], [0], []]
21: [[7, 6, 5, 4, 3, 2, 1, 0], [], []]
--------------------------

The beam width:                  20
The length of solution:          21
The number of nodes expanded:    508
The total CPU time of heuristic: 0.0035919999999691754
The total CPU time of A*:        0.23340000000000316
The type of heuristic:           NonAdimissible
-----------path-----------
1: [[1, 6, 0, 5, 7, 3, 2, 4], [], []]
2: [[1, 6, 0, 5, 7, 3, 2], [], [4]]
3: [[1, 6, 0, 5, 7, 3], [2], [4]]
4: [[1, 6, 0, 5, 7], [2, 3], [4]]
5: [[1, 6, 0, 5, 7], [2, 3, 4], []]
6: [[1, 6, 0, 5], [2, 3, 4, 7], []]
7: [[1, 6, 0], [2, 3, 4, 7, 5], []]
8: [[1, 6], [2, 3, 4, 7, 5], [0]]
9: [[1], [2, 3, 4, 7, 5, 6], [0]]
10: [[], [2, 3, 4, 7, 5, 6], [0, 1]]
11: [[6], [2, 3, 4, 7, 5], [0, 1]]
12: [[6], [2, 3, 4, 7], [0, 1, 5]]
13: [[], [2, 3, 4, 7], [0, 1, 5, 6]]
14: [[7], [2, 3, 4], [0, 1, 5, 6]]
15: [[7, 6], [2, 3, 4], [0, 1, 5]]
16: [[7, 6, 5], [2, 3, 4], [0, 1]]
17: [[7, 6, 5, 4], [2, 3], [0, 1]]
18: [[7, 6, 5, 4, 3], [2], [0, 1]]
19: [[7, 6, 5, 4, 3, 2], [], [0, 1]]
20: [[7, 6, 5, 4, 3, 2, 1], [], [0]]
21: [[7, 6, 5, 4, 3, 2, 1, 0], [], []]
--------------------------

The beam width:                  20
The length of solution:          21
The number of nodes expanded:    529
The total CPU time of heuristic: 0.0035229999999941697
The total CPU time of A*:        0.24138299999999902
The type of heuristic:           NonAdimissible
-----------path-----------
1: [[4, 2, 6, 5, 1, 7, 0, 3], [], []]
2: [[4, 2, 6, 5, 1, 7, 0], [], [3]]
3: [[4, 2, 6, 5, 1, 7], [0], [3]]
4: [[4, 2, 6, 5, 1, 7], [0, 3], []]
5: [[4, 2, 6, 5, 1], [0, 3, 7], []]
6: [[4, 2, 6, 5], [0, 3, 7], [1]]
7: [[4, 2, 6], [0, 3, 7, 5], [1]]
8: [[4, 2], [0, 3, 7, 5, 6], [1]]
9: [[4], [0, 3, 7, 5, 6], [1, 2]]
10: [[], [0, 3, 7, 5, 6], [1, 2, 4]]
11: [[6], [0, 3, 7, 5], [1, 2, 4]]
12: [[6], [0, 3, 7], [1, 2, 4, 5]]
13: [[], [0, 3, 7], [1, 2, 4, 5, 6]]
14: [[7], [0, 3], [1, 2, 4, 5, 6]]
15: [[7, 6], [0, 3], [1, 2, 4, 5]]
16: [[7, 6, 5], [0, 3], [1, 2, 4]]
17: [[7, 6, 5, 4], [0, 3], [1, 2]]
18: [[7, 6, 5, 4, 3], [0], [1, 2]]
19: [[7, 6, 5, 4, 3, 2], [0], [1]]
20: [[7, 6, 5, 4, 3, 2, 1], [0], []]
21: [[7, 6, 5, 4, 3, 2, 1, 0], [], []]
--------------------------

The beam width:                  20
The length of solution:          18
The number of nodes expanded:    544
The total CPU time of heuristic: 0.0038680000000539394
The total CPU time of A*:        0.28517599999999277
The type of heuristic:           NonAdimissible
-----------path-----------
1: [[5, 4, 3, 2, 6, 7, 1, 0], [], []]
2: [[5, 4, 3, 2, 6, 7, 1], [0], []]
3: [[5, 4, 3, 2, 6, 7], [0], [1]]
4: [[5, 4, 3, 2, 6], [0], [1, 7]]
5: [[5, 4, 3, 2], [0], [1, 7, 6]]
6: [[5, 4, 3], [0, 2], [1, 7, 6]]
7: [[5, 4], [0, 2, 3], [1, 7, 6]]
8: [[5], [0, 2, 3, 4], [1, 7, 6]]
9: [[], [0, 2, 3, 4, 5], [1, 7, 6]]
10: [[], [0, 2, 3, 4, 5, 6], [1, 7]]
11: [[7], [0, 2, 3, 4, 5, 6], [1]]
12: [[7, 6], [0, 2, 3, 4, 5], [1]]
13: [[7, 6, 5], [0, 2, 3, 4], [1]]
14: [[7, 6, 5, 4], [0, 2, 3], [1]]
15: [[7, 6, 5, 4, 3], [0, 2], [1]]
16: [[7, 6, 5, 4, 3, 2], [0], [1]]
17: [[7, 6, 5, 4, 3, 2, 1], [0], []]
18: [[7, 6, 5, 4, 3, 2, 1, 0], [], []]
--------------------------

The beam width:                  20
The length of solution:          23
The number of nodes expanded:    708
The total CPU time of heuristic: 0.005018999999855112
The total CPU time of A*:        0.39477899999999977
The type of heuristic:           NonAdimissible
-----------path-----------
1: [[1, 6, 7, 2, 5, 3, 4, 0], [], []]
2: [[1, 6, 7, 2, 5, 3, 4], [0], []]
3: [[1, 6, 7, 2, 5, 3], [0], [4]]
4: [[1, 6, 7, 2, 5], [0, 3], [4]]
5: [[1, 6, 7, 2, 5], [0, 3, 4], []]
6: [[1, 6, 7, 2], [0, 3, 4, 5], []]
7: [[1, 6, 7], [0, 3, 4, 5, 2], []]
8: [[1, 6], [0, 3, 4, 5, 2, 7], []]
9: [[1], [0, 3, 4, 5, 2, 7], [6]]
10: [[], [0, 3, 4, 5, 2, 7], [6, 1]]
11: [[7], [0, 3, 4, 5, 2], [6, 1]]
12: [[7, 2], [0, 3, 4, 5], [6, 1]]
13: [[7, 2, 1], [0, 3, 4, 5], [6]]
14: [[7, 2, 1], [0, 3, 4, 5, 6], []]
15: [[7, 2], [0, 3, 4, 5, 6], [1]]
16: [[7], [0, 3, 4, 5, 6], [1, 2]]
17: [[7, 6], [0, 3, 4, 5], [1, 2]]
18: [[7, 6, 5], [0, 3, 4], [1, 2]]
19: [[7, 6, 5, 4], [0, 3], [1, 2]]
20: [[7, 6, 5, 4, 3], [0], [1, 2]]
21: [[7, 6, 5, 4, 3, 2], [0], [1]]
22: [[7, 6, 5, 4, 3, 2, 1], [0], []]
23: [[7, 6, 5, 4, 3, 2, 1, 0], [], []]
--------------------------

The beam width:                  20
The length of solution:          23
The number of nodes expanded:    851
The total CPU time of heuristic: 0.005667999999879214
The total CPU time of A*:        0.5256410000000002
The type of heuristic:           NonAdimissible
-----------path-----------
1: [[3, 4, 6, 5, 2, 1, 7, 0], [], []]
2: [[3, 4, 6, 5, 2, 1, 7], [], [0]]
3: [[3, 4, 6, 5, 2, 1], [7], [0]]
4: [[3, 4, 6, 5, 2], [7], [0, 1]]
5: [[3, 4, 6, 5], [7], [0, 1, 2]]
6: [[3, 4, 6], [7, 5], [0, 1, 2]]
7: [[3, 4], [7, 5], [0, 1, 2, 6]]
8: [[3], [7, 5], [0, 1, 2, 6, 4]]
9: [[3, 5], [7], [0, 1, 2, 6, 4]]
10: [[3, 5, 4], [7], [0, 1, 2, 6]]
11: [[3, 5, 4], [], [0, 1, 2, 6, 7]]
12: [[3, 5], [4], [0, 1, 2, 6, 7]]
13: [[3], [4, 5], [0, 1, 2, 6, 7]]
14: [[], [4, 5, 3], [0, 1, 2, 6, 7]]
15: [[7], [4, 5, 3], [0, 1, 2, 6]]
16: [[7, 6], [4, 5, 3], [0, 1, 2]]
17: [[7, 6], [4, 5], [0, 1, 2, 3]]
18: [[7, 6, 5], [4], [0, 1, 2, 3]]
19: [[7, 6, 5, 4], [], [0, 1, 2, 3]]
20: [[7, 6, 5, 4, 3], [], [0, 1, 2]]
21: [[7, 6, 5, 4, 3, 2], [], [0, 1]]
22: [[7, 6, 5, 4, 3, 2, 1], [], [0]]
23: [[7, 6, 5, 4, 3, 2, 1, 0], [], []]
--------------------------

The beam width:                  20
The length of solution:          22
The number of nodes expanded:    734
The total CPU time of heuristic: 0.00525500000019008
The total CPU time of A*:        0.4139550000000014
The type of heuristic:           NonAdimissible
-----------path-----------
1: [[7, 2, 3, 0, 6, 1, 4, 5], [], []]
2: [[7, 2, 3, 0, 6, 1, 4], [5], []]
3: [[7, 2, 3, 0, 6, 1], [5], [4]]
4: [[7, 2, 3, 0, 6, 1], [], [4, 5]]
5: [[7, 2, 3, 0, 6], [1], [4, 5]]
6: [[7, 2, 3, 0], [1], [4, 5, 6]]
7: [[7, 2, 3], [1, 0], [4, 5, 6]]
8: [[7, 2], [1, 0, 3], [4, 5, 6]]
9: [[7], [1, 0, 3], [4, 5, 6, 2]]
10: [[7, 3], [1, 0], [4, 5, 6, 2]]
11: [[7, 3, 0], [1], [4, 5, 6, 2]]
12: [[7, 3, 0], [1, 2], [4, 5, 6]]
13: [[7, 3], [1, 2, 0], [4, 5, 6]]
14: [[7], [1, 2, 0, 3], [4, 5, 6]]
15: [[7, 6], [1, 2, 0, 3], [4, 5]]
16: [[7, 6, 5], [1, 2, 0, 3], [4]]
17: [[7, 6, 5, 4], [1, 2, 0, 3], []]
18: [[7, 6, 5, 4, 3], [1, 2, 0], []]
19: [[7, 6, 5, 4, 3], [1, 2], [0]]
20: [[7, 6, 5, 4, 3, 2], [1], [0]]
21: [[7, 6, 5, 4, 3, 2, 1], [], [0]]
22: [[7, 6, 5, 4, 3, 2, 1, 0], [], []]
--------------------------

The beam width:                  20
The length of solution:          22
The number of nodes expanded:    546
The total CPU time of heuristic: 0.0035559999998611147
The total CPU time of A*:        0.2652169999999998
The type of heuristic:           NonAdimissible
-----------path-----------
1: [[3, 7, 6, 0, 4, 1, 5, 2], [], []]
2: [[3, 7, 6, 0, 4, 1, 5], [], [2]]
3: [[3, 7, 6, 0, 4, 1], [], [2, 5]]
4: [[3, 7, 6, 0, 4], [1], [2, 5]]
5: [[3, 7, 6, 0], [1, 4], [2, 5]]
6: [[3, 7, 6], [1, 4, 0], [2, 5]]
7: [[3, 7], [1, 4, 0], [2, 5, 6]]
8: [[3], [1, 4, 0], [2, 5, 6, 7]]
9: [[], [1, 4, 0, 3], [2, 5, 6, 7]]
10: [[7], [1, 4, 0, 3], [2, 5, 6]]
11: [[7, 6], [1, 4, 0, 3], [2, 5]]
12: [[7, 6, 5], [1, 4, 0, 3], [2]]
13: [[7, 6, 5], [1, 4, 0], [2, 3]]
14: [[7, 6, 5, 0], [1, 4], [2, 3]]
15: [[7, 6, 5, 0], [1], [2, 3, 4]]
16: [[7, 6, 5], [1, 0], [2, 3, 4]]
17: [[7, 6, 5, 4], [1, 0], [2, 3]]
18: [[7, 6, 5, 4, 3], [1, 0], [2]]
19: [[7, 6, 5, 4, 3, 2], [1, 0], []]
20: [[7, 6, 5, 4, 3, 2], [1], [0]]
21: [[7, 6, 5, 4, 3, 2, 1], [], [0]]
22: [[7, 6, 5, 4, 3, 2, 1, 0], [], []]
--------------------------

The beam width:                  20
The length of solution:          26
The number of nodes expanded:    838
The total CPU time of heuristic: 0.00553000000013526
The total CPU time of A*:        0.5091609999999989
The type of heuristic:           NonAdimissible
-----------path-----------
1: [[3, 4, 0, 2, 6, 1, 5, 7], [], []]
2: [[3, 4, 0, 2, 6, 1, 5], [7], []]
3: [[3, 4, 0, 2, 6, 1], [7, 5], []]
4: [[3, 4, 0, 2, 6], [7, 5], [1]]
5: [[3, 4, 0, 2], [7, 5, 6], [1]]
6: [[3, 4, 0], [7, 5, 6], [1, 2]]
7: [[3, 4, 0], [7, 5], [1, 2, 6]]
8: [[3, 4], [7, 5], [1, 2, 6, 0]]
9: [[3], [7, 5], [1, 2, 6, 0, 4]]
10: [[3, 5], [7], [1, 2, 6, 0, 4]]
11: [[3, 5, 4], [7], [1, 2, 6, 0]]
12: [[3, 5, 4, 0], [7], [1, 2, 6]]
13: [[3, 5, 4, 0], [], [1, 2, 6, 7]]
14: [[3, 5, 4], [0], [1, 2, 6, 7]]
15: [[3, 5], [0, 4], [1, 2, 6, 7]]
16: [[3], [0, 4, 5], [1, 2, 6, 7]]
17: [[], [0, 4, 5, 3], [1, 2, 6, 7]]
18: [[7], [0, 4, 5, 3], [1, 2, 6]]
19: [[7, 6], [0, 4, 5, 3], [1, 2]]
20: [[7, 6], [0, 4, 5], [1, 2, 3]]
21: [[7, 6, 5], [0, 4], [1, 2, 3]]
22: [[7, 6, 5, 4], [0], [1, 2, 3]]
23: [[7, 6, 5, 4, 3], [0], [1, 2]]
24: [[7, 6, 5, 4, 3, 2], [0], [1]]
25: [[7, 6, 5, 4, 3, 2, 1], [0], []]
26: [[7, 6, 5, 4, 3, 2, 1, 0], [], []]
--------------------------

The beam width:                  20
The length of solution:          23
The number of nodes expanded:    1001
The total CPU time of heuristic: 0.006717000000023177
The total CPU time of A*:        0.65812600000001
The type of heuristic:           NonAdimissible
-----------path-----------
1: [[7, 1, 2, 3, 4, 6, 5, 0], [], []]
2: [[7, 1, 2, 3, 4, 6, 5], [], [0]]
3: [[7, 1, 2, 3, 4, 6], [5], [0]]
4: [[7, 1, 2, 3, 4], [5, 6], [0]]
5: [[7, 1, 2, 3], [5, 6, 4], [0]]
6: [[7, 1, 2], [5, 6, 4], [0, 3]]
7: [[7, 1, 2], [5, 6], [0, 3, 4]]
8: [[7, 1], [5, 6, 2], [0, 3, 4]]
9: [[7], [5, 6, 2], [0, 3, 4, 1]]
10: [[7, 2], [5, 6], [0, 3, 4, 1]]
11: [[7, 2, 1], [5, 6], [0, 3, 4]]
12: [[7, 2, 1], [5], [0, 3, 4, 6]]
13: [[7, 2], [5, 1], [0, 3, 4, 6]]
14: [[7], [5, 1, 2], [0, 3, 4, 6]]
15: [[7, 6], [5, 1, 2], [0, 3, 4]]
16: [[7, 6, 2], [5, 1], [0, 3, 4]]
17: [[7, 6, 2, 1], [5], [0, 3, 4]]
18: [[7, 6, 2, 1], [], [0, 3, 4, 5]]
19: [[7, 6, 2], [1], [0, 3, 4, 5]]
20: [[7, 6], [1, 2], [0, 3, 4, 5]]
21: [[7, 6, 5], [1, 2], [0, 3, 4]]
22: [[7, 6, 5, 4], [1, 2], [0, 3]]
23: [[7, 6, 5, 4, 3], [1, 2], [0]]
--------------------------

The beam width:                  20
The length of solution:          22
The number of nodes expanded:    687
The total CPU time of heuristic: 0.005017999999907374
The total CPU time of A*:        0.40221700000000027
The type of heuristic:           NonAdimissible
-----------path-----------
1: [[0, 6, 7, 5, 3, 1, 4, 2], [], []]
2: [[0, 6, 7, 5, 3, 1, 4], [], [2]]
3: [[0, 6, 7, 5, 3, 1], [], [2, 4]]
4: [[0, 6, 7, 5, 3], [1], [2, 4]]
5: [[0, 6, 7, 5], [1, 3], [2, 4]]
6: [[0, 6, 7, 5], [1, 3, 4], [2]]
7: [[0, 6, 7], [1, 3, 4, 5], [2]]
8: [[0, 6], [1, 3, 4, 5], [2, 7]]
9: [[0], [1, 3, 4, 5, 6], [2, 7]]
10: [[], [1, 3, 4, 5, 6, 0], [2, 7]]
11: [[7], [1, 3, 4, 5, 6, 0], [2]]
12: [[7], [1, 3, 4, 5, 6], [2, 0]]
13: [[7, 6], [1, 3, 4, 5], [2, 0]]
14: [[7, 6, 5], [1, 3, 4], [2, 0]]
15: [[7, 6, 5, 4], [1, 3], [2, 0]]
16: [[7, 6, 5, 4, 3], [1], [2, 0]]
17: [[7, 6, 5, 4, 3, 0], [1], [2]]
18: [[7, 6, 5, 4, 3, 0], [1, 2], []]
19: [[7, 6, 5, 4, 3], [1, 2], [0]]
20: [[7, 6, 5, 4, 3, 2], [1], [0]]
21: [[7, 6, 5, 4, 3, 2, 1], [], [0]]
22: [[7, 6, 5, 4, 3, 2, 1, 0], [], []]
--------------------------

The beam width:                  20
The length of solution:          19
The number of nodes expanded:    262
The total CPU time of heuristic: 0.0016280000000890027
The total CPU time of A*:        0.08162000000000091
The type of heuristic:           NonAdimissible
-----------path-----------
1: [[5, 7, 3, 0, 2, 4, 1, 6], [], []]
2: [[5, 7, 3, 0, 2, 4, 1], [], [6]]
3: [[5, 7, 3, 0, 2, 4], [1], [6]]
4: [[5, 7, 3, 0, 2], [1, 4], [6]]
5: [[5, 7, 3, 0, 2], [1, 4, 6], []]
6: [[5, 7, 3, 0], [1, 4, 6, 2], []]
7: [[5, 7, 3], [1, 4, 6, 2], [0]]
8: [[5, 7, 3], [1, 4, 6], [0, 2]]
9: [[5, 7], [1, 4, 6], [0, 2, 3]]
10: [[5], [1, 4, 6, 7], [0, 2, 3]]
11: [[], [1, 4, 6, 7], [0, 2, 3, 5]]
12: [[7], [1, 4, 6], [0, 2, 3, 5]]
13: [[7, 6], [1, 4], [0, 2, 3, 5]]
14: [[7, 6, 5], [1, 4], [0, 2, 3]]
15: [[7, 6, 5, 4], [1], [0, 2, 3]]
16: [[7, 6, 5, 4, 3], [1], [0, 2]]
17: [[7, 6, 5, 4, 3, 2], [1], [0]]
18: [[7, 6, 5, 4, 3, 2, 1], [], [0]]
19: [[7, 6, 5, 4, 3, 2, 1, 0], [], []]
--------------------------

