The beam width:                  5
The length of solution:          29
The number of nodes expanded:    352
The total CPU time of heuristic: 0.0023849999999909777
The total CPU time of A*:        0.18979299999999988
The type of heuristic:           NonAdimissible
-----------path-----------
1: [[1, 3, 0, 6, 5, 2, 4, 7], [], []]
2: [[1, 3, 0, 6, 5, 2, 4], [7], []]
3: [[1, 3, 0, 6, 5, 2], [7, 4], []]
4: [[1, 3, 0, 6, 5], [7, 4], [2]]
5: [[1, 3, 0, 6], [7, 4], [2, 5]]
6: [[1, 3, 0], [7, 4], [2, 5, 6]]
7: [[1, 3], [7, 4], [2, 5, 6, 0]]
8: [[1], [7, 4], [2, 5, 6, 0, 3]]
9: [[1, 4], [7], [2, 5, 6, 0, 3]]
10: [[1, 4, 3], [7], [2, 5, 6, 0]]
11: [[1, 4, 3, 0], [7], [2, 5, 6]]
12: [[1, 4, 3, 0], [], [2, 5, 6, 7]]
13: [[1, 4, 3], [0], [2, 5, 6, 7]]
14: [[1, 4], [0, 3], [2, 5, 6, 7]]
15: [[1], [0, 3, 4], [2, 5, 6, 7]]
16: [[], [0, 3, 4, 1], [2, 5, 6, 7]]
17: [[7], [0, 3, 4, 1], [2, 5, 6]]
18: [[7, 6], [0, 3, 4, 1], [2, 5]]
19: [[7, 6, 5], [0, 3, 4, 1], [2]]
20: [[7, 6, 5, 1], [0, 3, 4], [2]]
21: [[7, 6, 5, 1], [0, 3], [2, 4]]
22: [[7, 6, 5], [0, 3, 1], [2, 4]]
23: [[7, 6, 5, 4], [0, 3, 1], [2]]
24: [[7, 6, 5, 4], [0, 3], [2, 1]]
25: [[7, 6, 5, 4, 3], [0], [2, 1]]
26: [[7, 6, 5, 4, 3], [0, 1], [2]]
27: [[7, 6, 5, 4, 3, 2], [0, 1], []]
28: [[7, 6, 5, 4, 3, 2, 1], [0], []]
29: [[7, 6, 5, 4, 3, 2, 1, 0], [], []]
--------------------------

The beam width:                  5
The length of solution:          18
The number of nodes expanded:    123
The total CPU time of heuristic: 0.0008339999999988912
The total CPU time of A*:        0.0374150000000002
The type of heuristic:           NonAdimissible
-----------path-----------
1: [[5, 4, 6, 1, 7, 0, 3, 2], [], []]
2: [[5, 4, 6, 1, 7, 0, 3], [2], []]
3: [[5, 4, 6, 1, 7, 0], [2, 3], []]
4: [[5, 4, 6, 1, 7], [2, 3], [0]]
5: [[5, 4, 6, 1], [2, 3, 7], [0]]
6: [[5, 4, 6], [2, 3, 7], [0, 1]]
7: [[5, 4], [2, 3, 7, 6], [0, 1]]
8: [[5], [2, 3, 7, 6], [0, 1, 4]]
9: [[], [2, 3, 7, 6], [0, 1, 4, 5]]
10: [[], [2, 3, 7], [0, 1, 4, 5, 6]]
11: [[7], [2, 3], [0, 1, 4, 5, 6]]
12: [[7, 6], [2, 3], [0, 1, 4, 5]]
13: [[7, 6, 5], [2, 3], [0, 1, 4]]
14: [[7, 6, 5, 4], [2, 3], [0, 1]]
15: [[7, 6, 5, 4, 3], [2], [0, 1]]
16: [[7, 6, 5, 4, 3, 2], [], [0, 1]]
17: [[7, 6, 5, 4, 3, 2, 1], [], [0]]
18: [[7, 6, 5, 4, 3, 2, 1, 0], [], []]
--------------------------

The beam width:                  5
The length of solution:          25
The number of nodes expanded:    273
The total CPU time of heuristic: 0.0017690000000043504
The total CPU time of A*:        0.12345700000000015
The type of heuristic:           NonAdimissible
-----------path-----------
1: [[0, 5, 3, 4, 2, 1, 6, 7], [], []]
2: [[0, 5, 3, 4, 2, 1, 6], [], [7]]
3: [[0, 5, 3, 4, 2, 1], [], [7, 6]]
4: [[0, 5, 3, 4, 2], [1], [7, 6]]
5: [[0, 5, 3, 4], [1, 2], [7, 6]]
6: [[0, 5, 3], [1, 2, 4], [7, 6]]
7: [[0, 5, 3], [1, 2, 4, 6], [7]]
8: [[0, 5], [1, 2, 4, 6, 3], [7]]
9: [[0], [1, 2, 4, 6, 3, 5], [7]]
10: [[], [1, 2, 4, 6, 3, 5], [7, 0]]
11: [[5], [1, 2, 4, 6, 3], [7, 0]]
12: [[5, 3], [1, 2, 4, 6], [7, 0]]
13: [[5, 3, 0], [1, 2, 4, 6], [7]]
14: [[5, 3, 0], [1, 2, 4, 6, 7], []]
15: [[5, 3], [1, 2, 4, 6, 7], [0]]
16: [[5], [1, 2, 4, 6, 7], [0, 3]]
17: [[], [1, 2, 4, 6, 7], [0, 3, 5]]
18: [[7], [1, 2, 4, 6], [0, 3, 5]]
19: [[7, 6], [1, 2, 4], [0, 3, 5]]
20: [[7, 6, 5], [1, 2, 4], [0, 3]]
21: [[7, 6, 5, 4], [1, 2], [0, 3]]
22: [[7, 6, 5, 4, 3], [1, 2], [0]]
23: [[7, 6, 5, 4, 3, 2], [1], [0]]
24: [[7, 6, 5, 4, 3, 2, 1], [], [0]]
25: [[7, 6, 5, 4, 3, 2, 1, 0], [], []]
--------------------------

The beam width:                  5
The length of solution:          19
The number of nodes expanded:    167
The total CPU time of heuristic: 0.0010919999999994268
The total CPU time of A*:        0.05659600000000031
The type of heuristic:           NonAdimissible
-----------path-----------
1: [[2, 4, 3, 5, 7, 6, 0, 1], [], []]
2: [[2, 4, 3, 5, 7, 6, 0], [], [1]]
3: [[2, 4, 3, 5, 7, 6], [0], [1]]
4: [[2, 4, 3, 5, 7], [0, 6], [1]]
5: [[2, 4, 3, 5], [0, 6, 7], [1]]
6: [[2, 4, 3], [0, 6, 7, 5], [1]]
7: [[2, 4], [0, 6, 7, 5], [1, 3]]
8: [[2], [0, 6, 7, 5], [1, 3, 4]]
9: [[], [0, 6, 7, 5], [1, 3, 4, 2]]
10: [[], [0, 6, 7], [1, 3, 4, 2, 5]]
11: [[7], [0, 6], [1, 3, 4, 2, 5]]
12: [[7, 6], [0], [1, 3, 4, 2, 5]]
13: [[7, 6, 5], [0], [1, 3, 4, 2]]
14: [[7, 6, 5], [0, 2], [1, 3, 4]]
15: [[7, 6, 5, 4], [0, 2], [1, 3]]
16: [[7, 6, 5, 4, 3], [0, 2], [1]]
17: [[7, 6, 5, 4, 3, 2], [0], [1]]
18: [[7, 6, 5, 4, 3, 2, 1], [0], []]
19: [[7, 6, 5, 4, 3, 2, 1, 0], [], []]
--------------------------

The beam width:                  5
The length of solution:          22
The number of nodes expanded:    200
The total CPU time of heuristic: 0.0013749999999954632
The total CPU time of A*:        0.07709499999999991
The type of heuristic:           NonAdimissible
-----------path-----------
1: [[5, 4, 2, 6, 3, 7, 1, 0], [], []]
2: [[5, 4, 2, 6, 3, 7, 1], [0], []]
3: [[5, 4, 2, 6, 3, 7], [0, 1], []]
4: [[5, 4, 2, 6, 3], [0, 1], [7]]
5: [[5, 4, 2, 6], [0, 1, 3], [7]]
6: [[5, 4, 2], [0, 1, 3, 6], [7]]
7: [[5, 4], [0, 1, 3, 6, 2], [7]]
8: [[5], [0, 1, 3, 6, 2, 4], [7]]
9: [[], [0, 1, 3, 6, 2, 4, 5], [7]]
10: [[7], [0, 1, 3, 6, 2, 4, 5], []]
11: [[7, 5], [0, 1, 3, 6, 2, 4], []]
12: [[7, 5, 4], [0, 1, 3, 6, 2], []]
13: [[7, 5, 4], [0, 1, 3, 6], [2]]
14: [[7, 5], [0, 1, 3, 6], [2, 4]]
15: [[7], [0, 1, 3, 6], [2, 4, 5]]
16: [[7, 6], [0, 1, 3], [2, 4, 5]]
17: [[7, 6, 5], [0, 1, 3], [2, 4]]
18: [[7, 6, 5, 4], [0, 1, 3], [2]]
19: [[7, 6, 5, 4, 3], [0, 1], [2]]
20: [[7, 6, 5, 4, 3, 2], [0, 1], []]
21: [[7, 6, 5, 4, 3, 2, 1], [0], []]
22: [[7, 6, 5, 4, 3, 2, 1, 0], [], []]
--------------------------

The beam width:                  5
The length of solution:          29
The number of nodes expanded:    346
The total CPU time of heuristic: 0.002542000000009814
The total CPU time of A*:        0.21713499999999986
The type of heuristic:           NonAdimissible
-----------path-----------
1: [[1, 4, 0, 3, 7, 2, 6, 5], [], []]
2: [[1, 4, 0, 3, 7, 2, 6], [], [5]]
3: [[1, 4, 0, 3, 7, 2], [], [5, 6]]
4: [[1, 4, 0, 3, 7], [2], [5, 6]]
5: [[1, 4, 0, 3], [2, 7], [5, 6]]
6: [[1, 4, 0], [2, 7, 3], [5, 6]]
7: [[1, 4], [2, 7, 3], [5, 6, 0]]
8: [[1], [2, 7, 3, 4], [5, 6, 0]]
9: [[], [2, 7, 3, 4], [5, 6, 0, 1]]
10: [[4], [2, 7, 3], [5, 6, 0, 1]]
11: [[4, 3], [2, 7], [5, 6, 0, 1]]
12: [[4, 3, 1], [2, 7], [5, 6, 0]]
13: [[4, 3, 1, 0], [2, 7], [5, 6]]
14: [[4, 3, 1, 0], [2], [5, 6, 7]]
15: [[4, 3, 1], [2, 0], [5, 6, 7]]
16: [[4, 3], [2, 0, 1], [5, 6, 7]]
17: [[4], [2, 0, 1, 3], [5, 6, 7]]
18: [[], [2, 0, 1, 3, 4], [5, 6, 7]]
19: [[7], [2, 0, 1, 3, 4], [5, 6]]
20: [[7, 6], [2, 0, 1, 3, 4], [5]]
21: [[7, 6, 5], [2, 0, 1, 3, 4], []]
22: [[7, 6, 5, 4], [2, 0, 1, 3], []]
23: [[7, 6, 5, 4, 3], [2, 0, 1], []]
24: [[7, 6, 5, 4, 3, 1], [2, 0], []]
25: [[7, 6, 5, 4, 3, 1], [2], [0]]
26: [[7, 6, 5, 4, 3], [2], [0, 1]]
27: [[7, 6, 5, 4, 3, 2], [], [0, 1]]
28: [[7, 6, 5, 4, 3, 2, 1], [], [0]]
29: [[7, 6, 5, 4, 3, 2, 1, 0], [], []]
--------------------------

The beam width:                  5
The length of solution:          34
The number of nodes expanded:    457
The total CPU time of heuristic: 0.003335999999997341
The total CPU time of A*:        0.3260109999999994
The type of heuristic:           NonAdimissible
-----------path-----------
1: [[1, 3, 0, 6, 2, 7, 4, 5], [], []]
2: [[1, 3, 0, 6, 2, 7, 4], [], [5]]
3: [[1, 3, 0, 6, 2, 7], [4], [5]]
4: [[1, 3, 0, 6, 2], [4, 7], [5]]
5: [[1, 3, 0, 6], [4, 7, 2], [5]]
6: [[1, 3, 0], [4, 7, 2], [5, 6]]
7: [[1, 3], [4, 7, 2], [5, 6, 0]]
8: [[1], [4, 7, 2, 3], [5, 6, 0]]
9: [[], [4, 7, 2, 3], [5, 6, 0, 1]]
10: [[3], [4, 7, 2], [5, 6, 0, 1]]
11: [[3, 2], [4, 7], [5, 6, 0, 1]]
12: [[3, 2, 1], [4, 7], [5, 6, 0]]
13: [[3, 2, 1, 0], [4, 7], [5, 6]]
14: [[3, 2, 1, 0], [4], [5, 6, 7]]
15: [[3, 2, 1], [4, 0], [5, 6, 7]]
16: [[3, 2], [4, 0, 1], [5, 6, 7]]
17: [[3], [4, 0, 1, 2], [5, 6, 7]]
18: [[], [4, 0, 1, 2, 3], [5, 6, 7]]
19: [[7], [4, 0, 1, 2, 3], [5, 6]]
20: [[7, 6], [4, 0, 1, 2, 3], [5]]
21: [[7, 6, 5], [4, 0, 1, 2, 3], []]
22: [[7, 6, 5, 3], [4, 0, 1, 2], []]
23: [[7, 6, 5, 3], [4, 0, 1], [2]]
24: [[7, 6, 5], [4, 0, 1], [2, 3]]
25: [[7, 6, 5, 1], [4, 0], [2, 3]]
26: [[7, 6, 5, 1, 0], [4], [2, 3]]
27: [[7, 6, 5, 1, 0], [], [2, 3, 4]]
28: [[7, 6, 5, 1], [0], [2, 3, 4]]
29: [[7, 6, 5], [0, 1], [2, 3, 4]]
30: [[7, 6, 5, 4], [0, 1], [2, 3]]
31: [[7, 6, 5, 4, 3], [0, 1], [2]]
32: [[7, 6, 5, 4, 3, 2], [0, 1], []]
33: [[7, 6, 5, 4, 3, 2, 1], [0], []]
34: [[7, 6, 5, 4, 3, 2, 1, 0], [], []]
--------------------------

The beam width:                  5
The length of solution:          23
The number of nodes expanded:    223
The total CPU time of heuristic: 0.001556999999992037
The total CPU time of A*:        0.09804599999999919
The type of heuristic:           NonAdimissible
-----------path-----------
1: [[4, 3, 7, 0, 5, 1, 2, 6], [], []]
2: [[4, 3, 7, 0, 5, 1, 2], [], [6]]
3: [[4, 3, 7, 0, 5, 1], [], [6, 2]]
4: [[4, 3, 7, 0, 5], [1], [6, 2]]
5: [[4, 3, 7, 0, 5], [1, 2], [6]]
6: [[4, 3, 7, 0], [1, 2, 5], [6]]
7: [[4, 3, 7], [1, 2, 5, 0], [6]]
8: [[4, 3], [1, 2, 5, 0], [6, 7]]
9: [[4], [1, 2, 5, 0, 3], [6, 7]]
10: [[], [1, 2, 5, 0, 3, 4], [6, 7]]
11: [[7], [1, 2, 5, 0, 3, 4], [6]]
12: [[7, 6], [1, 2, 5, 0, 3, 4], []]
13: [[7, 6, 4], [1, 2, 5, 0, 3], []]
14: [[7, 6, 4, 3], [1, 2, 5, 0], []]
15: [[7, 6, 4, 3], [1, 2, 5], [0]]
16: [[7, 6, 4], [1, 2, 5], [0, 3]]
17: [[7, 6], [1, 2, 5], [0, 3, 4]]
18: [[7, 6, 5], [1, 2], [0, 3, 4]]
19: [[7, 6, 5, 4], [1, 2], [0, 3]]
20: [[7, 6, 5, 4, 3], [1, 2], [0]]
21: [[7, 6, 5, 4, 3, 2], [1], [0]]
22: [[7, 6, 5, 4, 3, 2, 1], [], [0]]
23: [[7, 6, 5, 4, 3, 2, 1, 0], [], []]
--------------------------

The beam width:                  5
The length of solution:          26
The number of nodes expanded:    261
The total CPU time of heuristic: 0.001857000000012654
The total CPU time of A*:        0.11473900000000015
The type of heuristic:           NonAdimissible
-----------path-----------
1: [[3, 2, 6, 7, 1, 4, 5, 0], [], []]
2: [[3, 2, 6, 7, 1, 4, 5], [], [0]]
3: [[3, 2, 6, 7, 1, 4], [5], [0]]
4: [[3, 2, 6, 7, 1], [5, 4], [0]]
5: [[3, 2, 6, 7], [5, 4], [0, 1]]
6: [[3, 2, 6], [5, 4], [0, 1, 7]]
7: [[3, 2], [5, 4, 6], [0, 1, 7]]
8: [[3], [5, 4, 6], [0, 1, 7, 2]]
9: [[], [5, 4, 6], [0, 1, 7, 2, 3]]
10: [[6], [5, 4], [0, 1, 7, 2, 3]]
11: [[6, 4], [5], [0, 1, 7, 2, 3]]
12: [[6, 4, 3], [5], [0, 1, 7, 2]]
13: [[6, 4, 3, 2], [5], [0, 1, 7]]
14: [[6, 4, 3, 2], [5, 7], [0, 1]]
15: [[6, 4, 3], [5, 7], [0, 1, 2]]
16: [[6, 4], [5, 7], [0, 1, 2, 3]]
17: [[6], [5, 7], [0, 1, 2, 3, 4]]
18: [[], [5, 7], [0, 1, 2, 3, 4, 6]]
19: [[7], [5], [0, 1, 2, 3, 4, 6]]
20: [[7, 6], [5], [0, 1, 2, 3, 4]]
21: [[7, 6, 5], [], [0, 1, 2, 3, 4]]
22: [[7, 6, 5, 4], [], [0, 1, 2, 3]]
23: [[7, 6, 5, 4, 3], [], [0, 1, 2]]
24: [[7, 6, 5, 4, 3, 2], [], [0, 1]]
25: [[7, 6, 5, 4, 3, 2, 1], [], [0]]
26: [[7, 6, 5, 4, 3, 2, 1, 0], [], []]
--------------------------

The beam width:                  5
The length of solution:          27
The number of nodes expanded:    297
The total CPU time of heuristic: 0.0021869999999983847
The total CPU time of A*:        0.1629339999999999
The type of heuristic:           NonAdimissible
-----------path-----------
1: [[1, 6, 0, 5, 7, 3, 2, 4], [], []]
2: [[1, 6, 0, 5, 7, 3, 2], [], [4]]
3: [[1, 6, 0, 5, 7, 3], [2], [4]]
4: [[1, 6, 0, 5, 7], [2, 3], [4]]
5: [[1, 6, 0, 5], [2, 3, 7], [4]]
6: [[1, 6, 0], [2, 3, 7], [4, 5]]
7: [[1, 6], [2, 3, 7, 0], [4, 5]]
8: [[1], [2, 3, 7, 0, 6], [4, 5]]
9: [[], [2, 3, 7, 0, 6], [4, 5, 1]]
10: [[6], [2, 3, 7, 0], [4, 5, 1]]
11: [[6, 1], [2, 3, 7, 0], [4, 5]]
12: [[6, 1, 0], [2, 3, 7], [4, 5]]
13: [[6, 1, 0], [2, 3], [4, 5, 7]]
14: [[6, 1], [2, 3, 0], [4, 5, 7]]
15: [[6], [2, 3, 0, 1], [4, 5, 7]]
16: [[], [2, 3, 0, 1, 6], [4, 5, 7]]
17: [[7], [2, 3, 0, 1, 6], [4, 5]]
18: [[7, 6], [2, 3, 0, 1], [4, 5]]
19: [[7, 6, 5], [2, 3, 0, 1], [4]]
20: [[7, 6, 5, 4], [2, 3, 0, 1], []]
21: [[7, 6, 5, 4, 1], [2, 3, 0], []]
22: [[7, 6, 5, 4, 1], [2, 3], [0]]
23: [[7, 6, 5, 4], [2, 3], [0, 1]]
24: [[7, 6, 5, 4, 3], [2], [0, 1]]
25: [[7, 6, 5, 4, 3, 2], [], [0, 1]]
26: [[7, 6, 5, 4, 3, 2, 1], [], [0]]
27: [[7, 6, 5, 4, 3, 2, 1, 0], [], []]
--------------------------

The beam width:                  5
The length of solution:          24
The number of nodes expanded:    225
The total CPU time of heuristic: 0.0017480000000000828
The total CPU time of A*:        0.10288599999999892
The type of heuristic:           NonAdimissible
-----------path-----------
1: [[4, 2, 6, 5, 1, 7, 0, 3], [], []]
2: [[4, 2, 6, 5, 1, 7, 0], [], [3]]
3: [[4, 2, 6, 5, 1, 7], [0], [3]]
4: [[4, 2, 6, 5, 1], [0], [3, 7]]
5: [[4, 2, 6, 5], [0, 1], [3, 7]]
6: [[4, 2, 6], [0, 1, 5], [3, 7]]
7: [[4, 2], [0, 1, 5, 6], [3, 7]]
8: [[4], [0, 1, 5, 6, 2], [3, 7]]
9: [[], [0, 1, 5, 6, 2, 4], [3, 7]]
10: [[7], [0, 1, 5, 6, 2, 4], [3]]
11: [[7], [0, 1, 5, 6, 2], [3, 4]]
12: [[7, 2], [0, 1, 5, 6], [3, 4]]
13: [[7, 2], [0, 1, 5], [3, 4, 6]]
14: [[7], [0, 1, 5, 2], [3, 4, 6]]
15: [[7, 6], [0, 1, 5, 2], [3, 4]]
16: [[7, 6, 2], [0, 1, 5], [3, 4]]
17: [[7, 6, 2], [0, 1], [3, 4, 5]]
18: [[7, 6], [0, 1, 2], [3, 4, 5]]
19: [[7, 6, 5], [0, 1, 2], [3, 4]]
20: [[7, 6, 5, 4], [0, 1, 2], [3]]
21: [[7, 6, 5, 4, 3], [0, 1, 2], []]
22: [[7, 6, 5, 4, 3, 2], [0, 1], []]
23: [[7, 6, 5, 4, 3, 2, 1], [0], []]
24: [[7, 6, 5, 4, 3, 2, 1, 0], [], []]
--------------------------

The beam width:                  5
The length of solution:          25
The number of nodes expanded:    260
The total CPU time of heuristic: 0.0019669999999960552
The total CPU time of A*:        0.13805600000000062
The type of heuristic:           NonAdimissible
-----------path-----------
1: [[5, 4, 3, 2, 6, 7, 1, 0], [], []]
2: [[5, 4, 3, 2, 6, 7, 1], [0], []]
3: [[5, 4, 3, 2, 6, 7], [0, 1], []]
4: [[5, 4, 3, 2, 6], [0, 1], [7]]
5: [[5, 4, 3, 2], [0, 1, 6], [7]]
6: [[5, 4, 3], [0, 1, 6, 2], [7]]
7: [[5, 4], [0, 1, 6, 2, 3], [7]]
8: [[5], [0, 1, 6, 2, 3, 4], [7]]
9: [[], [0, 1, 6, 2, 3, 4, 5], [7]]
10: [[7], [0, 1, 6, 2, 3, 4, 5], []]
11: [[7, 5], [0, 1, 6, 2, 3, 4], []]
12: [[7, 5], [0, 1, 6, 2, 3], [4]]
13: [[7], [0, 1, 6, 2, 3], [4, 5]]
14: [[7, 3], [0, 1, 6, 2], [4, 5]]
15: [[7, 3, 2], [0, 1, 6], [4, 5]]
16: [[7, 3, 2], [0, 1], [4, 5, 6]]
17: [[7, 3], [0, 1, 2], [4, 5, 6]]
18: [[7], [0, 1, 2, 3], [4, 5, 6]]
19: [[7, 6], [0, 1, 2, 3], [4, 5]]
20: [[7, 6, 5], [0, 1, 2, 3], [4]]
21: [[7, 6, 5, 4], [0, 1, 2, 3], []]
22: [[7, 6, 5, 4, 3], [0, 1, 2], []]
23: [[7, 6, 5, 4, 3, 2], [0, 1], []]
24: [[7, 6, 5, 4, 3, 2, 1], [0], []]
25: [[7, 6, 5, 4, 3, 2, 1, 0], [], []]
--------------------------

The beam width:                  5
The length of solution:          32
The number of nodes expanded:    435
The total CPU time of heuristic: 0.0031439999999705037
The total CPU time of A*:        0.2898189999999996
The type of heuristic:           NonAdimissible
-----------path-----------
1: [[1, 6, 7, 2, 5, 3, 4, 0], [], []]
2: [[1, 6, 7, 2, 5, 3, 4], [], [0]]
3: [[1, 6, 7, 2, 5, 3], [], [0, 4]]
4: [[1, 6, 7, 2, 5], [3], [0, 4]]
5: [[1, 6, 7, 2], [3], [0, 4, 5]]
6: [[1, 6, 7], [3, 2], [0, 4, 5]]
7: [[1, 6], [3, 2], [0, 4, 5, 7]]
8: [[1], [3, 2, 6], [0, 4, 5, 7]]
9: [[], [3, 2, 6], [0, 4, 5, 7, 1]]
10: [[6], [3, 2], [0, 4, 5, 7, 1]]
11: [[6, 2], [3], [0, 4, 5, 7, 1]]
12: [[6, 2, 1], [3], [0, 4, 5, 7]]
13: [[6, 2, 1], [3, 7], [0, 4, 5]]
14: [[6, 2], [3, 7, 1], [0, 4, 5]]
15: [[6], [3, 7, 1, 2], [0, 4, 5]]
16: [[], [3, 7, 1, 2], [0, 4, 5, 6]]
17: [[2], [3, 7, 1], [0, 4, 5, 6]]
18: [[2, 1], [3, 7], [0, 4, 5, 6]]
19: [[2, 1], [3], [0, 4, 5, 6, 7]]
20: [[2], [3, 1], [0, 4, 5, 6, 7]]
21: [[], [3, 1, 2], [0, 4, 5, 6, 7]]
22: [[7], [3, 1, 2], [0, 4, 5, 6]]
23: [[7, 6], [3, 1, 2], [0, 4, 5]]
24: [[7, 6, 5], [3, 1, 2], [0, 4]]
25: [[7, 6, 5, 4], [3, 1, 2], [0]]
26: [[7, 6, 5, 4, 2], [3, 1], [0]]
27: [[7, 6, 5, 4, 2], [3], [0, 1]]
28: [[7, 6, 5, 4], [3], [0, 1, 2]]
29: [[7, 6, 5, 4, 3], [], [0, 1, 2]]
30: [[7, 6, 5, 4, 3, 2], [], [0, 1]]
31: [[7, 6, 5, 4, 3, 2, 1], [], [0]]
32: [[7, 6, 5, 4, 3, 2, 1, 0], [], []]
--------------------------

The beam width:                  5
The length of solution:          22
The number of nodes expanded:    285
The total CPU time of heuristic: 0.0019239999999882684
The total CPU time of A*:        0.14252400000000076
The type of heuristic:           NonAdimissible
-----------path-----------
1: [[3, 4, 6, 5, 2, 1, 7, 0], [], []]
2: [[3, 4, 6, 5, 2, 1, 7], [0], []]
3: [[3, 4, 6, 5, 2, 1], [0], [7]]
4: [[3, 4, 6, 5, 2], [0, 1], [7]]
5: [[3, 4, 6, 5], [0, 1, 2], [7]]
6: [[3, 4, 6], [0, 1, 2, 5], [7]]
7: [[3, 4], [0, 1, 2, 5, 6], [7]]
8: [[3], [0, 1, 2, 5, 6, 4], [7]]
9: [[], [0, 1, 2, 5, 6, 4], [7, 3]]
10: [[4], [0, 1, 2, 5, 6], [7, 3]]
11: [[4, 3], [0, 1, 2, 5, 6], [7]]
12: [[4, 3], [0, 1, 2, 5, 6, 7], []]
13: [[4], [0, 1, 2, 5, 6, 7], [3]]
14: [[], [0, 1, 2, 5, 6, 7], [3, 4]]
15: [[7], [0, 1, 2, 5, 6], [3, 4]]
16: [[7, 6], [0, 1, 2, 5], [3, 4]]
17: [[7, 6, 5], [0, 1, 2], [3, 4]]
18: [[7, 6, 5, 4], [0, 1, 2], [3]]
19: [[7, 6, 5, 4, 3], [0, 1, 2], []]
20: [[7, 6, 5, 4, 3, 2], [0, 1], []]
21: [[7, 6, 5, 4, 3, 2, 1], [0], []]
22: [[7, 6, 5, 4, 3, 2, 1, 0], [], []]
--------------------------

The beam width:                  5
The length of solution:          31
The number of nodes expanded:    409
The total CPU time of heuristic: 0.0029079999999748196
The total CPU time of A*:        0.254359
The type of heuristic:           NonAdimissible
-----------path-----------
1: [[7, 2, 3, 0, 6, 1, 4, 5], [], []]
2: [[7, 2, 3, 0, 6, 1, 4], [5], []]
3: [[7, 2, 3, 0, 6, 1], [5, 4], []]
4: [[7, 2, 3, 0, 6], [5, 4], [1]]
5: [[7, 2, 3, 0], [5, 4], [1, 6]]
6: [[7, 2, 3], [5, 4], [1, 6, 0]]
7: [[7, 2], [5, 4], [1, 6, 0, 3]]
8: [[7, 2, 4], [5], [1, 6, 0, 3]]
9: [[7, 2, 4, 3], [5], [1, 6, 0]]
10: [[7, 2, 4, 3, 0], [5], [1, 6]]
11: [[7, 2, 4, 3, 0], [5, 6], [1]]
12: [[7, 2, 4, 3], [5, 6, 0], [1]]
13: [[7, 2, 4], [5, 6, 0, 3], [1]]
14: [[7, 2], [5, 6, 0, 3, 4], [1]]
15: [[7], [5, 6, 0, 3, 4], [1, 2]]
16: [[7, 4], [5, 6, 0, 3], [1, 2]]
17: [[7, 4], [5, 6, 0], [1, 2, 3]]
18: [[7], [5, 6, 0], [1, 2, 3, 4]]
19: [[7, 0], [5, 6], [1, 2, 3, 4]]
20: [[7, 0], [5], [1, 2, 3, 4, 6]]
21: [[7], [5, 0], [1, 2, 3, 4, 6]]
22: [[7, 6], [5, 0], [1, 2, 3, 4]]
23: [[7, 6, 0], [5], [1, 2, 3, 4]]
24: [[7, 6, 0], [], [1, 2, 3, 4, 5]]
25: [[7, 6], [0], [1, 2, 3, 4, 5]]
26: [[7, 6, 5], [0], [1, 2, 3, 4]]
27: [[7, 6, 5, 4], [0], [1, 2, 3]]
28: [[7, 6, 5, 4, 3], [0], [1, 2]]
29: [[7, 6, 5, 4, 3, 2], [0], [1]]
30: [[7, 6, 5, 4, 3, 2, 1], [0], []]
31: [[7, 6, 5, 4, 3, 2, 1, 0], [], []]
--------------------------

The beam width:                  5
The length of solution:          22
The number of nodes expanded:    191
The total CPU time of heuristic: 0.0012849999999939854
The total CPU time of A*:        0.08210300000000004
The type of heuristic:           NonAdimissible
-----------path-----------
1: [[3, 7, 6, 0, 4, 1, 5, 2], [], []]
2: [[3, 7, 6, 0, 4, 1, 5], [], [2]]
3: [[3, 7, 6, 0, 4, 1], [], [2, 5]]
4: [[3, 7, 6, 0, 4], [1], [2, 5]]
5: [[3, 7, 6, 0], [1, 4], [2, 5]]
6: [[3, 7, 6], [1, 4, 0], [2, 5]]
7: [[3, 7], [1, 4, 0], [2, 5, 6]]
8: [[3], [1, 4, 0], [2, 5, 6, 7]]
9: [[], [1, 4, 0, 3], [2, 5, 6, 7]]
10: [[7], [1, 4, 0, 3], [2, 5, 6]]
11: [[7, 6], [1, 4, 0, 3], [2, 5]]
12: [[7, 6, 5], [1, 4, 0, 3], [2]]
13: [[7, 6, 5], [1, 4, 0], [2, 3]]
14: [[7, 6, 5, 0], [1, 4], [2, 3]]
15: [[7, 6, 5, 0], [1], [2, 3, 4]]
16: [[7, 6, 5], [1, 0], [2, 3, 4]]
17: [[7, 6, 5, 4], [1, 0], [2, 3]]
18: [[7, 6, 5, 4, 3], [1, 0], [2]]
19: [[7, 6, 5, 4, 3, 2], [1, 0], []]
20: [[7, 6, 5, 4, 3, 2], [1], [0]]
21: [[7, 6, 5, 4, 3, 2, 1], [], [0]]
22: [[7, 6, 5, 4, 3, 2, 1, 0], [], []]
--------------------------

The beam width:                  5
The length of solution:          28
The number of nodes expanded:    322
The total CPU time of heuristic: 0.0023380000000106094
The total CPU time of A*:        0.18018400000000057
The type of heuristic:           NonAdimissible
-----------path-----------
1: [[3, 4, 0, 2, 6, 1, 5, 7], [], []]
2: [[3, 4, 0, 2, 6, 1, 5], [], [7]]
3: [[3, 4, 0, 2, 6, 1], [], [7, 5]]
4: [[3, 4, 0, 2, 6], [1], [7, 5]]
5: [[3, 4, 0, 2, 6], [1, 5], [7]]
6: [[3, 4, 0, 2], [1, 5, 6], [7]]
7: [[3, 4, 0], [1, 5, 6, 2], [7]]
8: [[3, 4], [1, 5, 6, 2], [7, 0]]
9: [[3], [1, 5, 6, 2, 4], [7, 0]]
10: [[], [1, 5, 6, 2, 4], [7, 0, 3]]
11: [[4], [1, 5, 6, 2], [7, 0, 3]]
12: [[4, 2], [1, 5, 6], [7, 0, 3]]
13: [[4, 2, 3], [1, 5, 6], [7, 0]]
14: [[4, 2, 3, 0], [1, 5, 6], [7]]
15: [[4, 2, 3, 0], [1, 5, 6, 7], []]
16: [[4, 2, 3], [1, 5, 6, 7], [0]]
17: [[4, 2], [1, 5, 6, 7, 3], [0]]
18: [[4], [1, 5, 6, 7, 3], [0, 2]]
19: [[4], [1, 5, 6, 7], [0, 2, 3]]
20: [[], [1, 5, 6, 7], [0, 2, 3, 4]]
21: [[7], [1, 5, 6], [0, 2, 3, 4]]
22: [[7, 6], [1, 5], [0, 2, 3, 4]]
23: [[7, 6, 5], [1], [0, 2, 3, 4]]
24: [[7, 6, 5, 4], [1], [0, 2, 3]]
25: [[7, 6, 5, 4, 3], [1], [0, 2]]
26: [[7, 6, 5, 4, 3, 2], [1], [0]]
27: [[7, 6, 5, 4, 3, 2, 1], [], [0]]
28: [[7, 6, 5, 4, 3, 2, 1, 0], [], []]
--------------------------

The beam width:                  5
The length of solution:          26
The number of nodes expanded:    306
The total CPU time of heuristic: 0.0021479999999876043
The total CPU time of A*:        0.14927599999999952
The type of heuristic:           NonAdimissible
-----------path-----------
1: [[7, 1, 2, 3, 4, 6, 5, 0], [], []]
2: [[7, 1, 2, 3, 4, 6, 5], [], [0]]
3: [[7, 1, 2, 3, 4, 6], [5], [0]]
4: [[7, 1, 2, 3, 4], [5, 6], [0]]
5: [[7, 1, 2, 3], [5, 6, 4], [0]]
6: [[7, 1, 2], [5, 6, 4], [0, 3]]
7: [[7, 1, 2], [5, 6], [0, 3, 4]]
8: [[7, 1], [5, 6, 2], [0, 3, 4]]
9: [[7], [5, 6, 2], [0, 3, 4, 1]]
10: [[7, 2], [5, 6], [0, 3, 4, 1]]
11: [[7, 2, 1], [5, 6], [0, 3, 4]]
12: [[7, 2, 1], [5], [0, 3, 4, 6]]
13: [[7, 2], [5, 1], [0, 3, 4, 6]]
14: [[7], [5, 1, 2], [0, 3, 4, 6]]
15: [[7, 6], [5, 1, 2], [0, 3, 4]]
16: [[7, 6, 2], [5, 1], [0, 3, 4]]
17: [[7, 6, 2, 1], [5], [0, 3, 4]]
18: [[7, 6, 2, 1], [], [0, 3, 4, 5]]
19: [[7, 6, 2], [1], [0, 3, 4, 5]]
20: [[7, 6], [1, 2], [0, 3, 4, 5]]
21: [[7, 6, 5], [1, 2], [0, 3, 4]]
22: [[7, 6, 5, 4], [1, 2], [0, 3]]
23: [[7, 6, 5, 4, 3], [1, 2], [0]]
24: [[7, 6, 5, 4, 3, 2], [1], [0]]
25: [[7, 6, 5, 4, 3, 2, 1], [], [0]]
26: [[7, 6, 5, 4, 3, 2, 1, 0], [], []]
--------------------------

The beam width:                  5
The length of solution:          24
The number of nodes expanded:    267
The total CPU time of heuristic: 0.0019649999999860057
The total CPU time of A*:        0.13544300000000042
The type of heuristic:           NonAdimissible
-----------path-----------
1: [[0, 6, 7, 5, 3, 1, 4, 2], [], []]
2: [[0, 6, 7, 5, 3, 1, 4], [], [2]]
3: [[0, 6, 7, 5, 3, 1], [], [2, 4]]
4: [[0, 6, 7, 5, 3], [1], [2, 4]]
5: [[0, 6, 7, 5], [1, 3], [2, 4]]
6: [[0, 6, 7], [1, 3, 5], [2, 4]]
7: [[0, 6], [1, 3, 5], [2, 4, 7]]
8: [[0], [1, 3, 5, 6], [2, 4, 7]]
9: [[], [1, 3, 5, 6, 0], [2, 4, 7]]
10: [[7], [1, 3, 5, 6, 0], [2, 4]]
11: [[7], [1, 3, 5, 6], [2, 4, 0]]
12: [[7, 6], [1, 3, 5], [2, 4, 0]]
13: [[7, 6, 5], [1, 3], [2, 4, 0]]
14: [[7, 6, 5, 0], [1, 3], [2, 4]]
15: [[7, 6, 5, 0], [1, 3, 4], [2]]
16: [[7, 6, 5], [1, 3, 4], [2, 0]]
17: [[7, 6, 5, 4], [1, 3], [2, 0]]
18: [[7, 6, 5, 4, 3], [1], [2, 0]]
19: [[7, 6, 5, 4, 3, 0], [1], [2]]
20: [[7, 6, 5, 4, 3, 0], [1, 2], []]
21: [[7, 6, 5, 4, 3], [1, 2], [0]]
22: [[7, 6, 5, 4, 3, 2], [1], [0]]
23: [[7, 6, 5, 4, 3, 2, 1], [], [0]]
24: [[7, 6, 5, 4, 3, 2, 1, 0], [], []]
--------------------------

The beam width:                  5
The length of solution:          23
The number of nodes expanded:    207
The total CPU time of heuristic: 0.001332000000010325
The total CPU time of A*:        0.08246300000000062
The type of heuristic:           NonAdimissible
-----------path-----------
1: [[5, 7, 3, 0, 2, 4, 1, 6], [], []]
2: [[5, 7, 3, 0, 2, 4, 1], [6], []]
3: [[5, 7, 3, 0, 2, 4], [6], [1]]
4: [[5, 7, 3, 0, 2], [6, 4], [1]]
5: [[5, 7, 3, 0], [6, 4], [1, 2]]
6: [[5, 7, 3, 0], [6], [1, 2, 4]]
7: [[5, 7, 3], [6, 0], [1, 2, 4]]
8: [[5, 7], [6, 0, 3], [1, 2, 4]]
9: [[5], [6, 0, 3, 7], [1, 2, 4]]
10: [[], [6, 0, 3, 7], [1, 2, 4, 5]]
11: [[7], [6, 0, 3], [1, 2, 4, 5]]
12: [[7, 3], [6, 0], [1, 2, 4, 5]]
13: [[7, 3, 0], [6], [1, 2, 4, 5]]
14: [[7, 3, 0], [], [1, 2, 4, 5, 6]]
15: [[7, 3], [0], [1, 2, 4, 5, 6]]
16: [[7], [0, 3], [1, 2, 4, 5, 6]]
17: [[7, 6], [0, 3], [1, 2, 4, 5]]
18: [[7, 6, 5], [0, 3], [1, 2, 4]]
19: [[7, 6, 5, 4], [0, 3], [1, 2]]
20: [[7, 6, 5, 4, 3], [0], [1, 2]]
21: [[7, 6, 5, 4, 3, 2], [0], [1]]
22: [[7, 6, 5, 4, 3, 2, 1], [0], []]
23: [[7, 6, 5, 4, 3, 2, 1, 0], [], []]
--------------------------

