The beam width:                  100
The length of solution:          21
The number of nodes expanded:    876
The total CPU time of heuristic: 0.006015000000388682
The total CPU time of A*:        0.49919099999999617
The type of heuristic:           NonAdimissible
-----------path-----------
1: [[7, 6, 3, 0, 5, 8, 2, 1, 4], [], []]
2: [[7, 6, 3, 0, 5, 8, 2, 1], [], [4]]
3: [[7, 6, 3, 0, 5, 8, 2], [1], [4]]
4: [[7, 6, 3, 0, 5, 8], [1, 2], [4]]
5: [[7, 6, 3, 0, 5, 8], [1, 2, 4], []]
6: [[7, 6, 3, 0, 5], [1, 2, 4, 8], []]
7: [[7, 6, 3, 0], [1, 2, 4, 8, 5], []]
8: [[7, 6, 3], [1, 2, 4, 8, 5], [0]]
9: [[7, 6], [1, 2, 4, 8, 5], [0, 3]]
10: [[7, 6], [1, 2, 4, 8], [0, 3, 5]]
11: [[7], [1, 2, 4, 8], [0, 3, 5, 6]]
12: [[], [1, 2, 4, 8], [0, 3, 5, 6, 7]]
13: [[8], [1, 2, 4], [0, 3, 5, 6, 7]]
14: [[8, 7], [1, 2, 4], [0, 3, 5, 6]]
15: [[8, 7, 6], [1, 2, 4], [0, 3, 5]]
16: [[8, 7, 6, 5], [1, 2, 4], [0, 3]]
17: [[8, 7, 6, 5, 4], [1, 2], [0, 3]]
18: [[8, 7, 6, 5, 4, 3], [1, 2], [0]]
19: [[8, 7, 6, 5, 4, 3, 2], [1], [0]]
20: [[8, 7, 6, 5, 4, 3, 2, 1], [], [0]]
21: [[8, 7, 6, 5, 4, 3, 2, 1, 0], [], []]
--------------------------

The beam width:                  100
The length of solution:          11
The number of nodes expanded:    1002
The total CPU time of heuristic: 0.006853000000063503
The total CPU time of A*:        0.6004370000000279
The type of heuristic:           NonAdimissible
-----------path-----------
1: [[2, 7, 6, 3, 4, 5, 8, 1, 0], [], []]
2: [[2, 7, 6, 3, 4, 5, 8, 1], [0], []]
3: [[2, 7, 6, 3, 4, 5, 8], [0, 1], []]
4: [[2, 7, 6, 3, 4, 5], [0, 1, 8], []]
5: [[2, 7, 6, 3, 4], [0, 1, 8, 5], []]
6: [[2, 7, 6, 3], [0, 1, 8, 5], [4]]
7: [[2, 7, 6, 3], [0, 1, 8], [4, 5]]
8: [[2, 7, 6, 3], [0, 1], [4, 5, 8]]
9: [[2, 7, 6], [0, 1, 3], [4, 5, 8]]
10: [[2, 7], [0, 1, 3, 6], [4, 5, 8]]
11: [[2], [0, 1, 3, 6, 7], [4, 5, 8]]
--------------------------

The beam width:                  100
The length of solution:          21
The number of nodes expanded:    879
The total CPU time of heuristic: 0.005810000000394666
The total CPU time of A*:        0.47773700000001895
The type of heuristic:           NonAdimissible
-----------path-----------
1: [[7, 3, 5, 2, 6, 8, 1, 0, 4], [], []]
2: [[7, 3, 5, 2, 6, 8, 1, 0], [4], []]
3: [[7, 3, 5, 2, 6, 8, 1], [4], [0]]
4: [[7, 3, 5, 2, 6, 8], [4], [0, 1]]
5: [[7, 3, 5, 2, 6], [4], [0, 1, 8]]
6: [[7, 3, 5, 2], [4, 6], [0, 1, 8]]
7: [[7, 3, 5, 2], [4, 6, 8], [0, 1]]
8: [[7, 3, 5], [4, 6, 8], [0, 1, 2]]
9: [[7, 3], [4, 6, 8, 5], [0, 1, 2]]
10: [[7], [4, 6, 8, 5], [0, 1, 2, 3]]
11: [[7], [4, 6, 8], [0, 1, 2, 3, 5]]
12: [[], [4, 6, 8], [0, 1, 2, 3, 5, 7]]
13: [[8], [4, 6], [0, 1, 2, 3, 5, 7]]
14: [[8, 7], [4, 6], [0, 1, 2, 3, 5]]
15: [[8, 7, 6], [4], [0, 1, 2, 3, 5]]
16: [[8, 7, 6, 5], [4], [0, 1, 2, 3]]
17: [[8, 7, 6, 5, 4], [], [0, 1, 2, 3]]
18: [[8, 7, 6, 5, 4, 3], [], [0, 1, 2]]
19: [[8, 7, 6, 5, 4, 3, 2], [], [0, 1]]
20: [[8, 7, 6, 5, 4, 3, 2, 1], [], [0]]
21: [[8, 7, 6, 5, 4, 3, 2, 1, 0], [], []]
--------------------------

The beam width:                  100
The length of solution:          8
The number of nodes expanded:    1004
The total CPU time of heuristic: 0.007562999999066733
The total CPU time of A*:        0.6207910000000254
The type of heuristic:           NonAdimissible
-----------path-----------
1: [[5, 7, 2, 1, 3, 4, 6, 0, 8], [], []]
2: [[5, 7, 2, 1, 3, 4, 6, 0], [], [8]]
3: [[5, 7, 2, 1, 3, 4, 6], [], [8, 0]]
4: [[5, 7, 2, 1, 3, 4], [], [8, 0, 6]]
5: [[5, 7, 2, 1, 3], [4], [8, 0, 6]]
6: [[5, 7, 2, 1, 3], [4, 6], [8, 0]]
7: [[5, 7, 2, 1], [4, 6, 3], [8, 0]]
8: [[5, 7, 2], [4, 6, 3], [8, 0, 1]]
--------------------------

The beam width:                  100
The length of solution:          8
The number of nodes expanded:    1002
The total CPU time of heuristic: 0.007144999999951551
The total CPU time of A*:        0.5836010000000158
The type of heuristic:           NonAdimissible
-----------path-----------
1: [[6, 0, 2, 8, 3, 5, 1, 7, 4], [], []]
2: [[6, 0, 2, 8, 3, 5, 1, 7], [4], []]
3: [[6, 0, 2, 8, 3, 5, 1], [4], [7]]
4: [[6, 0, 2, 8, 3, 5], [4], [7, 1]]
5: [[6, 0, 2, 8, 3], [4, 5], [7, 1]]
6: [[6, 0, 2, 8, 3], [4, 5, 1], [7]]
7: [[6, 0, 2, 8], [4, 5, 1, 3], [7]]
8: [[6, 0, 2], [4, 5, 1, 3], [7, 8]]
--------------------------

The beam width:                  100
The length of solution:          20
The number of nodes expanded:    378
The total CPU time of heuristic: 0.0025420000002611687
The total CPU time of A*:        0.1886339999999791
The type of heuristic:           NonAdimissible
-----------path-----------
1: [[7, 5, 8, 2, 6, 4, 0, 1, 3], [], []]
2: [[7, 5, 8, 2, 6, 4, 0, 1], [3], []]
3: [[7, 5, 8, 2, 6, 4, 0], [3, 1], []]
4: [[7, 5, 8, 2, 6, 4], [3, 1], [0]]
5: [[7, 5, 8, 2, 6, 4], [3], [0, 1]]
6: [[7, 5, 8, 2, 6], [3, 4], [0, 1]]
7: [[7, 5, 8, 2], [3, 4, 6], [0, 1]]
8: [[7, 5, 8], [3, 4, 6], [0, 1, 2]]
9: [[7, 5], [3, 4, 6, 8], [0, 1, 2]]
10: [[7], [3, 4, 6, 8], [0, 1, 2, 5]]
11: [[], [3, 4, 6, 8], [0, 1, 2, 5, 7]]
12: [[8], [3, 4, 6], [0, 1, 2, 5, 7]]
13: [[8, 7], [3, 4, 6], [0, 1, 2, 5]]
14: [[8, 7, 6], [3, 4], [0, 1, 2, 5]]
15: [[8, 7, 6, 5], [3, 4], [0, 1, 2]]
16: [[8, 7, 6, 5, 4], [3], [0, 1, 2]]
17: [[8, 7, 6, 5, 4, 3], [], [0, 1, 2]]
18: [[8, 7, 6, 5, 4, 3, 2], [], [0, 1]]
19: [[8, 7, 6, 5, 4, 3, 2, 1], [], [0]]
20: [[8, 7, 6, 5, 4, 3, 2, 1, 0], [], []]
--------------------------

The beam width:                  100
The length of solution:          9
The number of nodes expanded:    1001
The total CPU time of heuristic: 0.007565999999712858
The total CPU time of A*:        0.5607620000000111
The type of heuristic:           NonAdimissible
-----------path-----------
1: [[8, 5, 0, 3, 6, 7, 2, 4, 1], [], []]
2: [[8, 5, 0, 3, 6, 7, 2, 4], [], [1]]
3: [[8, 5, 0, 3, 6, 7, 2], [], [1, 4]]
4: [[8, 5, 0, 3, 6, 7], [2], [1, 4]]
5: [[8, 5, 0, 3, 6], [2, 7], [1, 4]]
6: [[8, 5, 0, 3], [2, 7], [1, 4, 6]]
7: [[8, 5, 0], [2, 7], [1, 4, 6, 3]]
8: [[8, 5], [2, 7, 0], [1, 4, 6, 3]]
9: [[8], [2, 7, 0], [1, 4, 6, 3, 5]]
--------------------------

The beam width:                  100
The length of solution:          21
The number of nodes expanded:    461
The total CPU time of heuristic: 0.0031510000001730987
The total CPU time of A*:        0.2204409999999939
The type of heuristic:           NonAdimissible
-----------path-----------
1: [[7, 5, 3, 2, 6, 0, 4, 1, 8], [], []]
2: [[7, 5, 3, 2, 6, 0, 4, 1], [], [8]]
3: [[7, 5, 3, 2, 6, 0, 4], [1], [8]]
4: [[7, 5, 3, 2, 6, 0], [1, 4], [8]]
5: [[7, 5, 3, 2, 6, 0], [1, 4, 8], []]
6: [[7, 5, 3, 2, 6], [1, 4, 8], [0]]
7: [[7, 5, 3, 2], [1, 4, 8, 6], [0]]
8: [[7, 5, 3], [1, 4, 8, 6], [0, 2]]
9: [[7, 5], [1, 4, 8, 6], [0, 2, 3]]
10: [[7], [1, 4, 8, 6], [0, 2, 3, 5]]
11: [[7], [1, 4, 8], [0, 2, 3, 5, 6]]
12: [[], [1, 4, 8], [0, 2, 3, 5, 6, 7]]
13: [[8], [1, 4], [0, 2, 3, 5, 6, 7]]
14: [[8, 7], [1, 4], [0, 2, 3, 5, 6]]
15: [[8, 7, 6], [1, 4], [0, 2, 3, 5]]
16: [[8, 7, 6, 5], [1, 4], [0, 2, 3]]
17: [[8, 7, 6, 5, 4], [1], [0, 2, 3]]
18: [[8, 7, 6, 5, 4, 3], [1], [0, 2]]
19: [[8, 7, 6, 5, 4, 3, 2], [1], [0]]
20: [[8, 7, 6, 5, 4, 3, 2, 1], [], [0]]
21: [[8, 7, 6, 5, 4, 3, 2, 1, 0], [], []]
--------------------------

The beam width:                  100
The length of solution:          9
The number of nodes expanded:    1004
The total CPU time of heuristic: 0.007041999999671589
The total CPU time of A*:        0.5656379999999785
The type of heuristic:           NonAdimissible
-----------path-----------
1: [[0, 1, 4, 8, 2, 6, 7, 3, 5], [], []]
2: [[0, 1, 4, 8, 2, 6, 7, 3], [], [5]]
3: [[0, 1, 4, 8, 2, 6, 7], [3], [5]]
4: [[0, 1, 4, 8, 2, 6, 7], [3, 5], []]
5: [[0, 1, 4, 8, 2, 6], [3, 5], [7]]
6: [[0, 1, 4, 8, 2], [3, 5, 6], [7]]
7: [[0, 1, 4, 8], [3, 5, 6], [7, 2]]
8: [[0, 1, 4], [3, 5, 6, 8], [7, 2]]
9: [[0, 1], [3, 5, 6, 8, 4], [7, 2]]
--------------------------

The beam width:                  100
The length of solution:          11
The number of nodes expanded:    1002
The total CPU time of heuristic: 0.006941999999440895
The total CPU time of A*:        0.5693919999999935
The type of heuristic:           NonAdimissible
-----------path-----------
1: [[6, 2, 4, 5, 8, 3, 0, 7, 1], [], []]
2: [[6, 2, 4, 5, 8, 3, 0, 7], [], [1]]
3: [[6, 2, 4, 5, 8, 3, 0], [], [1, 7]]
4: [[6, 2, 4, 5, 8, 3], [0], [1, 7]]
5: [[6, 2, 4, 5, 8], [0, 3], [1, 7]]
6: [[6, 2, 4, 5], [0, 3], [1, 7, 8]]
7: [[6, 2, 4], [0, 3], [1, 7, 8, 5]]
8: [[6, 2], [0, 3, 4], [1, 7, 8, 5]]
9: [[6, 2], [0, 3, 4, 5], [1, 7, 8]]
10: [[6], [0, 3, 4, 5, 2], [1, 7, 8]]
11: [[], [0, 3, 4, 5, 2, 6], [1, 7, 8]]
--------------------------

The beam width:                  100
The length of solution:          8
The number of nodes expanded:    1001
The total CPU time of heuristic: 0.007142999999814492
The total CPU time of A*:        0.5923910000000205
The type of heuristic:           NonAdimissible
-----------path-----------
1: [[5, 1, 3, 8, 2, 0, 4, 7, 6], [], []]
2: [[5, 1, 3, 8, 2, 0, 4, 7], [], [6]]
3: [[5, 1, 3, 8, 2, 0, 4], [], [6, 7]]
4: [[5, 1, 3, 8, 2, 0], [4], [6, 7]]
5: [[5, 1, 3, 8, 2, 0], [4, 7], [6]]
6: [[5, 1, 3, 8, 2], [4, 7, 0], [6]]
7: [[5, 1, 3, 8], [4, 7, 0, 2], [6]]
8: [[5, 1, 3], [4, 7, 0, 2, 8], [6]]
--------------------------

The beam width:                  100
The length of solution:          9
The number of nodes expanded:    1001
The total CPU time of heuristic: 0.007700000000426144
The total CPU time of A*:        0.6161069999999995
The type of heuristic:           NonAdimissible
-----------path-----------
1: [[6, 2, 1, 3, 4, 5, 7, 8, 0], [], []]
2: [[6, 2, 1, 3, 4, 5, 7, 8], [0], []]
3: [[6, 2, 1, 3, 4, 5, 7], [0, 8], []]
4: [[6, 2, 1, 3, 4, 5], [0, 8], [7]]
5: [[6, 2, 1, 3, 4, 5], [0], [7, 8]]
6: [[6, 2, 1, 3, 4], [0], [7, 8, 5]]
7: [[6, 2, 1, 3], [0, 4], [7, 8, 5]]
8: [[6, 2, 1], [0, 4, 3], [7, 8, 5]]
9: [[6, 2, 1, 5], [0, 4, 3], [7, 8]]
--------------------------

The beam width:                  100
The length of solution:          8
The number of nodes expanded:    1002
The total CPU time of heuristic: 0.007006999999873642
The total CPU time of A*:        0.553937999999988
The type of heuristic:           NonAdimissible
-----------path-----------
1: [[8, 4, 0, 6, 2, 1, 7, 5, 3], [], []]
2: [[8, 4, 0, 6, 2, 1, 7, 5], [3], []]
3: [[8, 4, 0, 6, 2, 1, 7], [3, 5], []]
4: [[8, 4, 0, 6, 2, 1], [3, 5], [7]]
5: [[8, 4, 0, 6, 2], [3, 5], [7, 1]]
6: [[8, 4, 0, 6], [3, 5], [7, 1, 2]]
7: [[8, 4, 0], [3, 5, 6], [7, 1, 2]]
8: [[8, 4], [3, 5, 6, 0], [7, 1, 2]]
--------------------------

The beam width:                  100
The length of solution:          8
The number of nodes expanded:    1001
The total CPU time of heuristic: 0.006643999999198513
The total CPU time of A*:        0.5600379999999916
The type of heuristic:           NonAdimissible
-----------path-----------
1: [[2, 1, 8, 5, 6, 7, 3, 0, 4], [], []]
2: [[2, 1, 8, 5, 6, 7, 3, 0], [], [4]]
3: [[2, 1, 8, 5, 6, 7, 3], [0], [4]]
4: [[2, 1, 8, 5, 6, 7, 3], [0, 4], []]
5: [[2, 1, 8, 5, 6, 7], [0, 4], [3]]
6: [[2, 1, 8, 5, 6], [0, 4, 7], [3]]
7: [[2, 1, 8, 5], [0, 4, 7, 6], [3]]
8: [[2, 1, 8], [0, 4, 7, 6], [3, 5]]
--------------------------

The beam width:                  100
The length of solution:          9
The number of nodes expanded:    1003
The total CPU time of heuristic: 0.007056000000119411
The total CPU time of A*:        0.5823680000000024
The type of heuristic:           NonAdimissible
-----------path-----------
1: [[7, 5, 0, 3, 1, 4, 6, 8, 2], [], []]
2: [[7, 5, 0, 3, 1, 4, 6, 8], [], [2]]
3: [[7, 5, 0, 3, 1, 4, 6], [8], [2]]
4: [[7, 5, 0, 3, 1, 4], [8], [2, 6]]
5: [[7, 5, 0, 3, 1, 4], [], [2, 6, 8]]
6: [[7, 5, 0, 3, 1], [4], [2, 6, 8]]
7: [[7, 5, 0, 3], [4], [2, 6, 8, 1]]
8: [[7, 5, 0], [4, 3], [2, 6, 8, 1]]
9: [[7, 5, 0, 1], [4, 3], [2, 6, 8]]
--------------------------

The beam width:                  100
The length of solution:          9
The number of nodes expanded:    1003
The total CPU time of heuristic: 0.007234000000238439
The total CPU time of A*:        0.5698030000000074
The type of heuristic:           NonAdimissible
-----------path-----------
1: [[8, 0, 1, 3, 7, 5, 4, 6, 2], [], []]
2: [[8, 0, 1, 3, 7, 5, 4, 6], [2], []]
3: [[8, 0, 1, 3, 7, 5, 4], [2, 6], []]
4: [[8, 0, 1, 3, 7, 5], [2, 6], [4]]
5: [[8, 0, 1, 3, 7, 5], [2], [4, 6]]
6: [[8, 0, 1, 3, 7], [2, 5], [4, 6]]
7: [[8, 0, 1, 3], [2, 5], [4, 6, 7]]
8: [[8, 0, 1], [2, 5, 3], [4, 6, 7]]
9: [[8, 0], [2, 5, 3], [4, 6, 7, 1]]
--------------------------

The beam width:                  100
The length of solution:          8
The number of nodes expanded:    1004
The total CPU time of heuristic: 0.0066479999993589445
The total CPU time of A*:        0.5380069999999648
The type of heuristic:           NonAdimissible
-----------path-----------
1: [[3, 2, 5, 6, 4, 0, 8, 7, 1], [], []]
2: [[3, 2, 5, 6, 4, 0, 8, 7], [], [1]]
3: [[3, 2, 5, 6, 4, 0, 8], [7], [1]]
4: [[3, 2, 5, 6, 4, 0], [7, 8], [1]]
5: [[3, 2, 5, 6, 4], [7, 8, 0], [1]]
6: [[3, 2, 5, 6], [7, 8, 0, 4], [1]]
7: [[3, 2, 5], [7, 8, 0, 4], [1, 6]]
8: [[3, 2], [7, 8, 0, 4, 5], [1, 6]]
--------------------------

The beam width:                  100
The length of solution:          8
The number of nodes expanded:    1001
The total CPU time of heuristic: 0.006824000000221986
The total CPU time of A*:        0.560763000000037
The type of heuristic:           NonAdimissible
-----------path-----------
1: [[7, 5, 0, 8, 2, 4, 1, 6, 3], [], []]
2: [[7, 5, 0, 8, 2, 4, 1, 6], [], [3]]
3: [[7, 5, 0, 8, 2, 4, 1], [], [3, 6]]
4: [[7, 5, 0, 8, 2, 4], [], [3, 6, 1]]
5: [[7, 5, 0, 8, 2], [4], [3, 6, 1]]
6: [[7, 5, 0, 8, 2], [4, 1], [3, 6]]
7: [[7, 5, 0, 8], [4, 1, 2], [3, 6]]
8: [[7, 5, 0], [4, 1, 2], [3, 6, 8]]
--------------------------

The beam width:                  100
The length of solution:          11
The number of nodes expanded:    1002
The total CPU time of heuristic: 0.007289000000582746
The total CPU time of A*:        0.5860030000000336
The type of heuristic:           NonAdimissible
-----------path-----------
1: [[6, 5, 0, 2, 1, 8, 7, 3, 4], [], []]
2: [[6, 5, 0, 2, 1, 8, 7, 3], [4], []]
3: [[6, 5, 0, 2, 1, 8, 7], [4], [3]]
4: [[6, 5, 0, 2, 1, 8], [4, 7], [3]]
5: [[6, 5, 0, 2, 1], [4, 7, 8], [3]]
6: [[6, 5, 0, 2, 1], [4, 7, 8, 3], []]
7: [[6, 5, 0, 2], [4, 7, 8, 3], [1]]
8: [[6, 5, 0], [4, 7, 8, 3], [1, 2]]
9: [[6, 5, 0], [4, 7, 8], [1, 2, 3]]
10: [[6, 5], [4, 7, 8, 0], [1, 2, 3]]
11: [[6], [4, 7, 8, 0], [1, 2, 3, 5]]
--------------------------

The beam width:                  100
The length of solution:          9
The number of nodes expanded:    1001
The total CPU time of heuristic: 0.006957000000284097
The total CPU time of A*:        0.5681660000000193
The type of heuristic:           NonAdimissible
-----------path-----------
1: [[1, 4, 6, 8, 2, 3, 0, 7, 5], [], []]
2: [[1, 4, 6, 8, 2, 3, 0, 7], [], [5]]
3: [[1, 4, 6, 8, 2, 3, 0], [], [5, 7]]
4: [[1, 4, 6, 8, 2, 3], [0], [5, 7]]
5: [[1, 4, 6, 8, 2], [0, 3], [5, 7]]
6: [[1, 4, 6, 8, 2], [0, 3, 7], [5]]
7: [[1, 4, 6, 8], [0, 3, 7, 2], [5]]
8: [[1, 4, 6], [0, 3, 7, 2, 8], [5]]
9: [[1, 4], [0, 3, 7, 2, 8], [5, 6]]
--------------------------

