The beam width:                  15
The length of solution:          26
The number of nodes expanded:    748
The total CPU time of heuristic: 0.005093000000073289
The total CPU time of A*:        0.4627389999999991
The type of heuristic:           NonAdimissible
-----------path-----------
1: [[1, 3, 0, 6, 5, 2, 4, 7], [], []]
2: [[1, 3, 0, 6, 5, 2, 4], [7], []]
3: [[1, 3, 0, 6, 5, 2], [7, 4], []]
4: [[1, 3, 0, 6, 5], [7, 4], [2]]
5: [[1, 3, 0, 6, 5], [7], [2, 4]]
6: [[1, 3, 0, 6], [7], [2, 4, 5]]
7: [[1, 3, 0], [7], [2, 4, 5, 6]]
8: [[1, 3], [7, 0], [2, 4, 5, 6]]
9: [[1], [7, 0, 3], [2, 4, 5, 6]]
10: [[], [7, 0, 3], [2, 4, 5, 6, 1]]
11: [[3], [7, 0], [2, 4, 5, 6, 1]]
12: [[3, 0], [7], [2, 4, 5, 6, 1]]
13: [[3, 0, 1], [7], [2, 4, 5, 6]]
14: [[3, 0, 1], [], [2, 4, 5, 6, 7]]
15: [[3, 0], [1], [2, 4, 5, 6, 7]]
16: [[3], [1, 0], [2, 4, 5, 6, 7]]
17: [[], [1, 0, 3], [2, 4, 5, 6, 7]]
18: [[7], [1, 0, 3], [2, 4, 5, 6]]
19: [[7, 6], [1, 0, 3], [2, 4, 5]]
20: [[7, 6, 5], [1, 0, 3], [2, 4]]
21: [[7, 6, 5, 4], [1, 0, 3], [2]]
22: [[7, 6, 5, 4, 3], [1, 0], [2]]
23: [[7, 6, 5, 4, 3, 2], [1, 0], []]
24: [[7, 6, 5, 4, 3, 2], [1], [0]]
25: [[7, 6, 5, 4, 3, 2, 1], [], [0]]
26: [[7, 6, 5, 4, 3, 2, 1, 0], [], []]
--------------------------

The beam width:                  15
The length of solution:          18
The number of nodes expanded:    195
The total CPU time of heuristic: 0.0012979999999558345
The total CPU time of A*:        0.060445000000001414
The type of heuristic:           NonAdimissible
-----------path-----------
1: [[5, 4, 6, 1, 7, 0, 3, 2], [], []]
2: [[5, 4, 6, 1, 7, 0, 3], [2], []]
3: [[5, 4, 6, 1, 7, 0], [2, 3], []]
4: [[5, 4, 6, 1, 7], [2, 3], [0]]
5: [[5, 4, 6, 1], [2, 3, 7], [0]]
6: [[5, 4, 6], [2, 3, 7], [0, 1]]
7: [[5, 4], [2, 3, 7, 6], [0, 1]]
8: [[5], [2, 3, 7, 6], [0, 1, 4]]
9: [[], [2, 3, 7, 6], [0, 1, 4, 5]]
10: [[], [2, 3, 7], [0, 1, 4, 5, 6]]
11: [[7], [2, 3], [0, 1, 4, 5, 6]]
12: [[7, 6], [2, 3], [0, 1, 4, 5]]
13: [[7, 6, 5], [2, 3], [0, 1, 4]]
14: [[7, 6, 5, 4], [2, 3], [0, 1]]
15: [[7, 6, 5, 4, 3], [2], [0, 1]]
16: [[7, 6, 5, 4, 3, 2], [], [0, 1]]
17: [[7, 6, 5, 4, 3, 2, 1], [], [0]]
18: [[7, 6, 5, 4, 3, 2, 1, 0], [], []]
--------------------------

The beam width:                  15
The length of solution:          25
The number of nodes expanded:    591
The total CPU time of heuristic: 0.0040779999999074334
The total CPU time of A*:        0.3188469999999981
The type of heuristic:           NonAdimissible
-----------path-----------
1: [[0, 5, 3, 4, 2, 1, 6, 7], [], []]
2: [[0, 5, 3, 4, 2, 1, 6], [], [7]]
3: [[0, 5, 3, 4, 2, 1], [], [7, 6]]
4: [[0, 5, 3, 4, 2], [1], [7, 6]]
5: [[0, 5, 3, 4], [1, 2], [7, 6]]
6: [[0, 5, 3], [1, 2, 4], [7, 6]]
7: [[0, 5, 3], [1, 2, 4, 6], [7]]
8: [[0, 5], [1, 2, 4, 6, 3], [7]]
9: [[0], [1, 2, 4, 6, 3, 5], [7]]
10: [[], [1, 2, 4, 6, 3, 5], [7, 0]]
11: [[5], [1, 2, 4, 6, 3], [7, 0]]
12: [[5, 3], [1, 2, 4, 6], [7, 0]]
13: [[5, 3, 0], [1, 2, 4, 6], [7]]
14: [[5, 3, 0], [1, 2, 4, 6, 7], []]
15: [[5, 3], [1, 2, 4, 6, 7], [0]]
16: [[5], [1, 2, 4, 6, 7], [0, 3]]
17: [[], [1, 2, 4, 6, 7], [0, 3, 5]]
18: [[7], [1, 2, 4, 6], [0, 3, 5]]
19: [[7, 6], [1, 2, 4], [0, 3, 5]]
20: [[7, 6, 5], [1, 2, 4], [0, 3]]
21: [[7, 6, 5, 4], [1, 2], [0, 3]]
22: [[7, 6, 5, 4, 3], [1, 2], [0]]
23: [[7, 6, 5, 4, 3, 2], [1], [0]]
24: [[7, 6, 5, 4, 3, 2, 1], [], [0]]
25: [[7, 6, 5, 4, 3, 2, 1, 0], [], []]
--------------------------

The beam width:                  15
The length of solution:          19
The number of nodes expanded:    376
The total CPU time of heuristic: 0.0026530000000306586
The total CPU time of A*:        0.16254700000000355
The type of heuristic:           NonAdimissible
-----------path-----------
1: [[2, 4, 3, 5, 7, 6, 0, 1], [], []]
2: [[2, 4, 3, 5, 7, 6, 0], [], [1]]
3: [[2, 4, 3, 5, 7, 6], [0], [1]]
4: [[2, 4, 3, 5, 7], [0, 6], [1]]
5: [[2, 4, 3, 5], [0, 6, 7], [1]]
6: [[2, 4, 3], [0, 6, 7, 5], [1]]
7: [[2, 4], [0, 6, 7, 5], [1, 3]]
8: [[2], [0, 6, 7, 5], [1, 3, 4]]
9: [[], [0, 6, 7, 5], [1, 3, 4, 2]]
10: [[], [0, 6, 7], [1, 3, 4, 2, 5]]
11: [[7], [0, 6], [1, 3, 4, 2, 5]]
12: [[7, 6], [0], [1, 3, 4, 2, 5]]
13: [[7, 6, 5], [0], [1, 3, 4, 2]]
14: [[7, 6, 5], [0, 2], [1, 3, 4]]
15: [[7, 6, 5, 4], [0, 2], [1, 3]]
16: [[7, 6, 5, 4, 3], [0, 2], [1]]
17: [[7, 6, 5, 4, 3, 2], [0], [1]]
18: [[7, 6, 5, 4, 3, 2, 1], [0], []]
19: [[7, 6, 5, 4, 3, 2, 1, 0], [], []]
--------------------------

The beam width:                  15
The length of solution:          21
The number of nodes expanded:    442
The total CPU time of heuristic: 0.003024999999958311
The total CPU time of A*:        0.19282399999999456
The type of heuristic:           NonAdimissible
-----------path-----------
1: [[5, 4, 2, 6, 3, 7, 1, 0], [], []]
2: [[5, 4, 2, 6, 3, 7, 1], [], [0]]
3: [[5, 4, 2, 6, 3, 7], [], [0, 1]]
4: [[5, 4, 2, 6, 3], [7], [0, 1]]
5: [[5, 4, 2, 6], [7, 3], [0, 1]]
6: [[5, 4, 2], [7, 3, 6], [0, 1]]
7: [[5, 4], [7, 3, 6], [0, 1, 2]]
8: [[5], [7, 3, 6], [0, 1, 2, 4]]
9: [[], [7, 3, 6], [0, 1, 2, 4, 5]]
10: [[], [7, 3], [0, 1, 2, 4, 5, 6]]
11: [[3], [7], [0, 1, 2, 4, 5, 6]]
12: [[3], [], [0, 1, 2, 4, 5, 6, 7]]
13: [[], [3], [0, 1, 2, 4, 5, 6, 7]]
14: [[7], [3], [0, 1, 2, 4, 5, 6]]
15: [[7, 6], [3], [0, 1, 2, 4, 5]]
16: [[7, 6, 5], [3], [0, 1, 2, 4]]
17: [[7, 6, 5, 4], [3], [0, 1, 2]]
18: [[7, 6, 5, 4, 3], [], [0, 1, 2]]
19: [[7, 6, 5, 4, 3, 2], [], [0, 1]]
20: [[7, 6, 5, 4, 3, 2, 1], [], [0]]
21: [[7, 6, 5, 4, 3, 2, 1, 0], [], []]
--------------------------

The beam width:                  15
The length of solution:          28
The number of nodes expanded:    740
The total CPU time of heuristic: 0.005410000000011905
The total CPU time of A*:        0.46213299999999435
The type of heuristic:           NonAdimissible
-----------path-----------
1: [[1, 4, 0, 3, 7, 2, 6, 5], [], []]
2: [[1, 4, 0, 3, 7, 2, 6], [5], []]
3: [[1, 4, 0, 3, 7, 2], [5, 6], []]
4: [[1, 4, 0, 3, 7], [5, 6, 2], []]
5: [[1, 4, 0, 3], [5, 6, 2], [7]]
6: [[1, 4, 0], [5, 6, 2, 3], [7]]
7: [[1, 4], [5, 6, 2, 3], [7, 0]]
8: [[1], [5, 6, 2, 3, 4], [7, 0]]
9: [[], [5, 6, 2, 3, 4], [7, 0, 1]]
10: [[4], [5, 6, 2, 3], [7, 0, 1]]
11: [[4, 3], [5, 6, 2], [7, 0, 1]]
12: [[4, 3, 2], [5, 6], [7, 0, 1]]
13: [[4, 3, 2, 1], [5, 6], [7, 0]]
14: [[4, 3, 2, 1, 0], [5, 6], [7]]
15: [[4, 3, 2, 1, 0], [5, 6, 7], []]
16: [[4, 3, 2, 1], [5, 6, 7], [0]]
17: [[4, 3, 2], [5, 6, 7], [0, 1]]
18: [[4, 3], [5, 6, 7], [0, 1, 2]]
19: [[4], [5, 6, 7], [0, 1, 2, 3]]
20: [[], [5, 6, 7], [0, 1, 2, 3, 4]]
21: [[7], [5, 6], [0, 1, 2, 3, 4]]
22: [[7, 6], [5], [0, 1, 2, 3, 4]]
23: [[7, 6, 5], [], [0, 1, 2, 3, 4]]
24: [[7, 6, 5, 4], [], [0, 1, 2, 3]]
25: [[7, 6, 5, 4, 3], [], [0, 1, 2]]
26: [[7, 6, 5, 4, 3, 2], [], [0, 1]]
27: [[7, 6, 5, 4, 3, 2, 1], [], [0]]
28: [[7, 6, 5, 4, 3, 2, 1, 0], [], []]
--------------------------

The beam width:                  15
The length of solution:          27
The number of nodes expanded:    718
The total CPU time of heuristic: 0.004867999999952133
The total CPU time of A*:        0.4278770000000023
The type of heuristic:           NonAdimissible
-----------path-----------
1: [[1, 3, 0, 6, 2, 7, 4, 5], [], []]
2: [[1, 3, 0, 6, 2, 7, 4], [5], []]
3: [[1, 3, 0, 6, 2, 7], [5], [4]]
4: [[1, 3, 0, 6, 2, 7], [], [4, 5]]
5: [[1, 3, 0, 6, 2], [7], [4, 5]]
6: [[1, 3, 0, 6], [7, 2], [4, 5]]
7: [[1, 3, 0], [7, 2], [4, 5, 6]]
8: [[1, 3], [7, 2], [4, 5, 6, 0]]
9: [[1], [7, 2, 3], [4, 5, 6, 0]]
10: [[], [7, 2, 3], [4, 5, 6, 0, 1]]
11: [[3], [7, 2], [4, 5, 6, 0, 1]]
12: [[3, 2], [7], [4, 5, 6, 0, 1]]
13: [[3, 2, 1], [7], [4, 5, 6, 0]]
14: [[3, 2, 1, 0], [7], [4, 5, 6]]
15: [[3, 2, 1, 0], [], [4, 5, 6, 7]]
16: [[3, 2, 1], [0], [4, 5, 6, 7]]
17: [[3, 2], [0, 1], [4, 5, 6, 7]]
18: [[3], [0, 1, 2], [4, 5, 6, 7]]
19: [[], [0, 1, 2, 3], [4, 5, 6, 7]]
20: [[7], [0, 1, 2, 3], [4, 5, 6]]
21: [[7, 6], [0, 1, 2, 3], [4, 5]]
22: [[7, 6, 5], [0, 1, 2, 3], [4]]
23: [[7, 6, 5, 4], [0, 1, 2, 3], []]
24: [[7, 6, 5, 4, 3], [0, 1, 2], []]
25: [[7, 6, 5, 4, 3, 2], [0, 1], []]
26: [[7, 6, 5, 4, 3, 2, 1], [0], []]
27: [[7, 6, 5, 4, 3, 2, 1, 0], [], []]
--------------------------

The beam width:                  15
The length of solution:          23
The number of nodes expanded:    508
The total CPU time of heuristic: 0.0034539999998628446
The total CPU time of A*:        0.24878400000000056
The type of heuristic:           NonAdimissible
-----------path-----------
1: [[4, 3, 7, 0, 5, 1, 2, 6], [], []]
2: [[4, 3, 7, 0, 5, 1, 2], [], [6]]
3: [[4, 3, 7, 0, 5, 1], [], [6, 2]]
4: [[4, 3, 7, 0, 5], [1], [6, 2]]
5: [[4, 3, 7, 0, 5], [1, 2], [6]]
6: [[4, 3, 7, 0], [1, 2, 5], [6]]
7: [[4, 3, 7], [1, 2, 5, 0], [6]]
8: [[4, 3], [1, 2, 5, 0], [6, 7]]
9: [[4], [1, 2, 5, 0, 3], [6, 7]]
10: [[], [1, 2, 5, 0, 3, 4], [6, 7]]
11: [[7], [1, 2, 5, 0, 3, 4], [6]]
12: [[7, 6], [1, 2, 5, 0, 3, 4], []]
13: [[7, 6, 4], [1, 2, 5, 0, 3], []]
14: [[7, 6, 4, 3], [1, 2, 5, 0], []]
15: [[7, 6, 4, 3], [1, 2, 5], [0]]
16: [[7, 6, 4], [1, 2, 5], [0, 3]]
17: [[7, 6], [1, 2, 5], [0, 3, 4]]
18: [[7, 6, 5], [1, 2], [0, 3, 4]]
19: [[7, 6, 5, 4], [1, 2], [0, 3]]
20: [[7, 6, 5, 4, 3], [1, 2], [0]]
21: [[7, 6, 5, 4, 3, 2], [1], [0]]
22: [[7, 6, 5, 4, 3, 2, 1], [], [0]]
23: [[7, 6, 5, 4, 3, 2, 1, 0], [], []]
--------------------------

The beam width:                  15
The length of solution:          19
The number of nodes expanded:    309
The total CPU time of heuristic: 0.0019609999999943284
The total CPU time of A*:        0.10516799999999904
The type of heuristic:           NonAdimissible
-----------path-----------
1: [[3, 2, 6, 7, 1, 4, 5, 0], [], []]
2: [[3, 2, 6, 7, 1, 4, 5], [0], []]
3: [[3, 2, 6, 7, 1, 4], [0], [5]]
4: [[3, 2, 6, 7, 1], [0, 4], [5]]
5: [[3, 2, 6, 7, 1], [0, 4, 5], []]
6: [[3, 2, 6, 7], [0, 4, 5], [1]]
7: [[3, 2, 6], [0, 4, 5, 7], [1]]
8: [[3, 2], [0, 4, 5, 7, 6], [1]]
9: [[3], [0, 4, 5, 7, 6], [1, 2]]
10: [[], [0, 4, 5, 7, 6], [1, 2, 3]]
11: [[], [0, 4, 5, 7], [1, 2, 3, 6]]
12: [[7], [0, 4, 5], [1, 2, 3, 6]]
13: [[7, 6], [0, 4, 5], [1, 2, 3]]
14: [[7, 6, 5], [0, 4], [1, 2, 3]]
15: [[7, 6, 5, 4], [0], [1, 2, 3]]
16: [[7, 6, 5, 4, 3], [0], [1, 2]]
17: [[7, 6, 5, 4, 3, 2], [0], [1]]
18: [[7, 6, 5, 4, 3, 2, 1], [0], []]
19: [[7, 6, 5, 4, 3, 2, 1, 0], [], []]
--------------------------

The beam width:                  15
The length of solution:          21
The number of nodes expanded:    410
The total CPU time of heuristic: 0.002912000000030446
The total CPU time of A*:        0.1877489999999966
The type of heuristic:           NonAdimissible
-----------path-----------
1: [[1, 6, 0, 5, 7, 3, 2, 4], [], []]
2: [[1, 6, 0, 5, 7, 3, 2], [], [4]]
3: [[1, 6, 0, 5, 7, 3], [2], [4]]
4: [[1, 6, 0, 5, 7], [2, 3], [4]]
5: [[1, 6, 0, 5, 7], [2, 3, 4], []]
6: [[1, 6, 0, 5], [2, 3, 4, 7], []]
7: [[1, 6, 0], [2, 3, 4, 7, 5], []]
8: [[1, 6], [2, 3, 4, 7, 5], [0]]
9: [[1], [2, 3, 4, 7, 5, 6], [0]]
10: [[], [2, 3, 4, 7, 5, 6], [0, 1]]
11: [[6], [2, 3, 4, 7, 5], [0, 1]]
12: [[6], [2, 3, 4, 7], [0, 1, 5]]
13: [[], [2, 3, 4, 7], [0, 1, 5, 6]]
14: [[7], [2, 3, 4], [0, 1, 5, 6]]
15: [[7, 6], [2, 3, 4], [0, 1, 5]]
16: [[7, 6, 5], [2, 3, 4], [0, 1]]
17: [[7, 6, 5, 4], [2, 3], [0, 1]]
18: [[7, 6, 5, 4, 3], [2], [0, 1]]
19: [[7, 6, 5, 4, 3, 2], [], [0, 1]]
20: [[7, 6, 5, 4, 3, 2, 1], [], [0]]
21: [[7, 6, 5, 4, 3, 2, 1, 0], [], []]
--------------------------

The beam width:                  15
The length of solution:          21
The number of nodes expanded:    448
The total CPU time of heuristic: 0.0031740000000368696
The total CPU time of A*:        0.21434899999999857
The type of heuristic:           NonAdimissible
-----------path-----------
1: [[4, 2, 6, 5, 1, 7, 0, 3], [], []]
2: [[4, 2, 6, 5, 1, 7, 0], [], [3]]
3: [[4, 2, 6, 5, 1, 7], [0], [3]]
4: [[4, 2, 6, 5, 1, 7], [0, 3], []]
5: [[4, 2, 6, 5, 1], [0, 3, 7], []]
6: [[4, 2, 6, 5], [0, 3, 7], [1]]
7: [[4, 2, 6], [0, 3, 7, 5], [1]]
8: [[4, 2], [0, 3, 7, 5, 6], [1]]
9: [[4], [0, 3, 7, 5, 6], [1, 2]]
10: [[], [0, 3, 7, 5, 6], [1, 2, 4]]
11: [[6], [0, 3, 7, 5], [1, 2, 4]]
12: [[6], [0, 3, 7], [1, 2, 4, 5]]
13: [[], [0, 3, 7], [1, 2, 4, 5, 6]]
14: [[7], [0, 3], [1, 2, 4, 5, 6]]
15: [[7, 6], [0, 3], [1, 2, 4, 5]]
16: [[7, 6, 5], [0, 3], [1, 2, 4]]
17: [[7, 6, 5, 4], [0, 3], [1, 2]]
18: [[7, 6, 5, 4, 3], [0], [1, 2]]
19: [[7, 6, 5, 4, 3, 2], [0], [1]]
20: [[7, 6, 5, 4, 3, 2, 1], [0], []]
21: [[7, 6, 5, 4, 3, 2, 1, 0], [], []]
--------------------------

The beam width:                  15
The length of solution:          18
The number of nodes expanded:    392
The total CPU time of heuristic: 0.0026430000000772225
The total CPU time of A*:        0.17899500000000046
The type of heuristic:           NonAdimissible
-----------path-----------
1: [[5, 4, 3, 2, 6, 7, 1, 0], [], []]
2: [[5, 4, 3, 2, 6, 7, 1], [], [0]]
3: [[5, 4, 3, 2, 6, 7], [], [0, 1]]
4: [[5, 4, 3, 2, 6], [7], [0, 1]]
5: [[5, 4, 3, 2], [7, 6], [0, 1]]
6: [[5, 4, 3], [7, 6], [0, 1, 2]]
7: [[5, 4], [7, 6], [0, 1, 2, 3]]
8: [[5], [7, 6], [0, 1, 2, 3, 4]]
9: [[], [7, 6], [0, 1, 2, 3, 4, 5]]
10: [[], [7], [0, 1, 2, 3, 4, 5, 6]]
11: [[7], [], [0, 1, 2, 3, 4, 5, 6]]
12: [[7, 6], [], [0, 1, 2, 3, 4, 5]]
13: [[7, 6, 5], [], [0, 1, 2, 3, 4]]
14: [[7, 6, 5, 4], [], [0, 1, 2, 3]]
15: [[7, 6, 5, 4, 3], [], [0, 1, 2]]
16: [[7, 6, 5, 4, 3, 2], [], [0, 1]]
17: [[7, 6, 5, 4, 3, 2, 1], [], [0]]
18: [[7, 6, 5, 4, 3, 2, 1, 0], [], []]
--------------------------

The beam width:                  15
The length of solution:          26
The number of nodes expanded:    737
The total CPU time of heuristic: 0.005396000000153833
The total CPU time of A*:        0.4733749999999972
The type of heuristic:           NonAdimissible
-----------path-----------
1: [[1, 6, 7, 2, 5, 3, 4, 0], [], []]
2: [[1, 6, 7, 2, 5, 3, 4], [0], []]
3: [[1, 6, 7, 2, 5, 3], [0], [4]]
4: [[1, 6, 7, 2, 5], [0, 3], [4]]
5: [[1, 6, 7, 2, 5], [0, 3, 4], []]
6: [[1, 6, 7, 2], [0, 3, 4, 5], []]
7: [[1, 6, 7], [0, 3, 4, 5], [2]]
8: [[1, 6], [0, 3, 4, 5], [2, 7]]
9: [[1], [0, 3, 4, 5, 6], [2, 7]]
10: [[], [0, 3, 4, 5, 6, 1], [2, 7]]
11: [[7], [0, 3, 4, 5, 6, 1], [2]]
12: [[7, 1], [0, 3, 4, 5, 6], [2]]
13: [[7, 1], [0, 3, 4, 5], [2, 6]]
14: [[7], [0, 3, 4, 5, 1], [2, 6]]
15: [[7, 6], [0, 3, 4, 5, 1], [2]]
16: [[7, 6, 1], [0, 3, 4, 5], [2]]
17: [[7, 6, 1], [0, 3, 4], [2, 5]]
18: [[7, 6], [0, 3, 4, 1], [2, 5]]
19: [[7, 6, 5], [0, 3, 4, 1], [2]]
20: [[7, 6, 5], [0, 3, 4], [2, 1]]
21: [[7, 6, 5, 4], [0, 3], [2, 1]]
22: [[7, 6, 5, 4, 3], [0], [2, 1]]
23: [[7, 6, 5, 4, 3], [0, 1], [2]]
24: [[7, 6, 5, 4, 3, 2], [0, 1], []]
25: [[7, 6, 5, 4, 3, 2, 1], [0], []]
26: [[7, 6, 5, 4, 3, 2, 1, 0], [], []]
--------------------------

The beam width:                  15
The length of solution:          23
The number of nodes expanded:    654
The total CPU time of heuristic: 0.004443000000144082
The total CPU time of A*:        0.37048099999999806
The type of heuristic:           NonAdimissible
-----------path-----------
1: [[3, 4, 6, 5, 2, 1, 7, 0], [], []]
2: [[3, 4, 6, 5, 2, 1, 7], [0], []]
3: [[3, 4, 6, 5, 2, 1], [0, 7], []]
4: [[3, 4, 6, 5, 2], [0, 7], [1]]
5: [[3, 4, 6, 5], [0, 7], [1, 2]]
6: [[3, 4, 6], [0, 7, 5], [1, 2]]
7: [[3, 4], [0, 7, 5], [1, 2, 6]]
8: [[3], [0, 7, 5], [1, 2, 6, 4]]
9: [[3, 5], [0, 7], [1, 2, 6, 4]]
10: [[3, 5, 4], [0, 7], [1, 2, 6]]
11: [[3, 5, 4], [0], [1, 2, 6, 7]]
12: [[3, 5], [0, 4], [1, 2, 6, 7]]
13: [[3], [0, 4, 5], [1, 2, 6, 7]]
14: [[], [0, 4, 5, 3], [1, 2, 6, 7]]
15: [[7], [0, 4, 5, 3], [1, 2, 6]]
16: [[7, 6], [0, 4, 5, 3], [1, 2]]
17: [[7, 6], [0, 4, 5], [1, 2, 3]]
18: [[7, 6, 5], [0, 4], [1, 2, 3]]
19: [[7, 6, 5, 4], [0], [1, 2, 3]]
20: [[7, 6, 5, 4, 3], [0], [1, 2]]
21: [[7, 6, 5, 4, 3, 2], [0], [1]]
22: [[7, 6, 5, 4, 3, 2, 1], [0], []]
23: [[7, 6, 5, 4, 3, 2, 1, 0], [], []]
--------------------------

The beam width:                  15
The length of solution:          22
The number of nodes expanded:    573
The total CPU time of heuristic: 0.003843999999972425
The total CPU time of A*:        0.28252800000000633
The type of heuristic:           NonAdimissible
-----------path-----------
1: [[7, 2, 3, 0, 6, 1, 4, 5], [], []]
2: [[7, 2, 3, 0, 6, 1, 4], [5], []]
3: [[7, 2, 3, 0, 6, 1], [5], [4]]
4: [[7, 2, 3, 0, 6, 1], [], [4, 5]]
5: [[7, 2, 3, 0, 6], [1], [4, 5]]
6: [[7, 2, 3, 0], [1], [4, 5, 6]]
7: [[7, 2, 3], [1, 0], [4, 5, 6]]
8: [[7, 2], [1, 0, 3], [4, 5, 6]]
9: [[7], [1, 0, 3], [4, 5, 6, 2]]
10: [[7, 3], [1, 0], [4, 5, 6, 2]]
11: [[7, 3, 0], [1], [4, 5, 6, 2]]
12: [[7, 3, 0], [1, 2], [4, 5, 6]]
13: [[7, 3], [1, 2, 0], [4, 5, 6]]
14: [[7], [1, 2, 0, 3], [4, 5, 6]]
15: [[7, 6], [1, 2, 0, 3], [4, 5]]
16: [[7, 6, 5], [1, 2, 0, 3], [4]]
17: [[7, 6, 5, 4], [1, 2, 0, 3], []]
18: [[7, 6, 5, 4, 3], [1, 2, 0], []]
19: [[7, 6, 5, 4, 3], [1, 2], [0]]
20: [[7, 6, 5, 4, 3, 2], [1], [0]]
21: [[7, 6, 5, 4, 3, 2, 1], [], [0]]
22: [[7, 6, 5, 4, 3, 2, 1, 0], [], []]
--------------------------

The beam width:                  15
The length of solution:          22
The number of nodes expanded:    451
The total CPU time of heuristic: 0.0031140000000817736
The total CPU time of A*:        0.21911599999999964
The type of heuristic:           NonAdimissible
-----------path-----------
1: [[3, 7, 6, 0, 4, 1, 5, 2], [], []]
2: [[3, 7, 6, 0, 4, 1, 5], [], [2]]
3: [[3, 7, 6, 0, 4, 1], [], [2, 5]]
4: [[3, 7, 6, 0, 4], [1], [2, 5]]
5: [[3, 7, 6, 0], [1, 4], [2, 5]]
6: [[3, 7, 6], [1, 4, 0], [2, 5]]
7: [[3, 7], [1, 4, 0], [2, 5, 6]]
8: [[3], [1, 4, 0], [2, 5, 6, 7]]
9: [[], [1, 4, 0, 3], [2, 5, 6, 7]]
10: [[7], [1, 4, 0, 3], [2, 5, 6]]
11: [[7, 6], [1, 4, 0, 3], [2, 5]]
12: [[7, 6, 5], [1, 4, 0, 3], [2]]
13: [[7, 6, 5], [1, 4, 0], [2, 3]]
14: [[7, 6, 5, 0], [1, 4], [2, 3]]
15: [[7, 6, 5, 0], [1], [2, 3, 4]]
16: [[7, 6, 5], [1, 0], [2, 3, 4]]
17: [[7, 6, 5, 4], [1, 0], [2, 3]]
18: [[7, 6, 5, 4, 3], [1, 0], [2]]
19: [[7, 6, 5, 4, 3, 2], [1, 0], []]
20: [[7, 6, 5, 4, 3, 2], [1], [0]]
21: [[7, 6, 5, 4, 3, 2, 1], [], [0]]
22: [[7, 6, 5, 4, 3, 2, 1, 0], [], []]
--------------------------

The beam width:                  15
The length of solution:          26
The number of nodes expanded:    656
The total CPU time of heuristic: 0.004456999999923994
The total CPU time of A*:        0.37204099999999585
The type of heuristic:           NonAdimissible
-----------path-----------
1: [[3, 4, 0, 2, 6, 1, 5, 7], [], []]
2: [[3, 4, 0, 2, 6, 1, 5], [7], []]
3: [[3, 4, 0, 2, 6, 1], [7, 5], []]
4: [[3, 4, 0, 2, 6], [7, 5], [1]]
5: [[3, 4, 0, 2], [7, 5, 6], [1]]
6: [[3, 4, 0], [7, 5, 6], [1, 2]]
7: [[3, 4, 0], [7, 5], [1, 2, 6]]
8: [[3, 4], [7, 5], [1, 2, 6, 0]]
9: [[3], [7, 5], [1, 2, 6, 0, 4]]
10: [[3, 5], [7], [1, 2, 6, 0, 4]]
11: [[3, 5, 4], [7], [1, 2, 6, 0]]
12: [[3, 5, 4, 0], [7], [1, 2, 6]]
13: [[3, 5, 4, 0], [], [1, 2, 6, 7]]
14: [[3, 5, 4], [0], [1, 2, 6, 7]]
15: [[3, 5], [0, 4], [1, 2, 6, 7]]
16: [[3], [0, 4, 5], [1, 2, 6, 7]]
17: [[], [0, 4, 5, 3], [1, 2, 6, 7]]
18: [[7], [0, 4, 5, 3], [1, 2, 6]]
19: [[7, 6], [0, 4, 5, 3], [1, 2]]
20: [[7, 6], [0, 4, 5], [1, 2, 3]]
21: [[7, 6, 5], [0, 4], [1, 2, 3]]
22: [[7, 6, 5, 4], [0], [1, 2, 3]]
23: [[7, 6, 5, 4, 3], [0], [1, 2]]
24: [[7, 6, 5, 4, 3, 2], [0], [1]]
25: [[7, 6, 5, 4, 3, 2, 1], [0], []]
26: [[7, 6, 5, 4, 3, 2, 1, 0], [], []]
--------------------------

The beam width:                  15
The length of solution:          26
The number of nodes expanded:    834
The total CPU time of heuristic: 0.005912000000023454
The total CPU time of A*:        0.5534899999999894
The type of heuristic:           NonAdimissible
-----------path-----------
1: [[7, 1, 2, 3, 4, 6, 5, 0], [], []]
2: [[7, 1, 2, 3, 4, 6, 5], [], [0]]
3: [[7, 1, 2, 3, 4, 6], [], [0, 5]]
4: [[7, 1, 2, 3, 4], [6], [0, 5]]
5: [[7, 1, 2, 3], [6, 4], [0, 5]]
6: [[7, 1, 2], [6, 4], [0, 5, 3]]
7: [[7, 1, 2, 4], [6], [0, 5, 3]]
8: [[7, 1, 2, 4], [6, 3], [0, 5]]
9: [[7, 1, 2], [6, 3, 4], [0, 5]]
10: [[7, 1], [6, 3, 4], [0, 5, 2]]
11: [[7, 1, 4], [6, 3], [0, 5, 2]]
12: [[7, 1, 4, 3], [6], [0, 5, 2]]
13: [[7, 1, 4, 3, 2], [6], [0, 5]]
14: [[7, 1, 4, 3, 2], [], [0, 5, 6]]
15: [[7, 1, 4, 3], [2], [0, 5, 6]]
16: [[7, 1, 4], [2, 3], [0, 5, 6]]
17: [[7, 1], [2, 3, 4], [0, 5, 6]]
18: [[7], [2, 3, 4, 1], [0, 5, 6]]
19: [[7, 6], [2, 3, 4, 1], [0, 5]]
20: [[7, 6, 5], [2, 3, 4, 1], [0]]
21: [[7, 6, 5], [2, 3, 4], [0, 1]]
22: [[7, 6, 5, 4], [2, 3], [0, 1]]
23: [[7, 6, 5, 4, 3], [2], [0, 1]]
24: [[7, 6, 5, 4, 3, 2], [], [0, 1]]
25: [[7, 6, 5, 4, 3, 2, 1], [], [0]]
26: [[7, 6, 5, 4, 3, 2, 1, 0], [], []]
--------------------------

The beam width:                  15
The length of solution:          27
The number of nodes expanded:    883
The total CPU time of heuristic: 0.006204999999944505
The total CPU time of A*:        0.6467010000000002
The type of heuristic:           NonAdimissible
-----------path-----------
1: [[0, 6, 7, 5, 3, 1, 4, 2], [], []]
2: [[0, 6, 7, 5, 3, 1, 4], [], [2]]
3: [[0, 6, 7, 5, 3, 1], [], [2, 4]]
4: [[0, 6, 7, 5, 3], [1], [2, 4]]
5: [[0, 6, 7, 5], [1, 3], [2, 4]]
6: [[0, 6, 7], [1, 3, 5], [2, 4]]
7: [[0, 6], [1, 3, 5], [2, 4, 7]]
8: [[0], [1, 3, 5, 6], [2, 4, 7]]
9: [[], [1, 3, 5, 6, 0], [2, 4, 7]]
10: [[7], [1, 3, 5, 6, 0], [2, 4]]
11: [[7, 0], [1, 3, 5, 6], [2, 4]]
12: [[7, 0], [1, 3, 5], [2, 4, 6]]
13: [[7], [1, 3, 5, 0], [2, 4, 6]]
14: [[7, 6], [1, 3, 5, 0], [2, 4]]
15: [[7, 6, 0], [1, 3, 5], [2, 4]]
16: [[7, 6, 0], [1, 3], [2, 4, 5]]
17: [[7, 6], [1, 3, 0], [2, 4, 5]]
18: [[7, 6, 5], [1, 3, 0], [2, 4]]
19: [[7, 6, 5, 4], [1, 3, 0], [2]]
20: [[7, 6, 5, 4, 0], [1, 3], [2]]
21: [[7, 6, 5, 4, 0], [1], [2, 3]]
22: [[7, 6, 5, 4], [1, 0], [2, 3]]
23: [[7, 6, 5, 4, 3], [1, 0], [2]]
24: [[7, 6, 5, 4, 3, 2], [1, 0], []]
25: [[7, 6, 5, 4, 3, 2], [1], [0]]
26: [[7, 6, 5, 4, 3, 2, 1], [], [0]]
27: [[7, 6, 5, 4, 3, 2, 1, 0], [], []]
--------------------------

The beam width:                  15
The length of solution:          20
The number of nodes expanded:    416
The total CPU time of heuristic: 0.0028480000000215
The total CPU time of A*:        0.1866719999999944
The type of heuristic:           NonAdimissible
-----------path-----------
1: [[5, 7, 3, 0, 2, 4, 1, 6], [], []]
2: [[5, 7, 3, 0, 2, 4, 1], [6], []]
3: [[5, 7, 3, 0, 2, 4], [6], [1]]
4: [[5, 7, 3, 0, 2], [6], [1, 4]]
5: [[5, 7, 3, 0, 2], [], [1, 4, 6]]
6: [[5, 7, 3, 0], [2], [1, 4, 6]]
7: [[5, 7, 3], [2, 0], [1, 4, 6]]
8: [[5, 7], [2, 0, 3], [1, 4, 6]]
9: [[5], [2, 0, 3], [1, 4, 6, 7]]
10: [[], [2, 0, 3, 5], [1, 4, 6, 7]]
11: [[7], [2, 0, 3, 5], [1, 4, 6]]
12: [[7, 6], [2, 0, 3, 5], [1, 4]]
13: [[7, 6, 5], [2, 0, 3], [1, 4]]
14: [[7, 6, 5, 4], [2, 0, 3], [1]]
15: [[7, 6, 5, 4, 3], [2, 0], [1]]
16: [[7, 6, 5, 4, 3], [2], [1, 0]]
17: [[7, 6, 5, 4, 3, 2], [], [1, 0]]
18: [[7, 6, 5, 4, 3, 2], [0], [1]]
19: [[7, 6, 5, 4, 3, 2, 1], [0], []]
20: [[7, 6, 5, 4, 3, 2, 1, 0], [], []]
--------------------------

