The beam width:                  10
The length of solution:          21
The number of nodes expanded:    321
The total CPU time of heuristic: 0.00221500000004049
The total CPU time of A*:        0.13752800000000143
The type of heuristic:           NonAdimissible
-----------path-----------
1: [[2, 1, 0, 4, 3, 5, 6], [], []]
2: [[2, 1, 0, 4, 3, 5], [6], []]
3: [[2, 1, 0, 4, 3], [6], [5]]
4: [[2, 1, 0, 4, 3], [], [5, 6]]
5: [[2, 1, 0, 4], [3], [5, 6]]
6: [[2, 1, 0], [3, 4], [5, 6]]
7: [[2, 1], [3, 4, 0], [5, 6]]
8: [[2], [3, 4, 0, 1], [5, 6]]
9: [[], [3, 4, 0, 1, 2], [5, 6]]
10: [[6], [3, 4, 0, 1, 2], [5]]
11: [[6, 5], [3, 4, 0, 1, 2], []]
12: [[6, 5, 2], [3, 4, 0, 1], []]
13: [[6, 5, 2, 1], [3, 4, 0], []]
14: [[6, 5, 2, 1], [3, 4], [0]]
15: [[6, 5, 2], [3, 4], [0, 1]]
16: [[6, 5], [3, 4], [0, 1, 2]]
17: [[6, 5, 4], [3], [0, 1, 2]]
18: [[6, 5, 4, 3], [], [0, 1, 2]]
19: [[6, 5, 4, 3, 2], [], [0, 1]]
20: [[6, 5, 4, 3, 2, 1], [], [0]]
21: [[6, 5, 4, 3, 2, 1, 0], [], []]
--------------------------

The beam width:                  10
The length of solution:          21
The number of nodes expanded:    365
The total CPU time of heuristic: 0.002402000000003568
The total CPU time of A*:        0.15090600000000087
The type of heuristic:           NonAdimissible
-----------path-----------
1: [[1, 2, 5, 6, 3, 0, 4], [], []]
2: [[1, 2, 5, 6, 3, 0], [4], []]
3: [[1, 2, 5, 6, 3], [4], [0]]
4: [[1, 2, 5, 6], [4], [0, 3]]
5: [[1, 2, 5, 6], [], [0, 3, 4]]
6: [[1, 2, 5], [6], [0, 3, 4]]
7: [[1, 2], [6], [0, 3, 4, 5]]
8: [[1], [6, 2], [0, 3, 4, 5]]
9: [[], [6, 2], [0, 3, 4, 5, 1]]
10: [[2], [6], [0, 3, 4, 5, 1]]
11: [[2, 1], [6], [0, 3, 4, 5]]
12: [[2, 1], [], [0, 3, 4, 5, 6]]
13: [[2], [1], [0, 3, 4, 5, 6]]
14: [[], [1, 2], [0, 3, 4, 5, 6]]
15: [[6], [1, 2], [0, 3, 4, 5]]
16: [[6, 5], [1, 2], [0, 3, 4]]
17: [[6, 5, 4], [1, 2], [0, 3]]
18: [[6, 5, 4, 3], [1, 2], [0]]
19: [[6, 5, 4, 3, 2], [1], [0]]
20: [[6, 5, 4, 3, 2, 1], [], [0]]
21: [[6, 5, 4, 3, 2, 1, 0], [], []]
--------------------------

The beam width:                  10
The length of solution:          16
The number of nodes expanded:    228
The total CPU time of heuristic: 0.0015160000000129514
The total CPU time of A*:        0.07348599999999905
The type of heuristic:           NonAdimissible
-----------path-----------
1: [[5, 6, 0, 3, 4, 2, 1], [], []]
2: [[5, 6, 0, 3, 4, 2], [1], []]
3: [[5, 6, 0, 3, 4], [1, 2], []]
4: [[5, 6, 0, 3], [1, 2], [4]]
5: [[5, 6, 0], [1, 2, 3], [4]]
6: [[5, 6], [1, 2, 3, 0], [4]]
7: [[5], [1, 2, 3, 0], [4, 6]]
8: [[], [1, 2, 3, 0, 5], [4, 6]]
9: [[6], [1, 2, 3, 0, 5], [4]]
10: [[6, 5], [1, 2, 3, 0], [4]]
11: [[6, 5, 4], [1, 2, 3, 0], []]
12: [[6, 5, 4], [1, 2, 3], [0]]
13: [[6, 5, 4, 3], [1, 2], [0]]
14: [[6, 5, 4, 3, 2], [1], [0]]
15: [[6, 5, 4, 3, 2, 1], [], [0]]
16: [[6, 5, 4, 3, 2, 1, 0], [], []]
--------------------------

The beam width:                  10
The length of solution:          16
The number of nodes expanded:    180
The total CPU time of heuristic: 0.0011820000000000164
The total CPU time of A*:        0.05757000000000012
The type of heuristic:           NonAdimissible
-----------path-----------
1: [[2, 4, 6, 3, 1, 5, 0], [], []]
2: [[2, 4, 6, 3, 1, 5], [], [0]]
3: [[2, 4, 6, 3, 1], [], [0, 5]]
4: [[2, 4, 6, 3], [1], [0, 5]]
5: [[2, 4, 6], [1, 3], [0, 5]]
6: [[2, 4], [1, 3], [0, 5, 6]]
7: [[2], [1, 3, 4], [0, 5, 6]]
8: [[], [1, 3, 4, 2], [0, 5, 6]]
9: [[6], [1, 3, 4, 2], [0, 5]]
10: [[6, 5], [1, 3, 4, 2], [0]]
11: [[6, 5], [1, 3, 4], [0, 2]]
12: [[6, 5, 4], [1, 3], [0, 2]]
13: [[6, 5, 4, 3], [1], [0, 2]]
14: [[6, 5, 4, 3, 2], [1], [0]]
15: [[6, 5, 4, 3, 2, 1], [], [0]]
16: [[6, 5, 4, 3, 2, 1, 0], [], []]
--------------------------

The beam width:                  10
The length of solution:          16
The number of nodes expanded:    143
The total CPU time of heuristic: 0.0010420000000266327
The total CPU time of A*:        0.04367000000000232
The type of heuristic:           NonAdimissible
-----------path-----------
1: [[4, 6, 2, 3, 0, 5, 1], [], []]
2: [[4, 6, 2, 3, 0, 5], [1], []]
3: [[4, 6, 2, 3, 0], [1, 5], []]
4: [[4, 6, 2, 3], [1, 5], [0]]
5: [[4, 6, 2], [1, 5, 3], [0]]
6: [[4, 6], [1, 5, 3], [0, 2]]
7: [[4, 6], [1, 5], [0, 2, 3]]
8: [[4], [1, 5, 6], [0, 2, 3]]
9: [[], [1, 5, 6], [0, 2, 3, 4]]
10: [[6], [1, 5], [0, 2, 3, 4]]
11: [[6, 5], [1], [0, 2, 3, 4]]
12: [[6, 5, 4], [1], [0, 2, 3]]
13: [[6, 5, 4, 3], [1], [0, 2]]
14: [[6, 5, 4, 3, 2], [1], [0]]
15: [[6, 5, 4, 3, 2, 1], [], [0]]
16: [[6, 5, 4, 3, 2, 1, 0], [], []]
--------------------------

The beam width:                  10
The length of solution:          19
The number of nodes expanded:    312
The total CPU time of heuristic: 0.002136999999986955
The total CPU time of A*:        0.1332760000000004
The type of heuristic:           NonAdimissible
-----------path-----------
1: [[5, 2, 1, 3, 4, 0, 6], [], []]
2: [[5, 2, 1, 3, 4, 0], [6], []]
3: [[5, 2, 1, 3, 4], [6], [0]]
4: [[5, 2, 1, 3], [6], [0, 4]]
5: [[5, 2, 1, 3], [], [0, 4, 6]]
6: [[5, 2, 1], [3], [0, 4, 6]]
7: [[5, 2], [3, 1], [0, 4, 6]]
8: [[5], [3, 1, 2], [0, 4, 6]]
9: [[], [3, 1, 2, 5], [0, 4, 6]]
10: [[6], [3, 1, 2, 5], [0, 4]]
11: [[6, 5], [3, 1, 2], [0, 4]]
12: [[6, 5, 4], [3, 1, 2], [0]]
13: [[6, 5, 4, 2], [3, 1], [0]]
14: [[6, 5, 4, 2], [3], [0, 1]]
15: [[6, 5, 4], [3], [0, 1, 2]]
16: [[6, 5, 4, 3], [], [0, 1, 2]]
17: [[6, 5, 4, 3, 2], [], [0, 1]]
18: [[6, 5, 4, 3, 2, 1], [], [0]]
19: [[6, 5, 4, 3, 2, 1, 0], [], []]
--------------------------

The beam width:                  10
The length of solution:          21
The number of nodes expanded:    325
The total CPU time of heuristic: 0.0023959999999831894
The total CPU time of A*:        0.13751599999999975
The type of heuristic:           NonAdimissible
-----------path-----------
1: [[3, 1, 0, 5, 2, 4, 6], [], []]
2: [[3, 1, 0, 5, 2, 4], [], [6]]
3: [[3, 1, 0, 5, 2], [], [6, 4]]
4: [[3, 1, 0, 5], [2], [6, 4]]
5: [[3, 1, 0, 5], [2, 4], [6]]
6: [[3, 1, 0], [2, 4, 5], [6]]
7: [[3, 1], [2, 4, 5, 0], [6]]
8: [[3], [2, 4, 5, 0, 1], [6]]
9: [[], [2, 4, 5, 0, 1, 3], [6]]
10: [[6], [2, 4, 5, 0, 1, 3], []]
11: [[6, 3], [2, 4, 5, 0, 1], []]
12: [[6, 3, 1], [2, 4, 5, 0], []]
13: [[6, 3, 1], [2, 4, 5], [0]]
14: [[6, 3], [2, 4, 5], [0, 1]]
15: [[6], [2, 4, 5], [0, 1, 3]]
16: [[6, 5], [2, 4], [0, 1, 3]]
17: [[6, 5, 4], [2], [0, 1, 3]]
18: [[6, 5, 4, 3], [2], [0, 1]]
19: [[6, 5, 4, 3, 2], [], [0, 1]]
20: [[6, 5, 4, 3, 2, 1], [], [0]]
21: [[6, 5, 4, 3, 2, 1, 0], [], []]
--------------------------

The beam width:                  10
The length of solution:          19
The number of nodes expanded:    320
The total CPU time of heuristic: 0.0024890000000148405
The total CPU time of A*:        0.14945999999999948
The type of heuristic:           NonAdimissible
-----------path-----------
1: [[4, 1, 0, 6, 2, 3, 5], [], []]
2: [[4, 1, 0, 6, 2, 3], [], [5]]
3: [[4, 1, 0, 6, 2], [], [5, 3]]
4: [[4, 1, 0, 6], [2], [5, 3]]
5: [[4, 1, 0, 6], [2, 3], [5]]
6: [[4, 1, 0], [2, 3], [5, 6]]
7: [[4, 1], [2, 3, 0], [5, 6]]
8: [[4], [2, 3, 0, 1], [5, 6]]
9: [[], [2, 3, 0, 1, 4], [5, 6]]
10: [[6], [2, 3, 0, 1, 4], [5]]
11: [[6, 5], [2, 3, 0, 1, 4], []]
12: [[6, 5, 4], [2, 3, 0, 1], []]
13: [[6, 5, 4, 1], [2, 3, 0], []]
14: [[6, 5, 4, 1], [2, 3], [0]]
15: [[6, 5, 4], [2, 3], [0, 1]]
16: [[6, 5, 4, 3], [2], [0, 1]]
17: [[6, 5, 4, 3, 2], [], [0, 1]]
18: [[6, 5, 4, 3, 2, 1], [], [0]]
19: [[6, 5, 4, 3, 2, 1, 0], [], []]
--------------------------

The beam width:                  10
The length of solution:          22
The number of nodes expanded:    446
The total CPU time of heuristic: 0.0032479999999797116
The total CPU time of A*:        0.2269420000000011
The type of heuristic:           NonAdimissible
-----------path-----------
1: [[0, 3, 5, 4, 2, 1, 6], [], []]
2: [[0, 3, 5, 4, 2, 1], [], [6]]
3: [[0, 3, 5, 4, 2], [], [6, 1]]
4: [[0, 3, 5, 4], [2], [6, 1]]
5: [[0, 3, 5], [2, 4], [6, 1]]
6: [[0, 3], [2, 4, 5], [6, 1]]
7: [[0], [2, 4, 5, 3], [6, 1]]
8: [[0, 1], [2, 4, 5, 3], [6]]
9: [[0, 1, 3], [2, 4, 5], [6]]
10: [[0, 1, 3], [2, 4, 5, 6], []]
11: [[0, 1], [2, 4, 5, 6, 3], []]
12: [[0], [2, 4, 5, 6, 3], [1]]
13: [[], [2, 4, 5, 6, 3], [1, 0]]
14: [[], [2, 4, 5, 6], [1, 0, 3]]
15: [[6], [2, 4, 5], [1, 0, 3]]
16: [[6, 5], [2, 4], [1, 0, 3]]
17: [[6, 5, 4], [2], [1, 0, 3]]
18: [[6, 5, 4, 3], [2], [1, 0]]
19: [[6, 5, 4, 3, 2], [], [1, 0]]
20: [[6, 5, 4, 3, 2], [0], [1]]
21: [[6, 5, 4, 3, 2, 1], [0], []]
22: [[6, 5, 4, 3, 2, 1, 0], [], []]
--------------------------

The beam width:                  10
The length of solution:          24
The number of nodes expanded:    465
The total CPU time of heuristic: 0.0032809999999852124
The total CPU time of A*:        0.23913899999999977
The type of heuristic:           NonAdimissible
-----------path-----------
1: [[1, 3, 0, 6, 4, 2, 5], [], []]
2: [[1, 3, 0, 6, 4, 2], [5], []]
3: [[1, 3, 0, 6, 4], [5], [2]]
4: [[1, 3, 0, 6], [5], [2, 4]]
5: [[1, 3, 0, 6], [], [2, 4, 5]]
6: [[1, 3, 0], [6], [2, 4, 5]]
7: [[1, 3], [6, 0], [2, 4, 5]]
8: [[1], [6, 0, 3], [2, 4, 5]]
9: [[], [6, 0, 3], [2, 4, 5, 1]]
10: [[3], [6, 0], [2, 4, 5, 1]]
11: [[3, 0], [6], [2, 4, 5, 1]]
12: [[3, 0, 1], [6], [2, 4, 5]]
13: [[3, 0, 1], [], [2, 4, 5, 6]]
14: [[3, 0], [1], [2, 4, 5, 6]]
15: [[3], [1, 0], [2, 4, 5, 6]]
16: [[], [1, 0, 3], [2, 4, 5, 6]]
17: [[6], [1, 0, 3], [2, 4, 5]]
18: [[6, 5], [1, 0, 3], [2, 4]]
19: [[6, 5, 4], [1, 0, 3], [2]]
20: [[6, 5, 4, 3], [1, 0], [2]]
21: [[6, 5, 4, 3, 2], [1, 0], []]
22: [[6, 5, 4, 3, 2], [1], [0]]
23: [[6, 5, 4, 3, 2, 1], [], [0]]
24: [[6, 5, 4, 3, 2, 1, 0], [], []]
--------------------------

The beam width:                  10
The length of solution:          23
The number of nodes expanded:    401
The total CPU time of heuristic: 0.0027630000000034016
The total CPU time of A*:        0.18298700000000068
The type of heuristic:           NonAdimissible
-----------path-----------
1: [[3, 2, 0, 6, 1, 5, 4], [], []]
2: [[3, 2, 0, 6, 1, 5], [4], []]
3: [[3, 2, 0, 6, 1], [4, 5], []]
4: [[3, 2, 0, 6], [4, 5], [1]]
5: [[3, 2, 0], [4, 5, 6], [1]]
6: [[3, 2], [4, 5, 6, 0], [1]]
7: [[3], [4, 5, 6, 0, 2], [1]]
8: [[], [4, 5, 6, 0, 2], [1, 3]]
9: [[], [4, 5, 6, 0], [1, 3, 2]]
10: [[0], [4, 5, 6], [1, 3, 2]]
11: [[0], [4, 5, 6, 2], [1, 3]]
12: [[], [4, 5, 6, 2], [1, 3, 0]]
13: [[], [4, 5, 6], [1, 3, 0, 2]]
14: [[6], [4, 5], [1, 3, 0, 2]]
15: [[6, 5], [4], [1, 3, 0, 2]]
16: [[6, 5, 4], [], [1, 3, 0, 2]]
17: [[6, 5, 4, 2], [], [1, 3, 0]]
18: [[6, 5, 4, 2], [0], [1, 3]]
19: [[6, 5, 4], [0, 2], [1, 3]]
20: [[6, 5, 4, 3], [0, 2], [1]]
21: [[6, 5, 4, 3, 2], [0], [1]]
22: [[6, 5, 4, 3, 2, 1], [0], []]
23: [[6, 5, 4, 3, 2, 1, 0], [], []]
--------------------------

The beam width:                  10
The length of solution:          17
The number of nodes expanded:    193
The total CPU time of heuristic: 0.0014519999999773603
The total CPU time of A*:        0.06367099999999937
The type of heuristic:           NonAdimissible
-----------path-----------
1: [[4, 0, 3, 1, 2, 6, 5], [], []]
2: [[4, 0, 3, 1, 2, 6], [], [5]]
3: [[4, 0, 3, 1, 2], [], [5, 6]]
4: [[4, 0, 3, 1], [], [5, 6, 2]]
5: [[4, 0, 3], [1], [5, 6, 2]]
6: [[4, 0, 3], [1, 2], [5, 6]]
7: [[4, 0], [1, 2, 3], [5, 6]]
8: [[4], [1, 2, 3, 0], [5, 6]]
9: [[], [1, 2, 3, 0, 4], [5, 6]]
10: [[6], [1, 2, 3, 0, 4], [5]]
11: [[6, 5], [1, 2, 3, 0, 4], []]
12: [[6, 5, 4], [1, 2, 3, 0], []]
13: [[6, 5, 4], [1, 2, 3], [0]]
14: [[6, 5, 4, 3], [1, 2], [0]]
15: [[6, 5, 4, 3, 2], [1], [0]]
16: [[6, 5, 4, 3, 2, 1], [], [0]]
17: [[6, 5, 4, 3, 2, 1, 0], [], []]
--------------------------

The beam width:                  10
The length of solution:          21
The number of nodes expanded:    385
The total CPU time of heuristic: 0.002665000000007467
The total CPU time of A*:        0.17258599999999902
The type of heuristic:           NonAdimissible
-----------path-----------
1: [[6, 0, 1, 3, 2, 5, 4], [], []]
2: [[6, 0, 1, 3, 2, 5], [], [4]]
3: [[6, 0, 1, 3, 2], [5], [4]]
4: [[6, 0, 1, 3], [5, 2], [4]]
5: [[6, 0, 1], [5, 2, 3], [4]]
6: [[6, 0], [5, 2, 3], [4, 1]]
7: [[6, 0, 3], [5, 2], [4, 1]]
8: [[6, 0, 3, 2], [5], [4, 1]]
9: [[6, 0, 3, 2, 1], [5], [4]]
10: [[6, 0, 3, 2, 1], [], [4, 5]]
11: [[6, 0, 3, 2], [1], [4, 5]]
12: [[6, 0, 3], [1, 2], [4, 5]]
13: [[6, 0], [1, 2, 3], [4, 5]]
14: [[6], [1, 2, 3, 0], [4, 5]]
15: [[6, 5], [1, 2, 3, 0], [4]]
16: [[6, 5, 4], [1, 2, 3, 0], []]
17: [[6, 5, 4], [1, 2, 3], [0]]
18: [[6, 5, 4, 3], [1, 2], [0]]
19: [[6, 5, 4, 3, 2], [1], [0]]
20: [[6, 5, 4, 3, 2, 1], [], [0]]
21: [[6, 5, 4, 3, 2, 1, 0], [], []]
--------------------------

The beam width:                  10
The length of solution:          17
The number of nodes expanded:    252
The total CPU time of heuristic: 0.001904999999997159
The total CPU time of A*:        0.09079600000000099
The type of heuristic:           NonAdimissible
-----------path-----------
1: [[2, 3, 6, 5, 0, 1, 4], [], []]
2: [[2, 3, 6, 5, 0, 1], [4], []]
3: [[2, 3, 6, 5, 0], [4, 1], []]
4: [[2, 3, 6, 5], [4, 1], [0]]
5: [[2, 3, 6, 5], [4], [0, 1]]
6: [[2, 3, 6], [4, 5], [0, 1]]
7: [[2, 3], [4, 5, 6], [0, 1]]
8: [[2], [4, 5, 6, 3], [0, 1]]
9: [[], [4, 5, 6, 3], [0, 1, 2]]
10: [[], [4, 5, 6], [0, 1, 2, 3]]
11: [[6], [4, 5], [0, 1, 2, 3]]
12: [[6, 5], [4], [0, 1, 2, 3]]
13: [[6, 5, 4], [], [0, 1, 2, 3]]
14: [[6, 5, 4, 3], [], [0, 1, 2]]
15: [[6, 5, 4, 3, 2], [], [0, 1]]
16: [[6, 5, 4, 3, 2, 1], [], [0]]
17: [[6, 5, 4, 3, 2, 1, 0], [], []]
--------------------------

The beam width:                  10
The length of solution:          16
The number of nodes expanded:    151
The total CPU time of heuristic: 0.0011039999999891137
The total CPU time of A*:        0.045697999999999794
The type of heuristic:           NonAdimissible
-----------path-----------
1: [[1, 6, 2, 5, 0, 4, 3], [], []]
2: [[1, 6, 2, 5, 0, 4], [], [3]]
3: [[1, 6, 2, 5, 0], [], [3, 4]]
4: [[1, 6, 2, 5], [0], [3, 4]]
5: [[1, 6, 2], [0], [3, 4, 5]]
6: [[1, 6], [0, 2], [3, 4, 5]]
7: [[1], [0, 2], [3, 4, 5, 6]]
8: [[], [0, 2, 1], [3, 4, 5, 6]]
9: [[6], [0, 2, 1], [3, 4, 5]]
10: [[6, 5], [0, 2, 1], [3, 4]]
11: [[6, 5, 4], [0, 2, 1], [3]]
12: [[6, 5, 4, 3], [0, 2, 1], []]
13: [[6, 5, 4, 3], [0, 2], [1]]
14: [[6, 5, 4, 3, 2], [0], [1]]
15: [[6, 5, 4, 3, 2, 1], [0], []]
16: [[6, 5, 4, 3, 2, 1, 0], [], []]
--------------------------

The beam width:                  10
The length of solution:          14
The number of nodes expanded:    166
The total CPU time of heuristic: 0.0011469999999906832
The total CPU time of A*:        0.05173000000000094
The type of heuristic:           NonAdimissible
-----------path-----------
1: [[6, 3, 4, 2, 1, 0, 5], [], []]
2: [[6, 3, 4, 2, 1, 0], [5], []]
3: [[6, 3, 4, 2, 1], [5], [0]]
4: [[6, 3, 4, 2], [5], [0, 1]]
5: [[6, 3, 4], [5], [0, 1, 2]]
6: [[6, 3], [5, 4], [0, 1, 2]]
7: [[6], [5, 4], [0, 1, 2, 3]]
8: [[6], [5], [0, 1, 2, 3, 4]]
9: [[6, 5], [], [0, 1, 2, 3, 4]]
10: [[6, 5, 4], [], [0, 1, 2, 3]]
11: [[6, 5, 4, 3], [], [0, 1, 2]]
12: [[6, 5, 4, 3, 2], [], [0, 1]]
13: [[6, 5, 4, 3, 2, 1], [], [0]]
14: [[6, 5, 4, 3, 2, 1, 0], [], []]
--------------------------

The beam width:                  10
The length of solution:          16
The number of nodes expanded:    195
The total CPU time of heuristic: 0.0013170000000091164
The total CPU time of A*:        0.05938299999999863
The type of heuristic:           NonAdimissible
-----------path-----------
1: [[4, 0, 6, 1, 5, 3, 2], [], []]
2: [[4, 0, 6, 1, 5, 3], [], [2]]
3: [[4, 0, 6, 1, 5], [], [2, 3]]
4: [[4, 0, 6, 1], [], [2, 3, 5]]
5: [[4, 0, 6], [1], [2, 3, 5]]
6: [[4, 0], [1], [2, 3, 5, 6]]
7: [[4], [1, 0], [2, 3, 5, 6]]
8: [[], [1, 0, 4], [2, 3, 5, 6]]
9: [[6], [1, 0, 4], [2, 3, 5]]
10: [[6, 5], [1, 0, 4], [2, 3]]
11: [[6, 5, 4], [1, 0], [2, 3]]
12: [[6, 5, 4, 3], [1, 0], [2]]
13: [[6, 5, 4, 3, 2], [1, 0], []]
14: [[6, 5, 4, 3, 2], [1], [0]]
15: [[6, 5, 4, 3, 2, 1], [], [0]]
16: [[6, 5, 4, 3, 2, 1, 0], [], []]
--------------------------

The beam width:                  10
The length of solution:          17
The number of nodes expanded:    268
The total CPU time of heuristic: 0.0018949999999886558
The total CPU time of A*:        0.09891200000000033
The type of heuristic:           NonAdimissible
-----------path-----------
1: [[0, 6, 2, 3, 5, 4, 1], [], []]
2: [[0, 6, 2, 3, 5, 4], [], [1]]
3: [[0, 6, 2, 3, 5], [4], [1]]
4: [[0, 6, 2, 3], [4, 5], [1]]
5: [[0, 6, 2], [4, 5, 3], [1]]
6: [[0, 6], [4, 5, 3], [1, 2]]
7: [[0], [4, 5, 3, 6], [1, 2]]
8: [[], [4, 5, 3, 6], [1, 2, 0]]
9: [[6], [4, 5, 3], [1, 2, 0]]
10: [[6], [4, 5], [1, 2, 0, 3]]
11: [[6, 5], [4], [1, 2, 0, 3]]
12: [[6, 5, 4], [], [1, 2, 0, 3]]
13: [[6, 5, 4, 3], [], [1, 2, 0]]
14: [[6, 5, 4, 3], [0], [1, 2]]
15: [[6, 5, 4, 3, 2], [0], [1]]
16: [[6, 5, 4, 3, 2, 1], [0], []]
17: [[6, 5, 4, 3, 2, 1, 0], [], []]
--------------------------

The beam width:                  10
The length of solution:          17
The number of nodes expanded:    237
The total CPU time of heuristic: 0.0015309999999963964
The total CPU time of A*:        0.07905399999999929
The type of heuristic:           NonAdimissible
-----------path-----------
1: [[2, 3, 6, 4, 1, 5, 0], [], []]
2: [[2, 3, 6, 4, 1, 5], [], [0]]
3: [[2, 3, 6, 4, 1], [5], [0]]
4: [[2, 3, 6, 4], [5], [0, 1]]
5: [[2, 3, 6], [5, 4], [0, 1]]
6: [[2, 3], [5, 4, 6], [0, 1]]
7: [[2], [5, 4, 6], [0, 1, 3]]
8: [[], [5, 4, 6], [0, 1, 3, 2]]
9: [[6], [5, 4], [0, 1, 3, 2]]
10: [[6], [5], [0, 1, 3, 2, 4]]
11: [[6, 5], [], [0, 1, 3, 2, 4]]
12: [[6, 5, 4], [], [0, 1, 3, 2]]
13: [[6, 5, 4], [2], [0, 1, 3]]
14: [[6, 5, 4, 3], [2], [0, 1]]
15: [[6, 5, 4, 3, 2], [], [0, 1]]
16: [[6, 5, 4, 3, 2, 1], [], [0]]
17: [[6, 5, 4, 3, 2, 1, 0], [], []]
--------------------------

The beam width:                  10
The length of solution:          15
The number of nodes expanded:    122
The total CPU time of heuristic: 0.0008300000000005525
The total CPU time of A*:        0.04095800000000338
The type of heuristic:           NonAdimissible
-----------path-----------
1: [[5, 4, 6, 2, 0, 3, 1], [], []]
2: [[5, 4, 6, 2, 0, 3], [1], []]
3: [[5, 4, 6, 2, 0], [1, 3], []]
4: [[5, 4, 6, 2], [1, 3], [0]]
5: [[5, 4, 6], [1, 3], [0, 2]]
6: [[5, 4], [1, 3, 6], [0, 2]]
7: [[5], [1, 3, 6], [0, 2, 4]]
8: [[], [1, 3, 6], [0, 2, 4, 5]]
9: [[6], [1, 3], [0, 2, 4, 5]]
10: [[6, 5], [1, 3], [0, 2, 4]]
11: [[6, 5, 4], [1, 3], [0, 2]]
12: [[6, 5, 4, 3], [1], [0, 2]]
13: [[6, 5, 4, 3, 2], [1], [0]]
14: [[6, 5, 4, 3, 2, 1], [], [0]]
15: [[6, 5, 4, 3, 2, 1, 0], [], []]
--------------------------

