The beam width:                  25
The length of solution:          21
The number of nodes expanded:    407
The total CPU time of heuristic: 0.002514999999775114
The total CPU time of A*:        0.15279199999999094
The type of heuristic:           NonAdimissible
-----------path-----------
1: [[7, 6, 3, 0, 5, 8, 2, 1, 4], [], []]
2: [[7, 6, 3, 0, 5, 8, 2, 1], [], [4]]
3: [[7, 6, 3, 0, 5, 8, 2], [1], [4]]
4: [[7, 6, 3, 0, 5, 8], [1, 2], [4]]
5: [[7, 6, 3, 0, 5, 8], [1, 2, 4], []]
6: [[7, 6, 3, 0, 5], [1, 2, 4, 8], []]
7: [[7, 6, 3, 0], [1, 2, 4, 8, 5], []]
8: [[7, 6, 3], [1, 2, 4, 8, 5], [0]]
9: [[7, 6], [1, 2, 4, 8, 5], [0, 3]]
10: [[7, 6], [1, 2, 4, 8], [0, 3, 5]]
11: [[7], [1, 2, 4, 8], [0, 3, 5, 6]]
12: [[], [1, 2, 4, 8], [0, 3, 5, 6, 7]]
13: [[8], [1, 2, 4], [0, 3, 5, 6, 7]]
14: [[8, 7], [1, 2, 4], [0, 3, 5, 6]]
15: [[8, 7, 6], [1, 2, 4], [0, 3, 5]]
16: [[8, 7, 6, 5], [1, 2, 4], [0, 3]]
17: [[8, 7, 6, 5, 4], [1, 2], [0, 3]]
18: [[8, 7, 6, 5, 4, 3], [1, 2], [0]]
19: [[8, 7, 6, 5, 4, 3, 2], [1], [0]]
20: [[8, 7, 6, 5, 4, 3, 2, 1], [], [0]]
21: [[8, 7, 6, 5, 4, 3, 2, 1, 0], [], []]
--------------------------

The beam width:                  25
The length of solution:          25
The number of nodes expanded:    908
The total CPU time of heuristic: 0.006554000000122073
The total CPU time of A*:        0.6143479999999926
The type of heuristic:           NonAdimissible
-----------path-----------
1: [[2, 7, 6, 3, 4, 5, 8, 1, 0], [], []]
2: [[2, 7, 6, 3, 4, 5, 8, 1], [], [0]]
3: [[2, 7, 6, 3, 4, 5, 8], [], [0, 1]]
4: [[2, 7, 6, 3, 4, 5], [8], [0, 1]]
5: [[2, 7, 6, 3, 4], [8, 5], [0, 1]]
6: [[2, 7, 6, 3], [8, 5], [0, 1, 4]]
7: [[2, 7, 6, 3], [8], [0, 1, 4, 5]]
8: [[2, 7, 6], [8, 3], [0, 1, 4, 5]]
9: [[2, 7], [8, 3], [0, 1, 4, 5, 6]]
10: [[2], [8, 3], [0, 1, 4, 5, 6, 7]]
11: [[], [8, 3], [0, 1, 4, 5, 6, 7, 2]]
12: [[3], [8], [0, 1, 4, 5, 6, 7, 2]]
13: [[3, 2], [8], [0, 1, 4, 5, 6, 7]]
14: [[3, 2], [], [0, 1, 4, 5, 6, 7, 8]]
15: [[3], [2], [0, 1, 4, 5, 6, 7, 8]]
16: [[], [2, 3], [0, 1, 4, 5, 6, 7, 8]]
17: [[8], [2, 3], [0, 1, 4, 5, 6, 7]]
18: [[8, 7], [2, 3], [0, 1, 4, 5, 6]]
19: [[8, 7, 6], [2, 3], [0, 1, 4, 5]]
20: [[8, 7, 6, 5], [2, 3], [0, 1, 4]]
21: [[8, 7, 6, 5, 4], [2, 3], [0, 1]]
22: [[8, 7, 6, 5, 4, 3], [2], [0, 1]]
23: [[8, 7, 6, 5, 4, 3, 2], [], [0, 1]]
24: [[8, 7, 6, 5, 4, 3, 2, 1], [], [0]]
25: [[8, 7, 6, 5, 4, 3, 2, 1, 0], [], []]
--------------------------

The beam width:                  25
The length of solution:          21
The number of nodes expanded:    449
The total CPU time of heuristic: 0.00301000000020224
The total CPU time of A*:        0.18480399999999975
The type of heuristic:           NonAdimissible
-----------path-----------
1: [[7, 3, 5, 2, 6, 8, 1, 0, 4], [], []]
2: [[7, 3, 5, 2, 6, 8, 1, 0], [4], []]
3: [[7, 3, 5, 2, 6, 8, 1], [4], [0]]
4: [[7, 3, 5, 2, 6, 8], [4], [0, 1]]
5: [[7, 3, 5, 2, 6], [4], [0, 1, 8]]
6: [[7, 3, 5, 2], [4, 6], [0, 1, 8]]
7: [[7, 3, 5, 2], [4, 6, 8], [0, 1]]
8: [[7, 3, 5], [4, 6, 8], [0, 1, 2]]
9: [[7, 3], [4, 6, 8, 5], [0, 1, 2]]
10: [[7], [4, 6, 8, 5], [0, 1, 2, 3]]
11: [[7], [4, 6, 8], [0, 1, 2, 3, 5]]
12: [[], [4, 6, 8], [0, 1, 2, 3, 5, 7]]
13: [[8], [4, 6], [0, 1, 2, 3, 5, 7]]
14: [[8, 7], [4, 6], [0, 1, 2, 3, 5]]
15: [[8, 7, 6], [4], [0, 1, 2, 3, 5]]
16: [[8, 7, 6, 5], [4], [0, 1, 2, 3]]
17: [[8, 7, 6, 5, 4], [], [0, 1, 2, 3]]
18: [[8, 7, 6, 5, 4, 3], [], [0, 1, 2]]
19: [[8, 7, 6, 5, 4, 3, 2], [], [0, 1]]
20: [[8, 7, 6, 5, 4, 3, 2, 1], [], [0]]
21: [[8, 7, 6, 5, 4, 3, 2, 1, 0], [], []]
--------------------------

The beam width:                  25
The length of solution:          15
The number of nodes expanded:    1001
The total CPU time of heuristic: 0.007421999999721152
The total CPU time of A*:        0.6938279999999963
The type of heuristic:           NonAdimissible
-----------path-----------
1: [[5, 7, 2, 1, 3, 4, 6, 0, 8], [], []]
2: [[5, 7, 2, 1, 3, 4, 6, 0], [8], []]
3: [[5, 7, 2, 1, 3, 4, 6], [8], [0]]
4: [[5, 7, 2, 1, 3, 4, 6], [], [0, 8]]
5: [[5, 7, 2, 1, 3, 4], [6], [0, 8]]
6: [[5, 7, 2, 1, 3], [6, 4], [0, 8]]
7: [[5, 7, 2, 1], [6, 4], [0, 8, 3]]
8: [[5, 7, 2, 1, 4], [6], [0, 8, 3]]
9: [[5, 7, 2, 1, 4, 3], [6], [0, 8]]
10: [[5, 7, 2, 1, 4, 3], [6, 8], [0]]
11: [[5, 7, 2, 1, 4], [6, 8], [0, 3]]
12: [[5, 7, 2, 1], [6, 8, 4], [0, 3]]
13: [[5, 7, 2], [6, 8, 4], [0, 3, 1]]
14: [[5, 7], [6, 8, 4], [0, 3, 1, 2]]
15: [[5], [6, 8, 4, 7], [0, 3, 1, 2]]
--------------------------

The beam width:                  25
The length of solution:          15
The number of nodes expanded:    1003
The total CPU time of heuristic: 0.007620000000187588
The total CPU time of A*:        0.7143609999999967
The type of heuristic:           NonAdimissible
-----------path-----------
1: [[6, 0, 2, 8, 3, 5, 1, 7, 4], [], []]
2: [[6, 0, 2, 8, 3, 5, 1, 7], [], [4]]
3: [[6, 0, 2, 8, 3, 5, 1], [7], [4]]
4: [[6, 0, 2, 8, 3, 5], [7, 1], [4]]
5: [[6, 0, 2, 8, 3], [7, 1], [4, 5]]
6: [[6, 0, 2, 8], [7, 1, 3], [4, 5]]
7: [[6, 0, 2], [7, 1, 3], [4, 5, 8]]
8: [[6, 0], [7, 1, 3], [4, 5, 8, 2]]
9: [[6, 0, 3], [7, 1], [4, 5, 8, 2]]
10: [[6, 0, 3], [7, 1, 2], [4, 5, 8]]
11: [[6, 0], [7, 1, 2, 3], [4, 5, 8]]
12: [[6], [7, 1, 2, 3], [4, 5, 8, 0]]
13: [[], [7, 1, 2, 3], [4, 5, 8, 0, 6]]
14: [[3], [7, 1, 2], [4, 5, 8, 0, 6]]
15: [[3, 2], [7, 1], [4, 5, 8, 0, 6]]
--------------------------

The beam width:                  25
The length of solution:          20
The number of nodes expanded:    378
The total CPU time of heuristic: 0.002563000000193938
The total CPU time of A*:        0.18185699999999372
The type of heuristic:           NonAdimissible
-----------path-----------
1: [[7, 5, 8, 2, 6, 4, 0, 1, 3], [], []]
2: [[7, 5, 8, 2, 6, 4, 0, 1], [], [3]]
3: [[7, 5, 8, 2, 6, 4, 0], [], [3, 1]]
4: [[7, 5, 8, 2, 6, 4], [0], [3, 1]]
5: [[7, 5, 8, 2, 6, 4], [0, 1], [3]]
6: [[7, 5, 8, 2, 6], [0, 1], [3, 4]]
7: [[7, 5, 8, 2], [0, 1], [3, 4, 6]]
8: [[7, 5, 8], [0, 1, 2], [3, 4, 6]]
9: [[7, 5], [0, 1, 2], [3, 4, 6, 8]]
10: [[7], [0, 1, 2, 5], [3, 4, 6, 8]]
11: [[], [0, 1, 2, 5, 7], [3, 4, 6, 8]]
12: [[8], [0, 1, 2, 5, 7], [3, 4, 6]]
13: [[8, 7], [0, 1, 2, 5], [3, 4, 6]]
14: [[8, 7, 6], [0, 1, 2, 5], [3, 4]]
15: [[8, 7, 6, 5], [0, 1, 2], [3, 4]]
16: [[8, 7, 6, 5, 4], [0, 1, 2], [3]]
17: [[8, 7, 6, 5, 4, 3], [0, 1, 2], []]
18: [[8, 7, 6, 5, 4, 3, 2], [0, 1], []]
19: [[8, 7, 6, 5, 4, 3, 2, 1], [0], []]
20: [[8, 7, 6, 5, 4, 3, 2, 1, 0], [], []]
--------------------------

The beam width:                  25
The length of solution:          19
The number of nodes expanded:    535
The total CPU time of heuristic: 0.003849000000002434
The total CPU time of A*:        0.2319040000000001
The type of heuristic:           NonAdimissible
-----------path-----------
1: [[8, 5, 0, 3, 6, 7, 2, 4, 1], [], []]
2: [[8, 5, 0, 3, 6, 7, 2, 4], [1], []]
3: [[8, 5, 0, 3, 6, 7, 2], [1], [4]]
4: [[8, 5, 0, 3, 6, 7], [1, 2], [4]]
5: [[8, 5, 0, 3, 6], [1, 2, 7], [4]]
6: [[8, 5, 0, 3], [1, 2, 7], [4, 6]]
7: [[8, 5, 0, 3], [1, 2], [4, 6, 7]]
8: [[8, 5, 0], [1, 2, 3], [4, 6, 7]]
9: [[8, 5], [1, 2, 3, 0], [4, 6, 7]]
10: [[8], [1, 2, 3, 0, 5], [4, 6, 7]]
11: [[8, 7], [1, 2, 3, 0, 5], [4, 6]]
12: [[8, 7, 6], [1, 2, 3, 0, 5], [4]]
13: [[8, 7, 6, 5], [1, 2, 3, 0], [4]]
14: [[8, 7, 6, 5, 4], [1, 2, 3, 0], []]
15: [[8, 7, 6, 5, 4], [1, 2, 3], [0]]
16: [[8, 7, 6, 5, 4, 3], [1, 2], [0]]
17: [[8, 7, 6, 5, 4, 3, 2], [1], [0]]
18: [[8, 7, 6, 5, 4, 3, 2, 1], [], [0]]
19: [[8, 7, 6, 5, 4, 3, 2, 1, 0], [], []]
--------------------------

The beam width:                  25
The length of solution:          21
The number of nodes expanded:    315
The total CPU time of heuristic: 0.0017949999995749977
The total CPU time of A*:        0.1021429999999981
The type of heuristic:           NonAdimissible
-----------path-----------
1: [[7, 5, 3, 2, 6, 0, 4, 1, 8], [], []]
2: [[7, 5, 3, 2, 6, 0, 4, 1], [], [8]]
3: [[7, 5, 3, 2, 6, 0, 4], [1], [8]]
4: [[7, 5, 3, 2, 6, 0], [1, 4], [8]]
5: [[7, 5, 3, 2, 6, 0], [1, 4, 8], []]
6: [[7, 5, 3, 2, 6], [1, 4, 8], [0]]
7: [[7, 5, 3, 2], [1, 4, 8, 6], [0]]
8: [[7, 5, 3], [1, 4, 8, 6], [0, 2]]
9: [[7, 5], [1, 4, 8, 6], [0, 2, 3]]
10: [[7], [1, 4, 8, 6], [0, 2, 3, 5]]
11: [[7], [1, 4, 8], [0, 2, 3, 5, 6]]
12: [[], [1, 4, 8], [0, 2, 3, 5, 6, 7]]
13: [[8], [1, 4], [0, 2, 3, 5, 6, 7]]
14: [[8, 7], [1, 4], [0, 2, 3, 5, 6]]
15: [[8, 7, 6], [1, 4], [0, 2, 3, 5]]
16: [[8, 7, 6, 5], [1, 4], [0, 2, 3]]
17: [[8, 7, 6, 5, 4], [1], [0, 2, 3]]
18: [[8, 7, 6, 5, 4, 3], [1], [0, 2]]
19: [[8, 7, 6, 5, 4, 3, 2], [1], [0]]
20: [[8, 7, 6, 5, 4, 3, 2, 1], [], [0]]
21: [[8, 7, 6, 5, 4, 3, 2, 1, 0], [], []]
--------------------------

The beam width:                  25
The length of solution:          15
The number of nodes expanded:    1001
The total CPU time of heuristic: 0.0070330000006748605
The total CPU time of A*:        0.6497590000000031
The type of heuristic:           NonAdimissible
-----------path-----------
1: [[0, 1, 4, 8, 2, 6, 7, 3, 5], [], []]
2: [[0, 1, 4, 8, 2, 6, 7, 3], [], [5]]
3: [[0, 1, 4, 8, 2, 6, 7], [3], [5]]
4: [[0, 1, 4, 8, 2, 6, 7], [3, 5], []]
5: [[0, 1, 4, 8, 2, 6], [3, 5, 7], []]
6: [[0, 1, 4, 8, 2], [3, 5, 7, 6], []]
7: [[0, 1, 4, 8], [3, 5, 7, 6], [2]]
8: [[0, 1, 4], [3, 5, 7, 6, 8], [2]]
9: [[0, 1], [3, 5, 7, 6, 8], [2, 4]]
10: [[0], [3, 5, 7, 6, 8], [2, 4, 1]]
11: [[0, 8], [3, 5, 7, 6], [2, 4, 1]]
12: [[0, 8, 6], [3, 5, 7], [2, 4, 1]]
13: [[0, 8, 6], [3, 5, 7, 1], [2, 4]]
14: [[0, 8], [3, 5, 7, 1, 6], [2, 4]]
15: [[0], [3, 5, 7, 1, 6, 8], [2, 4]]
--------------------------

The beam width:                  25
The length of solution:          21
The number of nodes expanded:    519
The total CPU time of heuristic: 0.003550000000089426
The total CPU time of A*:        0.2288950000000085
The type of heuristic:           NonAdimissible
-----------path-----------
1: [[6, 2, 4, 5, 8, 3, 0, 7, 1], [], []]
2: [[6, 2, 4, 5, 8, 3, 0, 7], [], [1]]
3: [[6, 2, 4, 5, 8, 3, 0], [], [1, 7]]
4: [[6, 2, 4, 5, 8, 3], [0], [1, 7]]
5: [[6, 2, 4, 5, 8], [0, 3], [1, 7]]
6: [[6, 2, 4, 5], [0, 3], [1, 7, 8]]
7: [[6, 2, 4], [0, 3], [1, 7, 8, 5]]
8: [[6, 2], [0, 3, 4], [1, 7, 8, 5]]
9: [[6, 2], [0, 3, 4, 5], [1, 7, 8]]
10: [[6], [0, 3, 4, 5, 2], [1, 7, 8]]
11: [[], [0, 3, 4, 5, 2, 6], [1, 7, 8]]
12: [[8], [0, 3, 4, 5, 2, 6], [1, 7]]
13: [[8, 7], [0, 3, 4, 5, 2, 6], [1]]
14: [[8, 7, 6], [0, 3, 4, 5, 2], [1]]
15: [[8, 7, 6], [0, 3, 4, 5], [1, 2]]
16: [[8, 7, 6, 5], [0, 3, 4], [1, 2]]
17: [[8, 7, 6, 5, 4], [0, 3], [1, 2]]
18: [[8, 7, 6, 5, 4, 3], [0], [1, 2]]
19: [[8, 7, 6, 5, 4, 3, 2], [0], [1]]
20: [[8, 7, 6, 5, 4, 3, 2, 1], [0], []]
21: [[8, 7, 6, 5, 4, 3, 2, 1, 0], [], []]
--------------------------

The beam width:                  25
The length of solution:          25
The number of nodes expanded:    803
The total CPU time of heuristic: 0.005602000000138219
The total CPU time of A*:        0.4727009999999865
The type of heuristic:           NonAdimissible
-----------path-----------
1: [[5, 1, 3, 8, 2, 0, 4, 7, 6], [], []]
2: [[5, 1, 3, 8, 2, 0, 4, 7], [], [6]]
3: [[5, 1, 3, 8, 2, 0, 4], [], [6, 7]]
4: [[5, 1, 3, 8, 2, 0], [], [6, 7, 4]]
5: [[5, 1, 3, 8, 2], [0], [6, 7, 4]]
6: [[5, 1, 3, 8], [0, 2], [6, 7, 4]]
7: [[5, 1, 3], [0, 2, 8], [6, 7, 4]]
8: [[5, 1], [0, 2, 8, 3], [6, 7, 4]]
9: [[5, 1, 4], [0, 2, 8, 3], [6, 7]]
10: [[5, 1, 4, 3], [0, 2, 8], [6, 7]]
11: [[5, 1, 4, 3], [0, 2], [6, 7, 8]]
12: [[5, 1, 4], [0, 2, 3], [6, 7, 8]]
13: [[5, 1], [0, 2, 3, 4], [6, 7, 8]]
14: [[5], [0, 2, 3, 4, 1], [6, 7, 8]]
15: [[], [0, 2, 3, 4, 1, 5], [6, 7, 8]]
16: [[8], [0, 2, 3, 4, 1, 5], [6, 7]]
17: [[8, 7], [0, 2, 3, 4, 1, 5], [6]]
18: [[8, 7, 6], [0, 2, 3, 4, 1, 5], []]
19: [[8, 7, 6, 5], [0, 2, 3, 4, 1], []]
20: [[8, 7, 6, 5], [0, 2, 3, 4], [1]]
21: [[8, 7, 6, 5, 4], [0, 2, 3], [1]]
22: [[8, 7, 6, 5, 4, 3], [0, 2], [1]]
23: [[8, 7, 6, 5, 4, 3, 2], [0], [1]]
24: [[8, 7, 6, 5, 4, 3, 2, 1], [0], []]
25: [[8, 7, 6, 5, 4, 3, 2, 1, 0], [], []]
--------------------------

The beam width:                  25
The length of solution:          19
The number of nodes expanded:    1003
The total CPU time of heuristic: 0.006724999999732972
The total CPU time of A*:        0.663731999999996
The type of heuristic:           NonAdimissible
-----------path-----------
1: [[6, 2, 1, 3, 4, 5, 7, 8, 0], [], []]
2: [[6, 2, 1, 3, 4, 5, 7, 8], [], [0]]
3: [[6, 2, 1, 3, 4, 5, 7], [8], [0]]
4: [[6, 2, 1, 3, 4, 5], [8, 7], [0]]
5: [[6, 2, 1, 3, 4], [8, 7], [0, 5]]
6: [[6, 2, 1, 3, 4], [8], [0, 5, 7]]
7: [[6, 2, 1, 3], [8, 4], [0, 5, 7]]
8: [[6, 2, 1], [8, 4], [0, 5, 7, 3]]
9: [[6, 2, 1, 4], [8], [0, 5, 7, 3]]
10: [[6, 2, 1, 4, 3], [8], [0, 5, 7]]
11: [[6, 2, 1, 4, 3], [], [0, 5, 7, 8]]
12: [[6, 2, 1, 4], [3], [0, 5, 7, 8]]
13: [[6, 2, 1], [3, 4], [0, 5, 7, 8]]
14: [[6, 2], [3, 4, 1], [0, 5, 7, 8]]
15: [[6], [3, 4, 1, 2], [0, 5, 7, 8]]
16: [[], [3, 4, 1, 2, 6], [0, 5, 7, 8]]
17: [[8], [3, 4, 1, 2, 6], [0, 5, 7]]
18: [[8, 7], [3, 4, 1, 2, 6], [0, 5]]
19: [[8, 7, 6], [3, 4, 1, 2], [0, 5]]
--------------------------

The beam width:                  25
The length of solution:          23
The number of nodes expanded:    865
The total CPU time of heuristic: 0.006255999999780215
The total CPU time of A*:        0.5235139999999916
The type of heuristic:           NonAdimissible
-----------path-----------
1: [[8, 4, 0, 6, 2, 1, 7, 5, 3], [], []]
2: [[8, 4, 0, 6, 2, 1, 7, 5], [], [3]]
3: [[8, 4, 0, 6, 2, 1, 7], [], [3, 5]]
4: [[8, 4, 0, 6, 2, 1], [], [3, 5, 7]]
5: [[8, 4, 0, 6, 2], [1], [3, 5, 7]]
6: [[8, 4, 0, 6], [1, 2], [3, 5, 7]]
7: [[8, 4, 0], [1, 2, 6], [3, 5, 7]]
8: [[8, 4], [1, 2, 6, 0], [3, 5, 7]]
9: [[8], [1, 2, 6, 0, 4], [3, 5, 7]]
10: [[8, 7], [1, 2, 6, 0, 4], [3, 5]]
11: [[8, 7, 4], [1, 2, 6, 0], [3, 5]]
12: [[8, 7, 4, 0], [1, 2, 6], [3, 5]]
13: [[8, 7, 4, 0], [1, 2], [3, 5, 6]]
14: [[8, 7, 4], [1, 2, 0], [3, 5, 6]]
15: [[8, 7], [1, 2, 0, 4], [3, 5, 6]]
16: [[8, 7, 6], [1, 2, 0, 4], [3, 5]]
17: [[8, 7, 6, 5], [1, 2, 0, 4], [3]]
18: [[8, 7, 6, 5, 4], [1, 2, 0], [3]]
19: [[8, 7, 6, 5, 4, 3], [1, 2, 0], []]
20: [[8, 7, 6, 5, 4, 3], [1, 2], [0]]
21: [[8, 7, 6, 5, 4, 3, 2], [1], [0]]
22: [[8, 7, 6, 5, 4, 3, 2, 1], [], [0]]
23: [[8, 7, 6, 5, 4, 3, 2, 1, 0], [], []]
--------------------------

The beam width:                  25
The length of solution:          16
The number of nodes expanded:    1001
The total CPU time of heuristic: 0.007133999999780372
The total CPU time of A*:        0.6783870000000007
The type of heuristic:           NonAdimissible
-----------path-----------
1: [[2, 1, 8, 5, 6, 7, 3, 0, 4], [], []]
2: [[2, 1, 8, 5, 6, 7, 3, 0], [4], []]
3: [[2, 1, 8, 5, 6, 7, 3], [4], [0]]
4: [[2, 1, 8, 5, 6, 7], [4], [0, 3]]
5: [[2, 1, 8, 5, 6], [4], [0, 3, 7]]
6: [[2, 1, 8, 5], [4], [0, 3, 7, 6]]
7: [[2, 1, 8], [4, 5], [0, 3, 7, 6]]
8: [[2, 1, 8], [4, 5, 6], [0, 3, 7]]
9: [[2, 1], [4, 5, 6], [0, 3, 7, 8]]
10: [[2], [4, 5, 6, 1], [0, 3, 7, 8]]
11: [[], [4, 5, 6, 1, 2], [0, 3, 7, 8]]
12: [[8], [4, 5, 6, 1, 2], [0, 3, 7]]
13: [[8, 2], [4, 5, 6, 1], [0, 3, 7]]
14: [[8, 2], [4, 5, 6], [0, 3, 7, 1]]
15: [[8], [4, 5, 6, 2], [0, 3, 7, 1]]
16: [[8, 1], [4, 5, 6, 2], [0, 3, 7]]
--------------------------

The beam width:                  25
The length of solution:          16
The number of nodes expanded:    1003
The total CPU time of heuristic: 0.007104000000396127
The total CPU time of A*:        0.7053850000000068
The type of heuristic:           NonAdimissible
-----------path-----------
1: [[7, 5, 0, 3, 1, 4, 6, 8, 2], [], []]
2: [[7, 5, 0, 3, 1, 4, 6, 8], [2], []]
3: [[7, 5, 0, 3, 1, 4, 6], [2], [8]]
4: [[7, 5, 0, 3, 1, 4], [2, 6], [8]]
5: [[7, 5, 0, 3, 1, 4], [2, 6, 8], []]
6: [[7, 5, 0, 3, 1], [2, 6, 8], [4]]
7: [[7, 5, 0, 3], [2, 6, 8, 1], [4]]
8: [[7, 5, 0], [2, 6, 8, 1, 3], [4]]
9: [[7, 5], [2, 6, 8, 1, 3], [4, 0]]
10: [[7], [2, 6, 8, 1, 3, 5], [4, 0]]
11: [[], [2, 6, 8, 1, 3, 5, 7], [4, 0]]
12: [[0], [2, 6, 8, 1, 3, 5, 7], [4]]
13: [[0], [2, 6, 8, 1, 3, 5], [4, 7]]
14: [[], [2, 6, 8, 1, 3, 5], [4, 7, 0]]
15: [[5], [2, 6, 8, 1, 3], [4, 7, 0]]
16: [[5, 3], [2, 6, 8, 1], [4, 7, 0]]
--------------------------

The beam width:                  25
The length of solution:          16
The number of nodes expanded:    1001
The total CPU time of heuristic: 0.007281000000077142
The total CPU time of A*:        0.6634609999999981
The type of heuristic:           NonAdimissible
-----------path-----------
1: [[8, 0, 1, 3, 7, 5, 4, 6, 2], [], []]
2: [[8, 0, 1, 3, 7, 5, 4, 6], [2], []]
3: [[8, 0, 1, 3, 7, 5, 4], [2], [6]]
4: [[8, 0, 1, 3, 7, 5], [2, 4], [6]]
5: [[8, 0, 1, 3, 7], [2, 4, 5], [6]]
6: [[8, 0, 1, 3, 7], [2, 4, 5, 6], []]
7: [[8, 0, 1, 3], [2, 4, 5, 6, 7], []]
8: [[8, 0, 1], [2, 4, 5, 6, 7, 3], []]
9: [[8, 0], [2, 4, 5, 6, 7, 3], [1]]
10: [[8], [2, 4, 5, 6, 7, 3], [1, 0]]
11: [[8, 3], [2, 4, 5, 6, 7], [1, 0]]
12: [[8, 3, 0], [2, 4, 5, 6, 7], [1]]
13: [[8, 3, 0], [2, 4, 5, 6], [1, 7]]
14: [[8, 3], [2, 4, 5, 6, 0], [1, 7]]
15: [[8], [2, 4, 5, 6, 0, 3], [1, 7]]
16: [[8, 7], [2, 4, 5, 6, 0, 3], [1]]
--------------------------

The beam width:                  25
The length of solution:          23
The number of nodes expanded:    567
The total CPU time of heuristic: 0.0038480000002181214
The total CPU time of A*:        0.2651649999999961
The type of heuristic:           NonAdimissible
-----------path-----------
1: [[3, 2, 5, 6, 4, 0, 8, 7, 1], [], []]
2: [[3, 2, 5, 6, 4, 0, 8, 7], [], [1]]
3: [[3, 2, 5, 6, 4, 0, 8], [], [1, 7]]
4: [[3, 2, 5, 6, 4, 0], [], [1, 7, 8]]
5: [[3, 2, 5, 6, 4], [0], [1, 7, 8]]
6: [[3, 2, 5, 6], [0, 4], [1, 7, 8]]
7: [[3, 2, 5], [0, 4], [1, 7, 8, 6]]
8: [[3, 2], [0, 4, 5], [1, 7, 8, 6]]
9: [[3, 2], [0, 4, 5, 6], [1, 7, 8]]
10: [[3], [0, 4, 5, 6, 2], [1, 7, 8]]
11: [[], [0, 4, 5, 6, 2, 3], [1, 7, 8]]
12: [[8], [0, 4, 5, 6, 2, 3], [1, 7]]
13: [[8, 7], [0, 4, 5, 6, 2, 3], [1]]
14: [[8, 7, 3], [0, 4, 5, 6, 2], [1]]
15: [[8, 7, 3], [0, 4, 5, 6], [1, 2]]
16: [[8, 7], [0, 4, 5, 6], [1, 2, 3]]
17: [[8, 7, 6], [0, 4, 5], [1, 2, 3]]
18: [[8, 7, 6, 5], [0, 4], [1, 2, 3]]
19: [[8, 7, 6, 5, 4], [0], [1, 2, 3]]
20: [[8, 7, 6, 5, 4, 3], [0], [1, 2]]
21: [[8, 7, 6, 5, 4, 3, 2], [0], [1]]
22: [[8, 7, 6, 5, 4, 3, 2, 1], [0], []]
23: [[8, 7, 6, 5, 4, 3, 2, 1, 0], [], []]
--------------------------

The beam width:                  25
The length of solution:          23
The number of nodes expanded:    612
The total CPU time of heuristic: 0.004216999999982818
The total CPU time of A*:        0.3165699999999987
The type of heuristic:           NonAdimissible
-----------path-----------
1: [[7, 5, 0, 8, 2, 4, 1, 6, 3], [], []]
2: [[7, 5, 0, 8, 2, 4, 1, 6], [], [3]]
3: [[7, 5, 0, 8, 2, 4, 1], [], [3, 6]]
4: [[7, 5, 0, 8, 2, 4], [1], [3, 6]]
5: [[7, 5, 0, 8, 2], [1], [3, 6, 4]]
6: [[7, 5, 0, 8], [1, 2], [3, 6, 4]]
7: [[7, 5, 0, 8], [1, 2, 4], [3, 6]]
8: [[7, 5, 0], [1, 2, 4], [3, 6, 8]]
9: [[7, 5], [1, 2, 4, 0], [3, 6, 8]]
10: [[7], [1, 2, 4, 0, 5], [3, 6, 8]]
11: [[], [1, 2, 4, 0, 5, 7], [3, 6, 8]]
12: [[8], [1, 2, 4, 0, 5, 7], [3, 6]]
13: [[8, 7], [1, 2, 4, 0, 5], [3, 6]]
14: [[8, 7, 6], [1, 2, 4, 0, 5], [3]]
15: [[8, 7, 6, 5], [1, 2, 4, 0], [3]]
16: [[8, 7, 6, 5], [1, 2, 4], [3, 0]]
17: [[8, 7, 6, 5, 4], [1, 2], [3, 0]]
18: [[8, 7, 6, 5, 4], [1, 2, 0], [3]]
19: [[8, 7, 6, 5, 4, 3], [1, 2, 0], []]
20: [[8, 7, 6, 5, 4, 3], [1, 2], [0]]
21: [[8, 7, 6, 5, 4, 3, 2], [1], [0]]
22: [[8, 7, 6, 5, 4, 3, 2, 1], [], [0]]
23: [[8, 7, 6, 5, 4, 3, 2, 1, 0], [], []]
--------------------------

The beam width:                  25
The length of solution:          21
The number of nodes expanded:    556
The total CPU time of heuristic: 0.0038679999995707703
The total CPU time of A*:        0.26158900000000074
The type of heuristic:           NonAdimissible
-----------path-----------
1: [[6, 5, 0, 2, 1, 8, 7, 3, 4], [], []]
2: [[6, 5, 0, 2, 1, 8, 7, 3], [4], []]
3: [[6, 5, 0, 2, 1, 8, 7], [4], [3]]
4: [[6, 5, 0, 2, 1, 8, 7], [], [3, 4]]
5: [[6, 5, 0, 2, 1, 8], [], [3, 4, 7]]
6: [[6, 5, 0, 2, 1], [], [3, 4, 7, 8]]
7: [[6, 5, 0, 2], [1], [3, 4, 7, 8]]
8: [[6, 5, 0], [1, 2], [3, 4, 7, 8]]
9: [[6, 5], [1, 2, 0], [3, 4, 7, 8]]
10: [[6], [1, 2, 0, 5], [3, 4, 7, 8]]
11: [[], [1, 2, 0, 5, 6], [3, 4, 7, 8]]
12: [[8], [1, 2, 0, 5, 6], [3, 4, 7]]
13: [[8, 7], [1, 2, 0, 5, 6], [3, 4]]
14: [[8, 7, 6], [1, 2, 0, 5], [3, 4]]
15: [[8, 7, 6, 5], [1, 2, 0], [3, 4]]
16: [[8, 7, 6, 5, 4], [1, 2, 0], [3]]
17: [[8, 7, 6, 5, 4, 3], [1, 2, 0], []]
18: [[8, 7, 6, 5, 4, 3], [1, 2], [0]]
19: [[8, 7, 6, 5, 4, 3, 2], [1], [0]]
20: [[8, 7, 6, 5, 4, 3, 2, 1], [], [0]]
21: [[8, 7, 6, 5, 4, 3, 2, 1, 0], [], []]
--------------------------

The beam width:                  25
The length of solution:          14
The number of nodes expanded:    1004
The total CPU time of heuristic: 0.007011999999676277
The total CPU time of A*:        0.6670940000000058
The type of heuristic:           NonAdimissible
-----------path-----------
1: [[1, 4, 6, 8, 2, 3, 0, 7, 5], [], []]
2: [[1, 4, 6, 8, 2, 3, 0, 7], [5], []]
3: [[1, 4, 6, 8, 2, 3, 0], [5, 7], []]
4: [[1, 4, 6, 8, 2, 3], [5, 7, 0], []]
5: [[1, 4, 6, 8, 2], [5, 7, 0, 3], []]
6: [[1, 4, 6, 8], [5, 7, 0, 3], [2]]
7: [[1, 4, 6], [5, 7, 0, 3, 8], [2]]
8: [[1, 4], [5, 7, 0, 3, 8], [2, 6]]
9: [[1], [5, 7, 0, 3, 8], [2, 6, 4]]
10: [[1, 8], [5, 7, 0, 3], [2, 6, 4]]
11: [[1, 8, 3], [5, 7, 0], [2, 6, 4]]
12: [[1, 8, 3, 0], [5, 7], [2, 6, 4]]
13: [[1, 8, 3, 0, 4], [5, 7], [2, 6]]
14: [[1, 8, 3, 0, 4], [5], [2, 6, 7]]
--------------------------

