The beam width:                  50
The length of solution:          17
The number of nodes expanded:    288
The total CPU time of heuristic: 0.0017010000000112768
The total CPU time of A*:        0.09204699999999377
The type of heuristic:           NonAdimissible
-----------path-----------
1: [[2, 1, 0, 4, 3, 5, 6], [], []]
2: [[2, 1, 0, 4, 3, 5], [], [6]]
3: [[2, 1, 0, 4, 3], [], [6, 5]]
4: [[2, 1, 0, 4], [3], [6, 5]]
5: [[2, 1, 0], [3, 4], [6, 5]]
6: [[2, 1, 0], [3, 4, 5], [6]]
7: [[2, 1, 0], [3, 4, 5, 6], []]
8: [[2, 1], [3, 4, 5, 6], [0]]
9: [[2], [3, 4, 5, 6], [0, 1]]
10: [[], [3, 4, 5, 6], [0, 1, 2]]
11: [[6], [3, 4, 5], [0, 1, 2]]
12: [[6, 5], [3, 4], [0, 1, 2]]
13: [[6, 5, 4], [3], [0, 1, 2]]
14: [[6, 5, 4, 3], [], [0, 1, 2]]
15: [[6, 5, 4, 3, 2], [], [0, 1]]
16: [[6, 5, 4, 3, 2, 1], [], [0]]
17: [[6, 5, 4, 3, 2, 1, 0], [], []]
--------------------------

The beam width:                  50
The length of solution:          15
The number of nodes expanded:    1004
The total CPU time of heuristic: 0.007165999999457995
The total CPU time of A*:        0.6093539999999962
The type of heuristic:           NonAdimissible
-----------path-----------
1: [[1, 2, 5, 6, 3, 0, 4], [], []]
2: [[1, 2, 5, 6, 3, 0], [4], []]
3: [[1, 2, 5, 6, 3], [4], [0]]
4: [[1, 2, 5, 6], [4], [0, 3]]
5: [[1, 2, 5], [4], [0, 3, 6]]
6: [[1, 2], [4, 5], [0, 3, 6]]
7: [[1, 2], [4, 5, 6], [0, 3]]
8: [[1], [4, 5, 6, 2], [0, 3]]
9: [[], [4, 5, 6, 2], [0, 3, 1]]
10: [[], [4, 5, 6], [0, 3, 1, 2]]
11: [[6], [4, 5], [0, 3, 1, 2]]
12: [[6, 5], [4], [0, 3, 1, 2]]
13: [[6, 5, 4], [], [0, 3, 1, 2]]
14: [[6, 5, 4], [2], [0, 3, 1]]
15: [[6, 5, 4, 1], [2], [0, 3]]
--------------------------

The beam width:                  50
The length of solution:          16
The number of nodes expanded:    406
The total CPU time of heuristic: 0.0028250000001293074
The total CPU time of A*:        0.171291999999994
The type of heuristic:           NonAdimissible
-----------path-----------
1: [[5, 6, 0, 3, 4, 2, 1], [], []]
2: [[5, 6, 0, 3, 4, 2], [1], []]
3: [[5, 6, 0, 3, 4], [1, 2], []]
4: [[5, 6, 0, 3], [1, 2, 4], []]
5: [[5, 6, 0], [1, 2, 4, 3], []]
6: [[5, 6], [1, 2, 4, 3], [0]]
7: [[5, 6], [1, 2, 4], [0, 3]]
8: [[5], [1, 2, 4], [0, 3, 6]]
9: [[], [1, 2, 4, 5], [0, 3, 6]]
10: [[6], [1, 2, 4, 5], [0, 3]]
11: [[6, 5], [1, 2, 4], [0, 3]]
12: [[6, 5, 4], [1, 2], [0, 3]]
13: [[6, 5, 4, 3], [1, 2], [0]]
14: [[6, 5, 4, 3, 2], [1], [0]]
15: [[6, 5, 4, 3, 2, 1], [], [0]]
16: [[6, 5, 4, 3, 2, 1, 0], [], []]
--------------------------

The beam width:                  50
The length of solution:          16
The number of nodes expanded:    470
The total CPU time of heuristic: 0.003200999999933174
The total CPU time of A*:        0.19826099999998803
The type of heuristic:           NonAdimissible
-----------path-----------
1: [[2, 4, 6, 3, 1, 5, 0], [], []]
2: [[2, 4, 6, 3, 1, 5], [], [0]]
3: [[2, 4, 6, 3, 1], [5], [0]]
4: [[2, 4, 6, 3], [5], [0, 1]]
5: [[2, 4, 6], [5], [0, 1, 3]]
6: [[2, 4], [5, 6], [0, 1, 3]]
7: [[2], [5, 6], [0, 1, 3, 4]]
8: [[], [5, 6], [0, 1, 3, 4, 2]]
9: [[6], [5], [0, 1, 3, 4, 2]]
10: [[6, 5], [], [0, 1, 3, 4, 2]]
11: [[6, 5], [2], [0, 1, 3, 4]]
12: [[6, 5, 4], [2], [0, 1, 3]]
13: [[6, 5, 4, 3], [2], [0, 1]]
14: [[6, 5, 4, 3, 2], [], [0, 1]]
15: [[6, 5, 4, 3, 2, 1], [], [0]]
16: [[6, 5, 4, 3, 2, 1, 0], [], []]
--------------------------

The beam width:                  50
The length of solution:          16
The number of nodes expanded:    274
The total CPU time of heuristic: 0.0017880000002605811
The total CPU time of A*:        0.10182399999999348
The type of heuristic:           NonAdimissible
-----------path-----------
1: [[4, 6, 2, 3, 0, 5, 1], [], []]
2: [[4, 6, 2, 3, 0, 5], [1], []]
3: [[4, 6, 2, 3, 0], [1, 5], []]
4: [[4, 6, 2, 3], [1, 5], [0]]
5: [[4, 6, 2], [1, 5], [0, 3]]
6: [[4, 6, 2], [1], [0, 3, 5]]
7: [[4, 6], [1, 2], [0, 3, 5]]
8: [[4], [1, 2], [0, 3, 5, 6]]
9: [[], [1, 2, 4], [0, 3, 5, 6]]
10: [[6], [1, 2, 4], [0, 3, 5]]
11: [[6, 5], [1, 2, 4], [0, 3]]
12: [[6, 5, 4], [1, 2], [0, 3]]
13: [[6, 5, 4, 3], [1, 2], [0]]
14: [[6, 5, 4, 3, 2], [1], [0]]
15: [[6, 5, 4, 3, 2, 1], [], [0]]
16: [[6, 5, 4, 3, 2, 1, 0], [], []]
--------------------------

The beam width:                  50
The length of solution:          17
The number of nodes expanded:    394
The total CPU time of heuristic: 0.0030790000000280315
The total CPU time of A*:        0.17307900000000132
The type of heuristic:           NonAdimissible
-----------path-----------
1: [[5, 2, 1, 3, 4, 0, 6], [], []]
2: [[5, 2, 1, 3, 4, 0], [], [6]]
3: [[5, 2, 1, 3, 4], [0], [6]]
4: [[5, 2, 1, 3], [0], [6, 4]]
5: [[5, 2, 1], [0, 3], [6, 4]]
6: [[5, 2, 1], [0, 3, 4], [6]]
7: [[5, 2, 1], [0, 3, 4, 6], []]
8: [[5, 2], [0, 3, 4, 6], [1]]
9: [[5], [0, 3, 4, 6], [1, 2]]
10: [[], [0, 3, 4, 6], [1, 2, 5]]
11: [[6], [0, 3, 4], [1, 2, 5]]
12: [[6, 5], [0, 3, 4], [1, 2]]
13: [[6, 5, 4], [0, 3], [1, 2]]
14: [[6, 5, 4, 3], [0], [1, 2]]
15: [[6, 5, 4, 3, 2], [0], [1]]
16: [[6, 5, 4, 3, 2, 1], [0], []]
17: [[6, 5, 4, 3, 2, 1, 0], [], []]
--------------------------

The beam width:                  50
The length of solution:          17
The number of nodes expanded:    331
The total CPU time of heuristic: 0.0022659999999774527
The total CPU time of A*:        0.12378900000000215
The type of heuristic:           NonAdimissible
-----------path-----------
1: [[3, 1, 0, 5, 2, 4, 6], [], []]
2: [[3, 1, 0, 5, 2, 4], [], [6]]
3: [[3, 1, 0, 5, 2], [], [6, 4]]
4: [[3, 1, 0, 5], [2], [6, 4]]
5: [[3, 1, 0, 5], [2, 4], [6]]
6: [[3, 1, 0], [2, 4, 5], [6]]
7: [[3, 1, 0], [2, 4, 5, 6], []]
8: [[3, 1], [2, 4, 5, 6], [0]]
9: [[3], [2, 4, 5, 6], [0, 1]]
10: [[], [2, 4, 5, 6], [0, 1, 3]]
11: [[6], [2, 4, 5], [0, 1, 3]]
12: [[6, 5], [2, 4], [0, 1, 3]]
13: [[6, 5, 4], [2], [0, 1, 3]]
14: [[6, 5, 4, 3], [2], [0, 1]]
15: [[6, 5, 4, 3, 2], [], [0, 1]]
16: [[6, 5, 4, 3, 2, 1], [], [0]]
17: [[6, 5, 4, 3, 2, 1, 0], [], []]
--------------------------

The beam width:                  50
The length of solution:          17
The number of nodes expanded:    384
The total CPU time of heuristic: 0.0026740000001268527
The total CPU time of A*:        0.14161699999998234
The type of heuristic:           NonAdimissible
-----------path-----------
1: [[4, 1, 0, 6, 2, 3, 5], [], []]
2: [[4, 1, 0, 6, 2, 3], [], [5]]
3: [[4, 1, 0, 6, 2], [], [5, 3]]
4: [[4, 1, 0, 6], [2], [5, 3]]
5: [[4, 1, 0, 6], [2, 3], [5]]
6: [[4, 1, 0, 6], [2, 3, 5], []]
7: [[4, 1, 0], [2, 3, 5, 6], []]
8: [[4, 1], [2, 3, 5, 6], [0]]
9: [[4], [2, 3, 5, 6], [0, 1]]
10: [[], [2, 3, 5, 6], [0, 1, 4]]
11: [[6], [2, 3, 5], [0, 1, 4]]
12: [[6, 5], [2, 3], [0, 1, 4]]
13: [[6, 5, 4], [2, 3], [0, 1]]
14: [[6, 5, 4, 3], [2], [0, 1]]
15: [[6, 5, 4, 3, 2], [], [0, 1]]
16: [[6, 5, 4, 3, 2, 1], [], [0]]
17: [[6, 5, 4, 3, 2, 1, 0], [], []]
--------------------------

The beam width:                  50
The length of solution:          17
The number of nodes expanded:    509
The total CPU time of heuristic: 0.0036600000000248656
The total CPU time of A*:        0.2255699999999905
The type of heuristic:           NonAdimissible
-----------path-----------
1: [[0, 3, 5, 4, 2, 1, 6], [], []]
2: [[0, 3, 5, 4, 2, 1], [], [6]]
3: [[0, 3, 5, 4, 2], [1], [6]]
4: [[0, 3, 5, 4], [1, 2], [6]]
5: [[0, 3, 5], [1, 2, 4], [6]]
6: [[0, 3], [1, 2, 4, 5], [6]]
7: [[0, 3], [1, 2, 4, 5, 6], []]
8: [[0], [1, 2, 4, 5, 6, 3], []]
9: [[], [1, 2, 4, 5, 6, 3], [0]]
10: [[], [1, 2, 4, 5, 6], [0, 3]]
11: [[6], [1, 2, 4, 5], [0, 3]]
12: [[6, 5], [1, 2, 4], [0, 3]]
13: [[6, 5, 4], [1, 2], [0, 3]]
14: [[6, 5, 4, 3], [1, 2], [0]]
15: [[6, 5, 4, 3, 2], [1], [0]]
16: [[6, 5, 4, 3, 2, 1], [], [0]]
17: [[6, 5, 4, 3, 2, 1, 0], [], []]
--------------------------

The beam width:                  50
The length of solution:          17
The number of nodes expanded:    435
The total CPU time of heuristic: 0.0029130000001202916
The total CPU time of A*:        0.16653699999999105
The type of heuristic:           NonAdimissible
-----------path-----------
1: [[1, 3, 0, 6, 4, 2, 5], [], []]
2: [[1, 3, 0, 6, 4, 2], [], [5]]
3: [[1, 3, 0, 6, 4], [2], [5]]
4: [[1, 3, 0, 6], [2, 4], [5]]
5: [[1, 3, 0, 6], [2, 4, 5], []]
6: [[1, 3, 0], [2, 4, 5, 6], []]
7: [[1, 3], [2, 4, 5, 6], [0]]
8: [[1], [2, 4, 5, 6, 3], [0]]
9: [[], [2, 4, 5, 6, 3], [0, 1]]
10: [[], [2, 4, 5, 6], [0, 1, 3]]
11: [[6], [2, 4, 5], [0, 1, 3]]
12: [[6, 5], [2, 4], [0, 1, 3]]
13: [[6, 5, 4], [2], [0, 1, 3]]
14: [[6, 5, 4, 3], [2], [0, 1]]
15: [[6, 5, 4, 3, 2], [], [0, 1]]
16: [[6, 5, 4, 3, 2, 1], [], [0]]
17: [[6, 5, 4, 3, 2, 1, 0], [], []]
--------------------------

The beam width:                  50
The length of solution:          17
The number of nodes expanded:    528
The total CPU time of heuristic: 0.003891999999936502
The total CPU time of A*:        0.24225799999999253
The type of heuristic:           NonAdimissible
-----------path-----------
1: [[3, 2, 0, 6, 1, 5, 4], [], []]
2: [[3, 2, 0, 6, 1, 5], [], [4]]
3: [[3, 2, 0, 6, 1], [], [4, 5]]
4: [[3, 2, 0, 6], [], [4, 5, 1]]
5: [[3, 2, 0], [], [4, 5, 1, 6]]
6: [[3, 2], [0], [4, 5, 1, 6]]
7: [[3], [0, 2], [4, 5, 1, 6]]
8: [[], [0, 2, 3], [4, 5, 1, 6]]
9: [[6], [0, 2, 3], [4, 5, 1]]
10: [[6], [0, 2, 3, 1], [4, 5]]
11: [[6, 5], [0, 2, 3, 1], [4]]
12: [[6, 5, 4], [0, 2, 3, 1], []]
13: [[6, 5, 4], [0, 2, 3], [1]]
14: [[6, 5, 4, 3], [0, 2], [1]]
15: [[6, 5, 4, 3, 2], [0], [1]]
16: [[6, 5, 4, 3, 2, 1], [0], []]
17: [[6, 5, 4, 3, 2, 1, 0], [], []]
--------------------------

The beam width:                  50
The length of solution:          17
The number of nodes expanded:    492
The total CPU time of heuristic: 0.0034620000001410745
The total CPU time of A*:        0.2019159999999971
The type of heuristic:           NonAdimissible
-----------path-----------
1: [[4, 0, 3, 1, 2, 6, 5], [], []]
2: [[4, 0, 3, 1, 2, 6], [], [5]]
3: [[4, 0, 3, 1, 2], [], [5, 6]]
4: [[4, 0, 3, 1], [], [5, 6, 2]]
5: [[4, 0, 3], [1], [5, 6, 2]]
6: [[4, 0, 3], [1, 2], [5, 6]]
7: [[4, 0], [1, 2, 3], [5, 6]]
8: [[4], [1, 2, 3, 0], [5, 6]]
9: [[], [1, 2, 3, 0, 4], [5, 6]]
10: [[6], [1, 2, 3, 0, 4], [5]]
11: [[6, 5], [1, 2, 3, 0, 4], []]
12: [[6, 5, 4], [1, 2, 3, 0], []]
13: [[6, 5, 4], [1, 2, 3], [0]]
14: [[6, 5, 4, 3], [1, 2], [0]]
15: [[6, 5, 4, 3, 2], [1], [0]]
16: [[6, 5, 4, 3, 2, 1], [], [0]]
17: [[6, 5, 4, 3, 2, 1, 0], [], []]
--------------------------

The beam width:                  50
The length of solution:          15
The number of nodes expanded:    473
The total CPU time of heuristic: 0.003592000000026019
The total CPU time of A*:        0.19471400000000472
The type of heuristic:           NonAdimissible
-----------path-----------
1: [[6, 0, 1, 3, 2, 5, 4], [], []]
2: [[6, 0, 1, 3, 2, 5], [], [4]]
3: [[6, 0, 1, 3, 2], [], [4, 5]]
4: [[6, 0, 1, 3], [2], [4, 5]]
5: [[6, 0, 1], [2, 3], [4, 5]]
6: [[6, 0], [2, 3, 1], [4, 5]]
7: [[6], [2, 3, 1, 0], [4, 5]]
8: [[6, 5], [2, 3, 1, 0], [4]]
9: [[6, 5, 4], [2, 3, 1, 0], []]
10: [[6, 5, 4], [2, 3, 1], [0]]
11: [[6, 5, 4], [2, 3], [0, 1]]
12: [[6, 5, 4, 3], [2], [0, 1]]
13: [[6, 5, 4, 3, 2], [], [0, 1]]
14: [[6, 5, 4, 3, 2, 1], [], [0]]
15: [[6, 5, 4, 3, 2, 1, 0], [], []]
--------------------------

The beam width:                  50
The length of solution:          17
The number of nodes expanded:    581
The total CPU time of heuristic: 0.003917000000384974
The total CPU time of A*:        0.25573099999998306
The type of heuristic:           NonAdimissible
-----------path-----------
1: [[2, 3, 6, 5, 0, 1, 4], [], []]
2: [[2, 3, 6, 5, 0, 1], [4], []]
3: [[2, 3, 6, 5, 0], [4], [1]]
4: [[2, 3, 6, 5, 0], [], [1, 4]]
5: [[2, 3, 6, 5], [0], [1, 4]]
6: [[2, 3, 6], [0], [1, 4, 5]]
7: [[2, 3], [0], [1, 4, 5, 6]]
8: [[2], [0, 3], [1, 4, 5, 6]]
9: [[], [0, 3, 2], [1, 4, 5, 6]]
10: [[6], [0, 3, 2], [1, 4, 5]]
11: [[6, 5], [0, 3, 2], [1, 4]]
12: [[6, 5, 4], [0, 3, 2], [1]]
13: [[6, 5, 4], [0, 3], [1, 2]]
14: [[6, 5, 4, 3], [0], [1, 2]]
15: [[6, 5, 4, 3, 2], [0], [1]]
16: [[6, 5, 4, 3, 2, 1], [0], []]
17: [[6, 5, 4, 3, 2, 1, 0], [], []]
--------------------------

The beam width:                  50
The length of solution:          16
The number of nodes expanded:    270
The total CPU time of heuristic: 0.0018909999996594706
The total CPU time of A*:        0.09432700000000693
The type of heuristic:           NonAdimissible
-----------path-----------
1: [[1, 6, 2, 5, 0, 4, 3], [], []]
2: [[1, 6, 2, 5, 0, 4], [], [3]]
3: [[1, 6, 2, 5, 0], [], [3, 4]]
4: [[1, 6, 2, 5], [0], [3, 4]]
5: [[1, 6, 2], [0], [3, 4, 5]]
6: [[1, 6], [0, 2], [3, 4, 5]]
7: [[1], [0, 2], [3, 4, 5, 6]]
8: [[], [0, 2, 1], [3, 4, 5, 6]]
9: [[6], [0, 2, 1], [3, 4, 5]]
10: [[6, 5], [0, 2, 1], [3, 4]]
11: [[6, 5, 4], [0, 2, 1], [3]]
12: [[6, 5, 4, 3], [0, 2, 1], []]
13: [[6, 5, 4, 3], [0, 2], [1]]
14: [[6, 5, 4, 3, 2], [0], [1]]
15: [[6, 5, 4, 3, 2, 1], [0], []]
16: [[6, 5, 4, 3, 2, 1, 0], [], []]
--------------------------

The beam width:                  50
The length of solution:          14
The number of nodes expanded:    244
The total CPU time of heuristic: 0.0016820000000024038
The total CPU time of A*:        0.08163700000000063
The type of heuristic:           NonAdimissible
-----------path-----------
1: [[6, 3, 4, 2, 1, 0, 5], [], []]
2: [[6, 3, 4, 2, 1, 0], [5], []]
3: [[6, 3, 4, 2, 1], [5], [0]]
4: [[6, 3, 4, 2], [5], [0, 1]]
5: [[6, 3, 4], [5], [0, 1, 2]]
6: [[6, 3], [5, 4], [0, 1, 2]]
7: [[6], [5, 4], [0, 1, 2, 3]]
8: [[6], [5], [0, 1, 2, 3, 4]]
9: [[6, 5], [], [0, 1, 2, 3, 4]]
10: [[6, 5, 4], [], [0, 1, 2, 3]]
11: [[6, 5, 4, 3], [], [0, 1, 2]]
12: [[6, 5, 4, 3, 2], [], [0, 1]]
13: [[6, 5, 4, 3, 2, 1], [], [0]]
14: [[6, 5, 4, 3, 2, 1, 0], [], []]
--------------------------

The beam width:                  50
The length of solution:          16
The number of nodes expanded:    486
The total CPU time of heuristic: 0.003450000000412956
The total CPU time of A*:        0.1887789999999967
The type of heuristic:           NonAdimissible
-----------path-----------
1: [[4, 0, 6, 1, 5, 3, 2], [], []]
2: [[4, 0, 6, 1, 5, 3], [], [2]]
3: [[4, 0, 6, 1, 5], [], [2, 3]]
4: [[4, 0, 6, 1], [], [2, 3, 5]]
5: [[4, 0, 6], [1], [2, 3, 5]]
6: [[4, 0], [1], [2, 3, 5, 6]]
7: [[4], [1, 0], [2, 3, 5, 6]]
8: [[], [1, 0, 4], [2, 3, 5, 6]]
9: [[6], [1, 0, 4], [2, 3, 5]]
10: [[6, 5], [1, 0, 4], [2, 3]]
11: [[6, 5, 4], [1, 0], [2, 3]]
12: [[6, 5, 4, 3], [1, 0], [2]]
13: [[6, 5, 4, 3, 2], [1, 0], []]
14: [[6, 5, 4, 3, 2], [1], [0]]
15: [[6, 5, 4, 3, 2, 1], [], [0]]
16: [[6, 5, 4, 3, 2, 1, 0], [], []]
--------------------------

The beam width:                  50
The length of solution:          17
The number of nodes expanded:    498
The total CPU time of heuristic: 0.0035190000001676935
The total CPU time of A*:        0.20335500000000195
The type of heuristic:           NonAdimissible
-----------path-----------
1: [[0, 6, 2, 3, 5, 4, 1], [], []]
2: [[0, 6, 2, 3, 5, 4], [1], []]
3: [[0, 6, 2, 3, 5], [1], [4]]
4: [[0, 6, 2, 3], [1], [4, 5]]
5: [[0, 6, 2], [1], [4, 5, 3]]
6: [[0, 6], [1, 2], [4, 5, 3]]
7: [[0, 6], [1, 2, 3], [4, 5]]
8: [[0], [1, 2, 3], [4, 5, 6]]
9: [[], [1, 2, 3, 0], [4, 5, 6]]
10: [[6], [1, 2, 3, 0], [4, 5]]
11: [[6, 5], [1, 2, 3, 0], [4]]
12: [[6, 5, 4], [1, 2, 3, 0], []]
13: [[6, 5, 4], [1, 2, 3], [0]]
14: [[6, 5, 4, 3], [1, 2], [0]]
15: [[6, 5, 4, 3, 2], [1], [0]]
16: [[6, 5, 4, 3, 2, 1], [], [0]]
17: [[6, 5, 4, 3, 2, 1, 0], [], []]
--------------------------

The beam width:                  50
The length of solution:          17
The number of nodes expanded:    608
The total CPU time of heuristic: 0.004347000000251455
The total CPU time of A*:        0.2879220000000089
The type of heuristic:           NonAdimissible
-----------path-----------
1: [[2, 3, 6, 4, 1, 5, 0], [], []]
2: [[2, 3, 6, 4, 1, 5], [], [0]]
3: [[2, 3, 6, 4, 1], [5], [0]]
4: [[2, 3, 6, 4], [5], [0, 1]]
5: [[2, 3, 6], [5], [0, 1, 4]]
6: [[2, 3, 6], [], [0, 1, 4, 5]]
7: [[2, 3], [], [0, 1, 4, 5, 6]]
8: [[2], [3], [0, 1, 4, 5, 6]]
9: [[], [3, 2], [0, 1, 4, 5, 6]]
10: [[6], [3, 2], [0, 1, 4, 5]]
11: [[6, 5], [3, 2], [0, 1, 4]]
12: [[6, 5, 4], [3, 2], [0, 1]]
13: [[6, 5, 4], [3], [0, 1, 2]]
14: [[6, 5, 4, 3], [], [0, 1, 2]]
15: [[6, 5, 4, 3, 2], [], [0, 1]]
16: [[6, 5, 4, 3, 2, 1], [], [0]]
17: [[6, 5, 4, 3, 2, 1, 0], [], []]
--------------------------

The beam width:                  50
The length of solution:          15
The number of nodes expanded:    126
The total CPU time of heuristic: 0.0009650000002352499
The total CPU time of A*:        0.04887500000000955
The type of heuristic:           NonAdimissible
-----------path-----------
1: [[5, 4, 6, 2, 0, 3, 1], [], []]
2: [[5, 4, 6, 2, 0, 3], [1], []]
3: [[5, 4, 6, 2, 0], [1, 3], []]
4: [[5, 4, 6, 2], [1, 3], [0]]
5: [[5, 4, 6], [1, 3], [0, 2]]
6: [[5, 4], [1, 3], [0, 2, 6]]
7: [[5], [1, 3, 4], [0, 2, 6]]
8: [[], [1, 3, 4, 5], [0, 2, 6]]
9: [[6], [1, 3, 4, 5], [0, 2]]
10: [[6, 5], [1, 3, 4], [0, 2]]
11: [[6, 5, 4], [1, 3], [0, 2]]
12: [[6, 5, 4, 3], [1], [0, 2]]
13: [[6, 5, 4, 3, 2], [1], [0]]
14: [[6, 5, 4, 3, 2, 1], [], [0]]
15: [[6, 5, 4, 3, 2, 1, 0], [], []]
--------------------------

