The beam width:                  10
The length of solution:          27
The number of nodes expanded:    576
The total CPU time of heuristic: 0.0042389999998988515
The total CPU time of A*:        0.3825220000000016
The type of heuristic:           NonAdimissible
-----------path-----------
1: [[7, 6, 3, 0, 5, 8, 2, 1, 4], [], []]
2: [[7, 6, 3, 0, 5, 8, 2, 1], [4], []]
3: [[7, 6, 3, 0, 5, 8, 2], [4], [1]]
4: [[7, 6, 3, 0, 5, 8, 2], [], [1, 4]]
5: [[7, 6, 3, 0, 5, 8], [2], [1, 4]]
6: [[7, 6, 3, 0, 5], [2], [1, 4, 8]]
7: [[7, 6, 3, 0], [2, 5], [1, 4, 8]]
8: [[7, 6, 3], [2, 5, 0], [1, 4, 8]]
9: [[7, 6], [2, 5, 0, 3], [1, 4, 8]]
10: [[7], [2, 5, 0, 3, 6], [1, 4, 8]]
11: [[], [2, 5, 0, 3, 6, 7], [1, 4, 8]]
12: [[8], [2, 5, 0, 3, 6, 7], [1, 4]]
13: [[8, 7], [2, 5, 0, 3, 6], [1, 4]]
14: [[8, 7, 6], [2, 5, 0, 3], [1, 4]]
15: [[8, 7, 6, 3], [2, 5, 0], [1, 4]]
16: [[8, 7, 6, 3, 0], [2, 5], [1, 4]]
17: [[8, 7, 6, 3, 0], [2], [1, 4, 5]]
18: [[8, 7, 6, 3], [2, 0], [1, 4, 5]]
19: [[8, 7, 6], [2, 0, 3], [1, 4, 5]]
20: [[8, 7, 6, 5], [2, 0, 3], [1, 4]]
21: [[8, 7, 6, 5, 4], [2, 0, 3], [1]]
22: [[8, 7, 6, 5, 4, 3], [2, 0], [1]]
23: [[8, 7, 6, 5, 4, 3], [2], [1, 0]]
24: [[8, 7, 6, 5, 4, 3, 2], [], [1, 0]]
25: [[8, 7, 6, 5, 4, 3, 2], [0], [1]]
26: [[8, 7, 6, 5, 4, 3, 2, 1], [0], []]
27: [[8, 7, 6, 5, 4, 3, 2, 1, 0], [], []]
--------------------------

The beam width:                  10
The length of solution:          25
The number of nodes expanded:    422
The total CPU time of heuristic: 0.002873999999948751
The total CPU time of A*:        0.2101550000000003
The type of heuristic:           NonAdimissible
-----------path-----------
1: [[2, 7, 6, 3, 4, 5, 8, 1, 0], [], []]
2: [[2, 7, 6, 3, 4, 5, 8, 1], [], [0]]
3: [[2, 7, 6, 3, 4, 5, 8], [], [0, 1]]
4: [[2, 7, 6, 3, 4, 5], [8], [0, 1]]
5: [[2, 7, 6, 3, 4], [8, 5], [0, 1]]
6: [[2, 7, 6, 3], [8, 5], [0, 1, 4]]
7: [[2, 7, 6, 3], [8], [0, 1, 4, 5]]
8: [[2, 7, 6], [8, 3], [0, 1, 4, 5]]
9: [[2, 7], [8, 3], [0, 1, 4, 5, 6]]
10: [[2], [8, 3], [0, 1, 4, 5, 6, 7]]
11: [[], [8, 3], [0, 1, 4, 5, 6, 7, 2]]
12: [[3], [8], [0, 1, 4, 5, 6, 7, 2]]
13: [[3, 2], [8], [0, 1, 4, 5, 6, 7]]
14: [[3, 2], [], [0, 1, 4, 5, 6, 7, 8]]
15: [[3], [2], [0, 1, 4, 5, 6, 7, 8]]
16: [[], [2, 3], [0, 1, 4, 5, 6, 7, 8]]
17: [[8], [2, 3], [0, 1, 4, 5, 6, 7]]
18: [[8, 7], [2, 3], [0, 1, 4, 5, 6]]
19: [[8, 7, 6], [2, 3], [0, 1, 4, 5]]
20: [[8, 7, 6, 5], [2, 3], [0, 1, 4]]
21: [[8, 7, 6, 5, 4], [2, 3], [0, 1]]
22: [[8, 7, 6, 5, 4, 3], [2], [0, 1]]
23: [[8, 7, 6, 5, 4, 3, 2], [], [0, 1]]
24: [[8, 7, 6, 5, 4, 3, 2, 1], [], [0]]
25: [[8, 7, 6, 5, 4, 3, 2, 1, 0], [], []]
--------------------------

The beam width:                  10
The length of solution:          24
The number of nodes expanded:    352
The total CPU time of heuristic: 0.002585999999979549
The total CPU time of A*:        0.15919000000000239
The type of heuristic:           NonAdimissible
-----------path-----------
1: [[7, 3, 5, 2, 6, 8, 1, 0, 4], [], []]
2: [[7, 3, 5, 2, 6, 8, 1, 0], [4], []]
3: [[7, 3, 5, 2, 6, 8, 1], [4], [0]]
4: [[7, 3, 5, 2, 6, 8], [4], [0, 1]]
5: [[7, 3, 5, 2, 6], [4, 8], [0, 1]]
6: [[7, 3, 5, 2], [4, 8, 6], [0, 1]]
7: [[7, 3, 5], [4, 8, 6], [0, 1, 2]]
8: [[7, 3], [4, 8, 6], [0, 1, 2, 5]]
9: [[7, 3], [4, 8], [0, 1, 2, 5, 6]]
10: [[7], [4, 8, 3], [0, 1, 2, 5, 6]]
11: [[], [4, 8, 3], [0, 1, 2, 5, 6, 7]]
12: [[3], [4, 8], [0, 1, 2, 5, 6, 7]]
13: [[3], [4], [0, 1, 2, 5, 6, 7, 8]]
14: [[], [4, 3], [0, 1, 2, 5, 6, 7, 8]]
15: [[8], [4, 3], [0, 1, 2, 5, 6, 7]]
16: [[8, 7], [4, 3], [0, 1, 2, 5, 6]]
17: [[8, 7, 6], [4, 3], [0, 1, 2, 5]]
18: [[8, 7, 6, 5], [4, 3], [0, 1, 2]]
19: [[8, 7, 6, 5], [4], [0, 1, 2, 3]]
20: [[8, 7, 6, 5, 4], [], [0, 1, 2, 3]]
21: [[8, 7, 6, 5, 4, 3], [], [0, 1, 2]]
22: [[8, 7, 6, 5, 4, 3, 2], [], [0, 1]]
23: [[8, 7, 6, 5, 4, 3, 2, 1], [], [0]]
24: [[8, 7, 6, 5, 4, 3, 2, 1, 0], [], []]
--------------------------

The beam width:                  10
The length of solution:          35
The number of nodes expanded:    738
The total CPU time of heuristic: 0.005406999999998163
The total CPU time of A*:        0.5726419999999983
The type of heuristic:           NonAdimissible
-----------path-----------
1: [[5, 7, 2, 1, 3, 4, 6, 0, 8], [], []]
2: [[5, 7, 2, 1, 3, 4, 6, 0], [], [8]]
3: [[5, 7, 2, 1, 3, 4, 6], [0], [8]]
4: [[5, 7, 2, 1, 3, 4], [0, 6], [8]]
5: [[5, 7, 2, 1, 3], [0, 6, 4], [8]]
6: [[5, 7, 2, 1], [0, 6, 4], [8, 3]]
7: [[5, 7, 2, 1, 4], [0, 6], [8, 3]]
8: [[5, 7, 2, 1, 4, 3], [0, 6], [8]]
9: [[5, 7, 2, 1, 4, 3], [0, 6, 8], []]
10: [[5, 7, 2, 1, 4], [0, 6, 8], [3]]
11: [[5, 7, 2, 1], [0, 6, 8], [3, 4]]
12: [[5, 7, 2], [0, 6, 8, 1], [3, 4]]
13: [[5, 7], [0, 6, 8, 1, 2], [3, 4]]
14: [[5], [0, 6, 8, 1, 2, 7], [3, 4]]
15: [[], [0, 6, 8, 1, 2, 7], [3, 4, 5]]
16: [[], [0, 6, 8, 1, 2], [3, 4, 5, 7]]
17: [[2], [0, 6, 8, 1], [3, 4, 5, 7]]
18: [[2, 1], [0, 6, 8], [3, 4, 5, 7]]
19: [[2, 1], [0, 6], [3, 4, 5, 7, 8]]
20: [[2], [0, 6, 1], [3, 4, 5, 7, 8]]
21: [[], [0, 6, 1, 2], [3, 4, 5, 7, 8]]
22: [[8], [0, 6, 1, 2], [3, 4, 5, 7]]
23: [[8, 7], [0, 6, 1, 2], [3, 4, 5]]
24: [[8, 7, 2], [0, 6, 1], [3, 4, 5]]
25: [[8, 7, 2, 1], [0, 6], [3, 4, 5]]
26: [[8, 7, 2, 1], [0], [3, 4, 5, 6]]
27: [[8, 7, 2], [0, 1], [3, 4, 5, 6]]
28: [[8, 7], [0, 1, 2], [3, 4, 5, 6]]
29: [[8, 7, 6], [0, 1, 2], [3, 4, 5]]
30: [[8, 7, 6, 5], [0, 1, 2], [3, 4]]
31: [[8, 7, 6, 5, 4], [0, 1, 2], [3]]
32: [[8, 7, 6, 5, 4, 3], [0, 1, 2], []]
33: [[8, 7, 6, 5, 4, 3, 2], [0, 1], []]
34: [[8, 7, 6, 5, 4, 3, 2, 1], [0], []]
35: [[8, 7, 6, 5, 4, 3, 2, 1, 0], [], []]
--------------------------

The beam width:                  10
The length of solution:          37
The number of nodes expanded:    873
The total CPU time of heuristic: 0.006412999999845681
The total CPU time of A*:        0.7574349999999974
The type of heuristic:           NonAdimissible
-----------path-----------
1: [[6, 0, 2, 8, 3, 5, 1, 7, 4], [], []]
2: [[6, 0, 2, 8, 3, 5, 1, 7], [4], []]
3: [[6, 0, 2, 8, 3, 5, 1], [4, 7], []]
4: [[6, 0, 2, 8, 3, 5], [4, 7], [1]]
5: [[6, 0, 2, 8, 3, 5], [4], [1, 7]]
6: [[6, 0, 2, 8, 3], [4, 5], [1, 7]]
7: [[6, 0, 2, 8], [4, 5, 3], [1, 7]]
8: [[6, 0, 2], [4, 5, 3, 8], [1, 7]]
9: [[6, 0], [4, 5, 3, 8], [1, 7, 2]]
10: [[6, 0, 8], [4, 5, 3], [1, 7, 2]]
11: [[6, 0, 8, 3], [4, 5], [1, 7, 2]]
12: [[6, 0, 8, 3, 2], [4, 5], [1, 7]]
13: [[6, 0, 8, 3, 2], [4, 5, 7], [1]]
14: [[6, 0, 8, 3], [4, 5, 7], [1, 2]]
15: [[6, 0, 8], [4, 5, 7], [1, 2, 3]]
16: [[6, 0], [4, 5, 7], [1, 2, 3, 8]]
17: [[6], [4, 5, 7, 0], [1, 2, 3, 8]]
18: [[], [4, 5, 7, 0, 6], [1, 2, 3, 8]]
19: [[8], [4, 5, 7, 0, 6], [1, 2, 3]]
20: [[8], [4, 5, 7, 0], [1, 2, 3, 6]]
21: [[8, 0], [4, 5, 7], [1, 2, 3, 6]]
22: [[8, 0], [4, 5], [1, 2, 3, 6, 7]]
23: [[8], [4, 5, 0], [1, 2, 3, 6, 7]]
24: [[8, 7], [4, 5, 0], [1, 2, 3, 6]]
25: [[8, 7, 6], [4, 5, 0], [1, 2, 3]]
26: [[8, 7, 6, 0], [4, 5], [1, 2, 3]]
27: [[8, 7, 6, 0], [4], [1, 2, 3, 5]]
28: [[8, 7, 6], [4, 0], [1, 2, 3, 5]]
29: [[8, 7, 6, 5], [4, 0], [1, 2, 3]]
30: [[8, 7, 6, 5, 0], [4], [1, 2, 3]]
31: [[8, 7, 6, 5, 0], [], [1, 2, 3, 4]]
32: [[8, 7, 6, 5], [0], [1, 2, 3, 4]]
33: [[8, 7, 6, 5, 4], [0], [1, 2, 3]]
34: [[8, 7, 6, 5, 4, 3], [0], [1, 2]]
35: [[8, 7, 6, 5, 4, 3, 2], [0], [1]]
36: [[8, 7, 6, 5, 4, 3, 2, 1], [0], []]
37: [[8, 7, 6, 5, 4, 3, 2, 1, 0], [], []]
--------------------------

The beam width:                  10
The length of solution:          20
The number of nodes expanded:    254
The total CPU time of heuristic: 0.0015939999999865506
The total CPU time of A*:        0.10032900000000211
The type of heuristic:           NonAdimissible
-----------path-----------
1: [[7, 5, 8, 2, 6, 4, 0, 1, 3], [], []]
2: [[7, 5, 8, 2, 6, 4, 0, 1], [3], []]
3: [[7, 5, 8, 2, 6, 4, 0], [3, 1], []]
4: [[7, 5, 8, 2, 6, 4], [3, 1], [0]]
5: [[7, 5, 8, 2, 6, 4], [3], [0, 1]]
6: [[7, 5, 8, 2, 6], [3, 4], [0, 1]]
7: [[7, 5, 8, 2], [3, 4, 6], [0, 1]]
8: [[7, 5, 8], [3, 4, 6], [0, 1, 2]]
9: [[7, 5], [3, 4, 6, 8], [0, 1, 2]]
10: [[7], [3, 4, 6, 8], [0, 1, 2, 5]]
11: [[], [3, 4, 6, 8], [0, 1, 2, 5, 7]]
12: [[8], [3, 4, 6], [0, 1, 2, 5, 7]]
13: [[8, 7], [3, 4, 6], [0, 1, 2, 5]]
14: [[8, 7, 6], [3, 4], [0, 1, 2, 5]]
15: [[8, 7, 6, 5], [3, 4], [0, 1, 2]]
16: [[8, 7, 6, 5, 4], [3], [0, 1, 2]]
17: [[8, 7, 6, 5, 4, 3], [], [0, 1, 2]]
18: [[8, 7, 6, 5, 4, 3, 2], [], [0, 1]]
19: [[8, 7, 6, 5, 4, 3, 2, 1], [], [0]]
20: [[8, 7, 6, 5, 4, 3, 2, 1, 0], [], []]
--------------------------

The beam width:                  10
The length of solution:          28
The number of nodes expanded:    622
The total CPU time of heuristic: 0.004464000000016455
The total CPU time of A*:        0.411721
The type of heuristic:           NonAdimissible
-----------path-----------
1: [[8, 5, 0, 3, 6, 7, 2, 4, 1], [], []]
2: [[8, 5, 0, 3, 6, 7, 2, 4], [1], []]
3: [[8, 5, 0, 3, 6, 7, 2], [1], [4]]
4: [[8, 5, 0, 3, 6, 7], [1, 2], [4]]
5: [[8, 5, 0, 3, 6], [1, 2, 7], [4]]
6: [[8, 5, 0, 3], [1, 2, 7], [4, 6]]
7: [[8, 5, 0], [1, 2, 7, 3], [4, 6]]
8: [[8, 5], [1, 2, 7, 3], [4, 6, 0]]
9: [[8], [1, 2, 7, 3, 5], [4, 6, 0]]
10: [[8, 0], [1, 2, 7, 3, 5], [4, 6]]
11: [[8, 0, 5], [1, 2, 7, 3], [4, 6]]
12: [[8, 0, 5, 3], [1, 2, 7], [4, 6]]
13: [[8, 0, 5, 3], [1, 2], [4, 6, 7]]
14: [[8, 0, 5], [1, 2, 3], [4, 6, 7]]
15: [[8, 0], [1, 2, 3, 5], [4, 6, 7]]
16: [[8], [1, 2, 3, 5, 0], [4, 6, 7]]
17: [[8, 7], [1, 2, 3, 5, 0], [4, 6]]
18: [[8, 7, 6], [1, 2, 3, 5, 0], [4]]
19: [[8, 7, 6, 0], [1, 2, 3, 5], [4]]
20: [[8, 7, 6, 0], [1, 2, 3], [4, 5]]
21: [[8, 7, 6], [1, 2, 3, 0], [4, 5]]
22: [[8, 7, 6, 5], [1, 2, 3, 0], [4]]
23: [[8, 7, 6, 5, 4], [1, 2, 3, 0], []]
24: [[8, 7, 6, 5, 4], [1, 2, 3], [0]]
25: [[8, 7, 6, 5, 4, 3], [1, 2], [0]]
26: [[8, 7, 6, 5, 4, 3, 2], [1], [0]]
27: [[8, 7, 6, 5, 4, 3, 2, 1], [], [0]]
28: [[8, 7, 6, 5, 4, 3, 2, 1, 0], [], []]
--------------------------

The beam width:                  10
The length of solution:          24
The number of nodes expanded:    314
The total CPU time of heuristic: 0.0021879999999647737
The total CPU time of A*:        0.13646400000000014
The type of heuristic:           NonAdimissible
-----------path-----------
1: [[7, 5, 3, 2, 6, 0, 4, 1, 8], [], []]
2: [[7, 5, 3, 2, 6, 0, 4, 1], [], [8]]
3: [[7, 5, 3, 2, 6, 0, 4], [1], [8]]
4: [[7, 5, 3, 2, 6, 0, 4], [1, 8], []]
5: [[7, 5, 3, 2, 6, 0], [1, 8, 4], []]
6: [[7, 5, 3, 2, 6], [1, 8, 4], [0]]
7: [[7, 5, 3, 2], [1, 8, 4, 6], [0]]
8: [[7, 5, 3], [1, 8, 4, 6], [0, 2]]
9: [[7, 5], [1, 8, 4, 6], [0, 2, 3]]
10: [[7], [1, 8, 4, 6], [0, 2, 3, 5]]
11: [[7], [1, 8, 4], [0, 2, 3, 5, 6]]
12: [[], [1, 8, 4], [0, 2, 3, 5, 6, 7]]
13: [[4], [1, 8], [0, 2, 3, 5, 6, 7]]
14: [[4], [1], [0, 2, 3, 5, 6, 7, 8]]
15: [[], [1, 4], [0, 2, 3, 5, 6, 7, 8]]
16: [[8], [1, 4], [0, 2, 3, 5, 6, 7]]
17: [[8, 7], [1, 4], [0, 2, 3, 5, 6]]
18: [[8, 7, 6], [1, 4], [0, 2, 3, 5]]
19: [[8, 7, 6, 5], [1, 4], [0, 2, 3]]
20: [[8, 7, 6, 5, 4], [1], [0, 2, 3]]
21: [[8, 7, 6, 5, 4, 3], [1], [0, 2]]
22: [[8, 7, 6, 5, 4, 3, 2], [1], [0]]
23: [[8, 7, 6, 5, 4, 3, 2, 1], [], [0]]
24: [[8, 7, 6, 5, 4, 3, 2, 1, 0], [], []]
--------------------------

The beam width:                  10
The length of solution:          40
The number of nodes expanded:    979
The total CPU time of heuristic: 0.007090000000030017
The total CPU time of A*:        0.9283170000000034
The type of heuristic:           NonAdimissible
-----------path-----------
1: [[0, 1, 4, 8, 2, 6, 7, 3, 5], [], []]
2: [[0, 1, 4, 8, 2, 6, 7, 3], [], [5]]
3: [[0, 1, 4, 8, 2, 6, 7], [3], [5]]
4: [[0, 1, 4, 8, 2, 6, 7], [3, 5], []]
5: [[0, 1, 4, 8, 2, 6], [3, 5, 7], []]
6: [[0, 1, 4, 8, 2], [3, 5, 7, 6], []]
7: [[0, 1, 4, 8], [3, 5, 7, 6], [2]]
8: [[0, 1, 4], [3, 5, 7, 6, 8], [2]]
9: [[0, 1], [3, 5, 7, 6, 8], [2, 4]]
10: [[0], [3, 5, 7, 6, 8], [2, 4, 1]]
11: [[0, 8], [3, 5, 7, 6], [2, 4, 1]]
12: [[0, 8, 6], [3, 5, 7], [2, 4, 1]]
13: [[0, 8, 6], [3, 5, 7, 1], [2, 4]]
14: [[0, 8], [3, 5, 7, 1], [2, 4, 6]]
15: [[0], [3, 5, 7, 1, 8], [2, 4, 6]]
16: [[], [3, 5, 7, 1, 8], [2, 4, 6, 0]]
17: [[8], [3, 5, 7, 1], [2, 4, 6, 0]]
18: [[8, 1], [3, 5, 7], [2, 4, 6, 0]]
19: [[8, 1, 0], [3, 5, 7], [2, 4, 6]]
20: [[8, 1, 0], [3, 5], [2, 4, 6, 7]]
21: [[8, 1], [3, 5, 0], [2, 4, 6, 7]]
22: [[8], [3, 5, 0, 1], [2, 4, 6, 7]]
23: [[8, 7], [3, 5, 0, 1], [2, 4, 6]]
24: [[8, 7, 6], [3, 5, 0, 1], [2, 4]]
25: [[8, 7, 6, 1], [3, 5, 0], [2, 4]]
26: [[8, 7, 6, 1, 0], [3, 5], [2, 4]]
27: [[8, 7, 6, 1, 0], [3], [2, 4, 5]]
28: [[8, 7, 6, 1], [3, 0], [2, 4, 5]]
29: [[8, 7, 6], [3, 0, 1], [2, 4, 5]]
30: [[8, 7, 6, 5], [3, 0, 1], [2, 4]]
31: [[8, 7, 6, 5, 4], [3, 0, 1], [2]]
32: [[8, 7, 6, 5, 4, 1], [3, 0], [2]]
33: [[8, 7, 6, 5, 4, 1, 0], [3], [2]]
34: [[8, 7, 6, 5, 4, 1, 0], [], [2, 3]]
35: [[8, 7, 6, 5, 4, 1], [0], [2, 3]]
36: [[8, 7, 6, 5, 4], [0, 1], [2, 3]]
37: [[8, 7, 6, 5, 4, 3], [0, 1], [2]]
38: [[8, 7, 6, 5, 4, 3, 2], [0, 1], []]
39: [[8, 7, 6, 5, 4, 3, 2, 1], [0], []]
40: [[8, 7, 6, 5, 4, 3, 2, 1, 0], [], []]
--------------------------

The beam width:                  10
The length of solution:          26
The number of nodes expanded:    427
The total CPU time of heuristic: 0.003175999999996293
The total CPU time of A*:        0.2174890000000005
The type of heuristic:           NonAdimissible
-----------path-----------
1: [[6, 2, 4, 5, 8, 3, 0, 7, 1], [], []]
2: [[6, 2, 4, 5, 8, 3, 0, 7], [1], []]
3: [[6, 2, 4, 5, 8, 3, 0], [1, 7], []]
4: [[6, 2, 4, 5, 8, 3], [1, 7], [0]]
5: [[6, 2, 4, 5, 8], [1, 7], [0, 3]]
6: [[6, 2, 4, 5], [1, 7, 8], [0, 3]]
7: [[6, 2, 4], [1, 7, 8, 5], [0, 3]]
8: [[6, 2], [1, 7, 8, 5], [0, 3, 4]]
9: [[6, 2], [1, 7, 8], [0, 3, 4, 5]]
10: [[6], [1, 7, 8, 2], [0, 3, 4, 5]]
11: [[], [1, 7, 8, 2], [0, 3, 4, 5, 6]]
12: [[2], [1, 7, 8], [0, 3, 4, 5, 6]]
13: [[2], [1, 7], [0, 3, 4, 5, 6, 8]]
14: [[], [1, 7, 2], [0, 3, 4, 5, 6, 8]]
15: [[8], [1, 7, 2], [0, 3, 4, 5, 6]]
16: [[8, 2], [1, 7], [0, 3, 4, 5, 6]]
17: [[8, 2], [1], [0, 3, 4, 5, 6, 7]]
18: [[8], [1, 2], [0, 3, 4, 5, 6, 7]]
19: [[8, 7], [1, 2], [0, 3, 4, 5, 6]]
20: [[8, 7, 6], [1, 2], [0, 3, 4, 5]]
21: [[8, 7, 6, 5], [1, 2], [0, 3, 4]]
22: [[8, 7, 6, 5, 4], [1, 2], [0, 3]]
23: [[8, 7, 6, 5, 4, 3], [1, 2], [0]]
24: [[8, 7, 6, 5, 4, 3, 2], [1], [0]]
25: [[8, 7, 6, 5, 4, 3, 2, 1], [], [0]]
26: [[8, 7, 6, 5, 4, 3, 2, 1, 0], [], []]
--------------------------

The beam width:                  10
The length of solution:          25
The number of nodes expanded:    427
The total CPU time of heuristic: 0.00282099999990848
The total CPU time of A*:        0.20804299999999643
The type of heuristic:           NonAdimissible
-----------path-----------
1: [[5, 1, 3, 8, 2, 0, 4, 7, 6], [], []]
2: [[5, 1, 3, 8, 2, 0, 4, 7], [], [6]]
3: [[5, 1, 3, 8, 2, 0, 4], [], [6, 7]]
4: [[5, 1, 3, 8, 2, 0], [], [6, 7, 4]]
5: [[5, 1, 3, 8, 2], [0], [6, 7, 4]]
6: [[5, 1, 3, 8], [0, 2], [6, 7, 4]]
7: [[5, 1, 3], [0, 2, 8], [6, 7, 4]]
8: [[5, 1], [0, 2, 8, 3], [6, 7, 4]]
9: [[5, 1, 4], [0, 2, 8, 3], [6, 7]]
10: [[5, 1, 4, 3], [0, 2, 8], [6, 7]]
11: [[5, 1, 4, 3], [0, 2], [6, 7, 8]]
12: [[5, 1, 4], [0, 2, 3], [6, 7, 8]]
13: [[5, 1], [0, 2, 3, 4], [6, 7, 8]]
14: [[5], [0, 2, 3, 4, 1], [6, 7, 8]]
15: [[], [0, 2, 3, 4, 1, 5], [6, 7, 8]]
16: [[8], [0, 2, 3, 4, 1, 5], [6, 7]]
17: [[8, 7], [0, 2, 3, 4, 1, 5], [6]]
18: [[8, 7, 6], [0, 2, 3, 4, 1, 5], []]
19: [[8, 7, 6, 5], [0, 2, 3, 4, 1], []]
20: [[8, 7, 6, 5], [0, 2, 3, 4], [1]]
21: [[8, 7, 6, 5, 4], [0, 2, 3], [1]]
22: [[8, 7, 6, 5, 4, 3], [0, 2], [1]]
23: [[8, 7, 6, 5, 4, 3, 2], [0], [1]]
24: [[8, 7, 6, 5, 4, 3, 2, 1], [0], []]
25: [[8, 7, 6, 5, 4, 3, 2, 1, 0], [], []]
--------------------------

The beam width:                  10
The length of solution:          28
The number of nodes expanded:    534
The total CPU time of heuristic: 0.003729000000053162
The total CPU time of A*:        0.3160199999999982
The type of heuristic:           NonAdimissible
-----------path-----------
1: [[6, 2, 1, 3, 4, 5, 7, 8, 0], [], []]
2: [[6, 2, 1, 3, 4, 5, 7, 8], [], [0]]
3: [[6, 2, 1, 3, 4, 5, 7], [8], [0]]
4: [[6, 2, 1, 3, 4, 5], [8, 7], [0]]
5: [[6, 2, 1, 3, 4], [8, 7], [0, 5]]
6: [[6, 2, 1, 3, 4], [8], [0, 5, 7]]
7: [[6, 2, 1, 3], [8, 4], [0, 5, 7]]
8: [[6, 2, 1], [8, 4], [0, 5, 7, 3]]
9: [[6, 2, 1, 4], [8], [0, 5, 7, 3]]
10: [[6, 2, 1, 4, 3], [8], [0, 5, 7]]
11: [[6, 2, 1, 4, 3], [], [0, 5, 7, 8]]
12: [[6, 2, 1, 4], [3], [0, 5, 7, 8]]
13: [[6, 2, 1], [3, 4], [0, 5, 7, 8]]
14: [[6, 2], [3, 4, 1], [0, 5, 7, 8]]
15: [[6], [3, 4, 1, 2], [0, 5, 7, 8]]
16: [[], [3, 4, 1, 2, 6], [0, 5, 7, 8]]
17: [[8], [3, 4, 1, 2, 6], [0, 5, 7]]
18: [[8, 7], [3, 4, 1, 2, 6], [0, 5]]
19: [[8, 7, 6], [3, 4, 1, 2], [0, 5]]
20: [[8, 7, 6, 5], [3, 4, 1, 2], [0]]
21: [[8, 7, 6, 5, 2], [3, 4, 1], [0]]
22: [[8, 7, 6, 5, 2], [3, 4], [0, 1]]
23: [[8, 7, 6, 5], [3, 4], [0, 1, 2]]
24: [[8, 7, 6, 5, 4], [3], [0, 1, 2]]
25: [[8, 7, 6, 5, 4, 3], [], [0, 1, 2]]
26: [[8, 7, 6, 5, 4, 3, 2], [], [0, 1]]
27: [[8, 7, 6, 5, 4, 3, 2, 1], [], [0]]
28: [[8, 7, 6, 5, 4, 3, 2, 1, 0], [], []]
--------------------------

The beam width:                  10
The length of solution:          23
The number of nodes expanded:    395
The total CPU time of heuristic: 0.0028759999999579122
The total CPU time of A*:        0.18079299999999776
The type of heuristic:           NonAdimissible
-----------path-----------
1: [[8, 4, 0, 6, 2, 1, 7, 5, 3], [], []]
2: [[8, 4, 0, 6, 2, 1, 7, 5], [], [3]]
3: [[8, 4, 0, 6, 2, 1, 7], [], [3, 5]]
4: [[8, 4, 0, 6, 2, 1], [], [3, 5, 7]]
5: [[8, 4, 0, 6, 2], [1], [3, 5, 7]]
6: [[8, 4, 0, 6], [1, 2], [3, 5, 7]]
7: [[8, 4, 0], [1, 2, 6], [3, 5, 7]]
8: [[8, 4], [1, 2, 6, 0], [3, 5, 7]]
9: [[8], [1, 2, 6, 0, 4], [3, 5, 7]]
10: [[8, 7], [1, 2, 6, 0, 4], [3, 5]]
11: [[8, 7, 4], [1, 2, 6, 0], [3, 5]]
12: [[8, 7, 4, 0], [1, 2, 6], [3, 5]]
13: [[8, 7, 4, 0], [1, 2], [3, 5, 6]]
14: [[8, 7, 4], [1, 2, 0], [3, 5, 6]]
15: [[8, 7], [1, 2, 0, 4], [3, 5, 6]]
16: [[8, 7, 6], [1, 2, 0, 4], [3, 5]]
17: [[8, 7, 6, 5], [1, 2, 0, 4], [3]]
18: [[8, 7, 6, 5, 4], [1, 2, 0], [3]]
19: [[8, 7, 6, 5, 4, 3], [1, 2, 0], []]
20: [[8, 7, 6, 5, 4, 3], [1, 2], [0]]
21: [[8, 7, 6, 5, 4, 3, 2], [1], [0]]
22: [[8, 7, 6, 5, 4, 3, 2, 1], [], [0]]
23: [[8, 7, 6, 5, 4, 3, 2, 1, 0], [], []]
--------------------------

The beam width:                  10
The length of solution:          29
The number of nodes expanded:    632
The total CPU time of heuristic: 0.004608999999973662
The total CPU time of A*:        0.4086599999999976
The type of heuristic:           NonAdimissible
-----------path-----------
1: [[2, 1, 8, 5, 6, 7, 3, 0, 4], [], []]
2: [[2, 1, 8, 5, 6, 7, 3, 0], [4], []]
3: [[2, 1, 8, 5, 6, 7, 3], [4], [0]]
4: [[2, 1, 8, 5, 6, 7, 3], [], [0, 4]]
5: [[2, 1, 8, 5, 6, 7], [3], [0, 4]]
6: [[2, 1, 8, 5, 6], [3, 7], [0, 4]]
7: [[2, 1, 8, 5], [3, 7, 6], [0, 4]]
8: [[2, 1, 8], [3, 7, 6], [0, 4, 5]]
9: [[2, 1, 8], [3, 7], [0, 4, 5, 6]]
10: [[2, 1], [3, 7], [0, 4, 5, 6, 8]]
11: [[2], [3, 7, 1], [0, 4, 5, 6, 8]]
12: [[], [3, 7, 1, 2], [0, 4, 5, 6, 8]]
13: [[8], [3, 7, 1, 2], [0, 4, 5, 6]]
14: [[8, 2], [3, 7, 1], [0, 4, 5, 6]]
15: [[8, 2, 1], [3, 7], [0, 4, 5, 6]]
16: [[8, 2, 1], [3], [0, 4, 5, 6, 7]]
17: [[8, 2], [3, 1], [0, 4, 5, 6, 7]]
18: [[8], [3, 1, 2], [0, 4, 5, 6, 7]]
19: [[8, 7], [3, 1, 2], [0, 4, 5, 6]]
20: [[8, 7, 6], [3, 1, 2], [0, 4, 5]]
21: [[8, 7, 6, 5], [3, 1, 2], [0, 4]]
22: [[8, 7, 6, 5, 4], [3, 1, 2], [0]]
23: [[8, 7, 6, 5, 4, 2], [3, 1], [0]]
24: [[8, 7, 6, 5, 4, 2], [3], [0, 1]]
25: [[8, 7, 6, 5, 4], [3], [0, 1, 2]]
26: [[8, 7, 6, 5, 4, 3], [], [0, 1, 2]]
27: [[8, 7, 6, 5, 4, 3, 2], [], [0, 1]]
28: [[8, 7, 6, 5, 4, 3, 2, 1], [], [0]]
29: [[8, 7, 6, 5, 4, 3, 2, 1, 0], [], []]
--------------------------

The beam width:                  10
The length of solution:          35
The number of nodes expanded:    813
The total CPU time of heuristic: 0.00581899999998825
The total CPU time of A*:        0.6690080000000016
The type of heuristic:           NonAdimissible
-----------path-----------
1: [[7, 5, 0, 3, 1, 4, 6, 8, 2], [], []]
2: [[7, 5, 0, 3, 1, 4, 6, 8], [], [2]]
3: [[7, 5, 0, 3, 1, 4, 6], [8], [2]]
4: [[7, 5, 0, 3, 1, 4], [8, 6], [2]]
5: [[7, 5, 0, 3, 1], [8, 6], [2, 4]]
6: [[7, 5, 0, 3], [8, 6], [2, 4, 1]]
7: [[7, 5, 0], [8, 6], [2, 4, 1, 3]]
8: [[7, 5, 0, 6], [8], [2, 4, 1, 3]]
9: [[7, 5, 0, 6, 3], [8], [2, 4, 1]]
10: [[7, 5, 0, 6, 3, 1], [8], [2, 4]]
11: [[7, 5, 0, 6, 3, 1], [], [2, 4, 8]]
12: [[7, 5, 0, 6, 3], [1], [2, 4, 8]]
13: [[7, 5, 0, 6], [1, 3], [2, 4, 8]]
14: [[7, 5, 0], [1, 3, 6], [2, 4, 8]]
15: [[7, 5], [1, 3, 6, 0], [2, 4, 8]]
16: [[7], [1, 3, 6, 0, 5], [2, 4, 8]]
17: [[], [1, 3, 6, 0, 5, 7], [2, 4, 8]]
18: [[8], [1, 3, 6, 0, 5, 7], [2, 4]]
19: [[8, 7], [1, 3, 6, 0, 5], [2, 4]]
20: [[8, 7, 5], [1, 3, 6, 0], [2, 4]]
21: [[8, 7, 5, 0], [1, 3, 6], [2, 4]]
22: [[8, 7, 5, 0], [1, 3], [2, 4, 6]]
23: [[8, 7, 5], [1, 3, 0], [2, 4, 6]]
24: [[8, 7], [1, 3, 0, 5], [2, 4, 6]]
25: [[8, 7, 6], [1, 3, 0, 5], [2, 4]]
26: [[8, 7, 6, 5], [1, 3, 0], [2, 4]]
27: [[8, 7, 6, 5, 4], [1, 3, 0], [2]]
28: [[8, 7, 6, 5, 4], [1, 3], [2, 0]]
29: [[8, 7, 6, 5, 4, 3], [1], [2, 0]]
30: [[8, 7, 6, 5, 4, 3, 0], [1], [2]]
31: [[8, 7, 6, 5, 4, 3, 0], [1, 2], []]
32: [[8, 7, 6, 5, 4, 3], [1, 2], [0]]
33: [[8, 7, 6, 5, 4, 3, 2], [1], [0]]
34: [[8, 7, 6, 5, 4, 3, 2, 1], [], [0]]
35: [[8, 7, 6, 5, 4, 3, 2, 1, 0], [], []]
--------------------------

The beam width:                  10
The length of solution:          31
The number of nodes expanded:    705
The total CPU time of heuristic: 0.004754000000051661
The total CPU time of A*:        0.4671379999999985
The type of heuristic:           NonAdimissible
-----------path-----------
1: [[8, 0, 1, 3, 7, 5, 4, 6, 2], [], []]
2: [[8, 0, 1, 3, 7, 5, 4, 6], [2], []]
3: [[8, 0, 1, 3, 7, 5, 4], [2], [6]]
4: [[8, 0, 1, 3, 7, 5], [2, 4], [6]]
5: [[8, 0, 1, 3, 7], [2, 4, 5], [6]]
6: [[8, 0, 1, 3], [2, 4, 5, 7], [6]]
7: [[8, 0, 1], [2, 4, 5, 7, 3], [6]]
8: [[8, 0], [2, 4, 5, 7, 3], [6, 1]]
9: [[8, 0, 3], [2, 4, 5, 7], [6, 1]]
10: [[8, 0, 3, 1], [2, 4, 5, 7], [6]]
11: [[8, 0, 3, 1, 6], [2, 4, 5, 7], []]
12: [[8, 0, 3, 1, 6], [2, 4, 5], [7]]
13: [[8, 0, 3, 1], [2, 4, 5, 6], [7]]
14: [[8, 0, 3], [2, 4, 5, 6, 1], [7]]
15: [[8, 0], [2, 4, 5, 6, 1, 3], [7]]
16: [[8], [2, 4, 5, 6, 1, 3], [7, 0]]
17: [[8, 3], [2, 4, 5, 6, 1], [7, 0]]
18: [[8, 3, 1], [2, 4, 5, 6], [7, 0]]
19: [[8, 3, 1, 0], [2, 4, 5, 6], [7]]
20: [[8, 3, 1, 0], [2, 4, 5, 6, 7], []]
21: [[8, 3, 1], [2, 4, 5, 6, 7], [0]]
22: [[8, 3], [2, 4, 5, 6, 7], [0, 1]]
23: [[8], [2, 4, 5, 6, 7], [0, 1, 3]]
24: [[8, 7], [2, 4, 5, 6], [0, 1, 3]]
25: [[8, 7, 6], [2, 4, 5], [0, 1, 3]]
26: [[8, 7, 6, 5], [2, 4], [0, 1, 3]]
27: [[8, 7, 6, 5, 4], [2], [0, 1, 3]]
28: [[8, 7, 6, 5, 4, 3], [2], [0, 1]]
29: [[8, 7, 6, 5, 4, 3, 2], [], [0, 1]]
30: [[8, 7, 6, 5, 4, 3, 2, 1], [], [0]]
31: [[8, 7, 6, 5, 4, 3, 2, 1, 0], [], []]
--------------------------

The beam width:                  10
The length of solution:          32
The number of nodes expanded:    630
The total CPU time of heuristic: 0.004498000000054958
The total CPU time of A*:        0.41442599999999885
The type of heuristic:           NonAdimissible
-----------path-----------
1: [[3, 2, 5, 6, 4, 0, 8, 7, 1], [], []]
2: [[3, 2, 5, 6, 4, 0, 8, 7], [1], []]
3: [[3, 2, 5, 6, 4, 0, 8], [1, 7], []]
4: [[3, 2, 5, 6, 4, 0], [1, 7, 8], []]
5: [[3, 2, 5, 6, 4], [1, 7, 8], [0]]
6: [[3, 2, 5, 6], [1, 7, 8], [0, 4]]
7: [[3, 2, 5], [1, 7, 8, 6], [0, 4]]
8: [[3, 2], [1, 7, 8, 6], [0, 4, 5]]
9: [[3], [1, 7, 8, 6], [0, 4, 5, 2]]
10: [[], [1, 7, 8, 6], [0, 4, 5, 2, 3]]
11: [[6], [1, 7, 8], [0, 4, 5, 2, 3]]
12: [[6, 3], [1, 7, 8], [0, 4, 5, 2]]
13: [[6, 3, 2], [1, 7, 8], [0, 4, 5]]
14: [[6, 3, 2], [1, 7], [0, 4, 5, 8]]
15: [[6, 3], [1, 7, 2], [0, 4, 5, 8]]
16: [[6], [1, 7, 2, 3], [0, 4, 5, 8]]
17: [[], [1, 7, 2, 3, 6], [0, 4, 5, 8]]
18: [[8], [1, 7, 2, 3, 6], [0, 4, 5]]
19: [[8], [1, 7, 2, 3], [0, 4, 5, 6]]
20: [[8, 3], [1, 7, 2], [0, 4, 5, 6]]
21: [[8, 3, 2], [1, 7], [0, 4, 5, 6]]
22: [[8, 3, 2], [1], [0, 4, 5, 6, 7]]
23: [[8, 3], [1, 2], [0, 4, 5, 6, 7]]
24: [[8], [1, 2, 3], [0, 4, 5, 6, 7]]
25: [[8, 7], [1, 2, 3], [0, 4, 5, 6]]
26: [[8, 7, 6], [1, 2, 3], [0, 4, 5]]
27: [[8, 7, 6, 5], [1, 2, 3], [0, 4]]
28: [[8, 7, 6, 5, 4], [1, 2, 3], [0]]
29: [[8, 7, 6, 5, 4, 3], [1, 2], [0]]
30: [[8, 7, 6, 5, 4, 3, 2], [1], [0]]
31: [[8, 7, 6, 5, 4, 3, 2, 1], [], [0]]
32: [[8, 7, 6, 5, 4, 3, 2, 1, 0], [], []]
--------------------------

The beam width:                  10
The length of solution:          27
The number of nodes expanded:    453
The total CPU time of heuristic: 0.003209000000012452
The total CPU time of A*:        0.26106800000000163
The type of heuristic:           NonAdimissible
-----------path-----------
1: [[7, 5, 0, 8, 2, 4, 1, 6, 3], [], []]
2: [[7, 5, 0, 8, 2, 4, 1, 6], [3], []]
3: [[7, 5, 0, 8, 2, 4, 1], [3, 6], []]
4: [[7, 5, 0, 8, 2, 4], [3, 6], [1]]
5: [[7, 5, 0, 8, 2], [3, 6, 4], [1]]
6: [[7, 5, 0, 8], [3, 6, 4], [1, 2]]
7: [[7, 5, 0, 8], [3, 6], [1, 2, 4]]
8: [[7, 5, 0], [3, 6], [1, 2, 4, 8]]
9: [[7, 5], [3, 6, 0], [1, 2, 4, 8]]
10: [[7], [3, 6, 0, 5], [1, 2, 4, 8]]
11: [[], [3, 6, 0, 5, 7], [1, 2, 4, 8]]
12: [[8], [3, 6, 0, 5, 7], [1, 2, 4]]
13: [[8, 7], [3, 6, 0, 5], [1, 2, 4]]
14: [[8, 7, 5], [3, 6, 0], [1, 2, 4]]
15: [[8, 7, 5, 0], [3, 6], [1, 2, 4]]
16: [[8, 7, 5, 0], [3], [1, 2, 4, 6]]
17: [[8, 7, 5], [3, 0], [1, 2, 4, 6]]
18: [[8, 7], [3, 0, 5], [1, 2, 4, 6]]
19: [[8, 7, 6], [3, 0, 5], [1, 2, 4]]
20: [[8, 7, 6, 5], [3, 0], [1, 2, 4]]
21: [[8, 7, 6, 5, 4], [3, 0], [1, 2]]
22: [[8, 7, 6, 5, 4], [3], [1, 2, 0]]
23: [[8, 7, 6, 5, 4, 3], [], [1, 2, 0]]
24: [[8, 7, 6, 5, 4, 3], [0], [1, 2]]
25: [[8, 7, 6, 5, 4, 3, 2], [0], [1]]
26: [[8, 7, 6, 5, 4, 3, 2, 1], [0], []]
27: [[8, 7, 6, 5, 4, 3, 2, 1, 0], [], []]
--------------------------

The beam width:                  10
The length of solution:          32
The number of nodes expanded:    679
The total CPU time of heuristic: 0.004777999999976856
The total CPU time of A*:        0.5028269999999999
The type of heuristic:           NonAdimissible
-----------path-----------
1: [[6, 5, 0, 2, 1, 8, 7, 3, 4], [], []]
2: [[6, 5, 0, 2, 1, 8, 7, 3], [], [4]]
3: [[6, 5, 0, 2, 1, 8, 7], [3], [4]]
4: [[6, 5, 0, 2, 1, 8, 7], [3, 4], []]
5: [[6, 5, 0, 2, 1, 8], [3, 4, 7], []]
6: [[6, 5, 0, 2, 1], [3, 4, 7, 8], []]
7: [[6, 5, 0, 2], [3, 4, 7, 8], [1]]
8: [[6, 5, 0], [3, 4, 7, 8], [1, 2]]
9: [[6, 5], [3, 4, 7, 8, 0], [1, 2]]
10: [[6], [3, 4, 7, 8, 0], [1, 2, 5]]
11: [[], [3, 4, 7, 8, 0], [1, 2, 5, 6]]
12: [[0], [3, 4, 7, 8], [1, 2, 5, 6]]
13: [[0], [3, 4, 7], [1, 2, 5, 6, 8]]
14: [[], [3, 4, 7, 0], [1, 2, 5, 6, 8]]
15: [[8], [3, 4, 7, 0], [1, 2, 5, 6]]
16: [[8, 0], [3, 4, 7], [1, 2, 5, 6]]
17: [[8, 0], [3, 4], [1, 2, 5, 6, 7]]
18: [[8], [3, 4, 0], [1, 2, 5, 6, 7]]
19: [[8, 7], [3, 4, 0], [1, 2, 5, 6]]
20: [[8, 7, 6], [3, 4, 0], [1, 2, 5]]
21: [[8, 7, 6, 5], [3, 4, 0], [1, 2]]
22: [[8, 7, 6, 5, 0], [3, 4], [1, 2]]
23: [[8, 7, 6, 5, 0], [3], [1, 2, 4]]
24: [[8, 7, 6, 5], [3, 0], [1, 2, 4]]
25: [[8, 7, 6, 5, 4], [3, 0], [1, 2]]
26: [[8, 7, 6, 5, 4, 0], [3], [1, 2]]
27: [[8, 7, 6, 5, 4, 0], [], [1, 2, 3]]
28: [[8, 7, 6, 5, 4], [0], [1, 2, 3]]
29: [[8, 7, 6, 5, 4, 3], [0], [1, 2]]
30: [[8, 7, 6, 5, 4, 3, 2], [0], [1]]
31: [[8, 7, 6, 5, 4, 3, 2, 1], [0], []]
32: [[8, 7, 6, 5, 4, 3, 2, 1, 0], [], []]
--------------------------

The beam width:                  10
The length of solution:          32
The number of nodes expanded:    635
The total CPU time of heuristic: 0.004451999999936618
The total CPU time of A*:        0.42882499999999624
The type of heuristic:           NonAdimissible
-----------path-----------
1: [[1, 4, 6, 8, 2, 3, 0, 7, 5], [], []]
2: [[1, 4, 6, 8, 2, 3, 0, 7], [5], []]
3: [[1, 4, 6, 8, 2, 3, 0], [5, 7], []]
4: [[1, 4, 6, 8, 2, 3], [5, 7], [0]]
5: [[1, 4, 6, 8, 2], [5, 7, 3], [0]]
6: [[1, 4, 6, 8], [5, 7, 3], [0, 2]]
7: [[1, 4, 6, 8], [5, 7], [0, 2, 3]]
8: [[1, 4, 6], [5, 7, 8], [0, 2, 3]]
9: [[1, 4], [5, 7, 8, 6], [0, 2, 3]]
10: [[1], [5, 7, 8, 6], [0, 2, 3, 4]]
11: [[], [5, 7, 8, 6], [0, 2, 3, 4, 1]]
12: [[6], [5, 7, 8], [0, 2, 3, 4, 1]]
13: [[6, 1], [5, 7, 8], [0, 2, 3, 4]]
14: [[6, 1], [5, 7], [0, 2, 3, 4, 8]]
15: [[6], [5, 7, 1], [0, 2, 3, 4, 8]]
16: [[], [5, 7, 1, 6], [0, 2, 3, 4, 8]]
17: [[8], [5, 7, 1, 6], [0, 2, 3, 4]]
18: [[8], [5, 7, 1], [0, 2, 3, 4, 6]]
19: [[8, 1], [5, 7], [0, 2, 3, 4, 6]]
20: [[8, 1], [5], [0, 2, 3, 4, 6, 7]]
21: [[8], [5, 1], [0, 2, 3, 4, 6, 7]]
22: [[8, 7], [5, 1], [0, 2, 3, 4, 6]]
23: [[8, 7, 6], [5, 1], [0, 2, 3, 4]]
24: [[8, 7, 6, 1], [5], [0, 2, 3, 4]]
25: [[8, 7, 6, 1], [], [0, 2, 3, 4, 5]]
26: [[8, 7, 6], [1], [0, 2, 3, 4, 5]]
27: [[8, 7, 6, 5], [1], [0, 2, 3, 4]]
28: [[8, 7, 6, 5, 4], [1], [0, 2, 3]]
29: [[8, 7, 6, 5, 4, 3], [1], [0, 2]]
30: [[8, 7, 6, 5, 4, 3, 2], [1], [0]]
31: [[8, 7, 6, 5, 4, 3, 2, 1], [], [0]]
32: [[8, 7, 6, 5, 4, 3, 2, 1, 0], [], []]
--------------------------

