The beam width:                  15
The length of solution:          21
The number of nodes expanded:    297
The total CPU time of heuristic: 0.001935999999936655
The total CPU time of A*:        0.11109599999999631
The type of heuristic:           NonAdimissible
-----------path-----------
1: [[7, 6, 3, 0, 5, 8, 2, 1, 4], [], []]
2: [[7, 6, 3, 0, 5, 8, 2, 1], [], [4]]
3: [[7, 6, 3, 0, 5, 8, 2], [1], [4]]
4: [[7, 6, 3, 0, 5, 8], [1, 2], [4]]
5: [[7, 6, 3, 0, 5, 8], [1, 2, 4], []]
6: [[7, 6, 3, 0, 5], [1, 2, 4, 8], []]
7: [[7, 6, 3, 0], [1, 2, 4, 8, 5], []]
8: [[7, 6, 3], [1, 2, 4, 8, 5], [0]]
9: [[7, 6], [1, 2, 4, 8, 5], [0, 3]]
10: [[7, 6], [1, 2, 4, 8], [0, 3, 5]]
11: [[7], [1, 2, 4, 8], [0, 3, 5, 6]]
12: [[], [1, 2, 4, 8], [0, 3, 5, 6, 7]]
13: [[8], [1, 2, 4], [0, 3, 5, 6, 7]]
14: [[8, 7], [1, 2, 4], [0, 3, 5, 6]]
15: [[8, 7, 6], [1, 2, 4], [0, 3, 5]]
16: [[8, 7, 6, 5], [1, 2, 4], [0, 3]]
17: [[8, 7, 6, 5, 4], [1, 2], [0, 3]]
18: [[8, 7, 6, 5, 4, 3], [1, 2], [0]]
19: [[8, 7, 6, 5, 4, 3, 2], [1], [0]]
20: [[8, 7, 6, 5, 4, 3, 2, 1], [], [0]]
21: [[8, 7, 6, 5, 4, 3, 2, 1, 0], [], []]
--------------------------

The beam width:                  15
The length of solution:          25
The number of nodes expanded:    622
The total CPU time of heuristic: 0.004246999999978129
The total CPU time of A*:        0.3696570000000037
The type of heuristic:           NonAdimissible
-----------path-----------
1: [[2, 7, 6, 3, 4, 5, 8, 1, 0], [], []]
2: [[2, 7, 6, 3, 4, 5, 8, 1], [], [0]]
3: [[2, 7, 6, 3, 4, 5, 8], [], [0, 1]]
4: [[2, 7, 6, 3, 4, 5], [8], [0, 1]]
5: [[2, 7, 6, 3, 4], [8, 5], [0, 1]]
6: [[2, 7, 6, 3], [8, 5], [0, 1, 4]]
7: [[2, 7, 6, 3], [8], [0, 1, 4, 5]]
8: [[2, 7, 6], [8, 3], [0, 1, 4, 5]]
9: [[2, 7], [8, 3], [0, 1, 4, 5, 6]]
10: [[2], [8, 3], [0, 1, 4, 5, 6, 7]]
11: [[], [8, 3], [0, 1, 4, 5, 6, 7, 2]]
12: [[3], [8], [0, 1, 4, 5, 6, 7, 2]]
13: [[3, 2], [8], [0, 1, 4, 5, 6, 7]]
14: [[3, 2], [], [0, 1, 4, 5, 6, 7, 8]]
15: [[3], [2], [0, 1, 4, 5, 6, 7, 8]]
16: [[], [2, 3], [0, 1, 4, 5, 6, 7, 8]]
17: [[8], [2, 3], [0, 1, 4, 5, 6, 7]]
18: [[8, 7], [2, 3], [0, 1, 4, 5, 6]]
19: [[8, 7, 6], [2, 3], [0, 1, 4, 5]]
20: [[8, 7, 6, 5], [2, 3], [0, 1, 4]]
21: [[8, 7, 6, 5, 4], [2, 3], [0, 1]]
22: [[8, 7, 6, 5, 4, 3], [2], [0, 1]]
23: [[8, 7, 6, 5, 4, 3, 2], [], [0, 1]]
24: [[8, 7, 6, 5, 4, 3, 2, 1], [], [0]]
25: [[8, 7, 6, 5, 4, 3, 2, 1, 0], [], []]
--------------------------

The beam width:                  15
The length of solution:          24
The number of nodes expanded:    464
The total CPU time of heuristic: 0.0032439999999240854
The total CPU time of A*:        0.21778299999999717
The type of heuristic:           NonAdimissible
-----------path-----------
1: [[7, 3, 5, 2, 6, 8, 1, 0, 4], [], []]
2: [[7, 3, 5, 2, 6, 8, 1, 0], [4], []]
3: [[7, 3, 5, 2, 6, 8, 1], [4], [0]]
4: [[7, 3, 5, 2, 6, 8], [4], [0, 1]]
5: [[7, 3, 5, 2, 6], [4, 8], [0, 1]]
6: [[7, 3, 5, 2], [4, 8, 6], [0, 1]]
7: [[7, 3, 5], [4, 8, 6], [0, 1, 2]]
8: [[7, 3], [4, 8, 6], [0, 1, 2, 5]]
9: [[7, 3], [4, 8], [0, 1, 2, 5, 6]]
10: [[7], [4, 8, 3], [0, 1, 2, 5, 6]]
11: [[], [4, 8, 3], [0, 1, 2, 5, 6, 7]]
12: [[3], [4, 8], [0, 1, 2, 5, 6, 7]]
13: [[3], [4], [0, 1, 2, 5, 6, 7, 8]]
14: [[], [4, 3], [0, 1, 2, 5, 6, 7, 8]]
15: [[8], [4, 3], [0, 1, 2, 5, 6, 7]]
16: [[8, 7], [4, 3], [0, 1, 2, 5, 6]]
17: [[8, 7, 6], [4, 3], [0, 1, 2, 5]]
18: [[8, 7, 6, 5], [4, 3], [0, 1, 2]]
19: [[8, 7, 6, 5], [4], [0, 1, 2, 3]]
20: [[8, 7, 6, 5, 4], [], [0, 1, 2, 3]]
21: [[8, 7, 6, 5, 4, 3], [], [0, 1, 2]]
22: [[8, 7, 6, 5, 4, 3, 2], [], [0, 1]]
23: [[8, 7, 6, 5, 4, 3, 2, 1], [], [0]]
24: [[8, 7, 6, 5, 4, 3, 2, 1, 0], [], []]
--------------------------

The beam width:                  15
The length of solution:          31
The number of nodes expanded:    847
The total CPU time of heuristic: 0.006012000000076512
The total CPU time of A*:        0.6109930000000006
The type of heuristic:           NonAdimissible
-----------path-----------
1: [[5, 7, 2, 1, 3, 4, 6, 0, 8], [], []]
2: [[5, 7, 2, 1, 3, 4, 6, 0], [], [8]]
3: [[5, 7, 2, 1, 3, 4, 6], [0], [8]]
4: [[5, 7, 2, 1, 3, 4], [0], [8, 6]]
5: [[5, 7, 2, 1, 3], [0, 4], [8, 6]]
6: [[5, 7, 2, 1], [0, 4, 3], [8, 6]]
7: [[5, 7, 2, 1, 6], [0, 4, 3], [8]]
8: [[5, 7, 2, 1, 6, 3], [0, 4], [8]]
9: [[5, 7, 2, 1, 6, 3], [0, 4, 8], []]
10: [[5, 7, 2, 1, 6], [0, 4, 8, 3], []]
11: [[5, 7, 2, 1], [0, 4, 8, 3, 6], []]
12: [[5, 7, 2], [0, 4, 8, 3, 6], [1]]
13: [[5, 7], [0, 4, 8, 3, 6], [1, 2]]
14: [[5], [0, 4, 8, 3, 6, 7], [1, 2]]
15: [[], [0, 4, 8, 3, 6, 7], [1, 2, 5]]
16: [[7], [0, 4, 8, 3, 6], [1, 2, 5]]
17: [[7], [0, 4, 8, 3], [1, 2, 5, 6]]
18: [[], [0, 4, 8, 3], [1, 2, 5, 6, 7]]
19: [[3], [0, 4, 8], [1, 2, 5, 6, 7]]
20: [[3], [0, 4], [1, 2, 5, 6, 7, 8]]
21: [[], [0, 4, 3], [1, 2, 5, 6, 7, 8]]
22: [[8], [0, 4, 3], [1, 2, 5, 6, 7]]
23: [[8, 7], [0, 4, 3], [1, 2, 5, 6]]
24: [[8, 7, 6], [0, 4, 3], [1, 2, 5]]
25: [[8, 7, 6, 5], [0, 4, 3], [1, 2]]
26: [[8, 7, 6, 5], [0, 4], [1, 2, 3]]
27: [[8, 7, 6, 5, 4], [0], [1, 2, 3]]
28: [[8, 7, 6, 5, 4, 3], [0], [1, 2]]
29: [[8, 7, 6, 5, 4, 3, 2], [0], [1]]
30: [[8, 7, 6, 5, 4, 3, 2, 1], [0], []]
31: [[8, 7, 6, 5, 4, 3, 2, 1, 0], [], []]
--------------------------

The beam width:                  15
The length of solution:          22
The number of nodes expanded:    1001
The total CPU time of heuristic: 0.0077410000001520984
The total CPU time of A*:        0.8517089999999996
The type of heuristic:           NonAdimissible
-----------path-----------
1: [[6, 0, 2, 8, 3, 5, 1, 7, 4], [], []]
2: [[6, 0, 2, 8, 3, 5, 1, 7], [4], []]
3: [[6, 0, 2, 8, 3, 5, 1], [4, 7], []]
4: [[6, 0, 2, 8, 3, 5], [4, 7], [1]]
5: [[6, 0, 2, 8, 3, 5], [4], [1, 7]]
6: [[6, 0, 2, 8, 3], [4, 5], [1, 7]]
7: [[6, 0, 2, 8], [4, 5, 3], [1, 7]]
8: [[6, 0, 2], [4, 5, 3, 8], [1, 7]]
9: [[6, 0], [4, 5, 3, 8], [1, 7, 2]]
10: [[6, 0, 8], [4, 5, 3], [1, 7, 2]]
11: [[6, 0, 8, 3], [4, 5], [1, 7, 2]]
12: [[6, 0, 8, 3, 2], [4, 5], [1, 7]]
13: [[6, 0, 8, 3, 2], [4, 5, 7], [1]]
14: [[6, 0, 8, 3], [4, 5, 7], [1, 2]]
15: [[6, 0, 8], [4, 5, 7, 3], [1, 2]]
16: [[6, 0], [4, 5, 7, 3], [1, 2, 8]]
17: [[6], [4, 5, 7, 3], [1, 2, 8, 0]]
18: [[], [4, 5, 7, 3, 6], [1, 2, 8, 0]]
19: [[0], [4, 5, 7, 3, 6], [1, 2, 8]]
20: [[0, 6], [4, 5, 7, 3], [1, 2, 8]]
21: [[0, 6, 3], [4, 5, 7], [1, 2, 8]]
22: [[0, 6, 3], [4, 5, 7, 8], [1, 2]]
--------------------------

The beam width:                  15
The length of solution:          20
The number of nodes expanded:    378
The total CPU time of heuristic: 0.0025180000000162295
The total CPU time of A*:        0.17426600000000292
The type of heuristic:           NonAdimissible
-----------path-----------
1: [[7, 5, 8, 2, 6, 4, 0, 1, 3], [], []]
2: [[7, 5, 8, 2, 6, 4, 0, 1], [3], []]
3: [[7, 5, 8, 2, 6, 4, 0], [3, 1], []]
4: [[7, 5, 8, 2, 6, 4], [3, 1], [0]]
5: [[7, 5, 8, 2, 6, 4], [3], [0, 1]]
6: [[7, 5, 8, 2, 6], [3, 4], [0, 1]]
7: [[7, 5, 8, 2], [3, 4, 6], [0, 1]]
8: [[7, 5, 8], [3, 4, 6], [0, 1, 2]]
9: [[7, 5], [3, 4, 6, 8], [0, 1, 2]]
10: [[7], [3, 4, 6, 8], [0, 1, 2, 5]]
11: [[], [3, 4, 6, 8], [0, 1, 2, 5, 7]]
12: [[8], [3, 4, 6], [0, 1, 2, 5, 7]]
13: [[8, 7], [3, 4, 6], [0, 1, 2, 5]]
14: [[8, 7, 6], [3, 4], [0, 1, 2, 5]]
15: [[8, 7, 6, 5], [3, 4], [0, 1, 2]]
16: [[8, 7, 6, 5, 4], [3], [0, 1, 2]]
17: [[8, 7, 6, 5, 4, 3], [], [0, 1, 2]]
18: [[8, 7, 6, 5, 4, 3, 2], [], [0, 1]]
19: [[8, 7, 6, 5, 4, 3, 2, 1], [], [0]]
20: [[8, 7, 6, 5, 4, 3, 2, 1, 0], [], []]
--------------------------

The beam width:                  15
The length of solution:          19
The number of nodes expanded:    392
The total CPU time of heuristic: 0.0029239999999930433
The total CPU time of A*:        0.17014099999999388
The type of heuristic:           NonAdimissible
-----------path-----------
1: [[8, 5, 0, 3, 6, 7, 2, 4, 1], [], []]
2: [[8, 5, 0, 3, 6, 7, 2, 4], [], [1]]
3: [[8, 5, 0, 3, 6, 7, 2], [4], [1]]
4: [[8, 5, 0, 3, 6, 7], [4], [1, 2]]
5: [[8, 5, 0, 3, 6], [4, 7], [1, 2]]
6: [[8, 5, 0, 3], [4, 7, 6], [1, 2]]
7: [[8, 5, 0], [4, 7, 6], [1, 2, 3]]
8: [[8, 5], [4, 7, 6], [1, 2, 3, 0]]
9: [[8], [4, 7, 6], [1, 2, 3, 0, 5]]
10: [[8], [4, 7], [1, 2, 3, 0, 5, 6]]
11: [[8, 7], [4], [1, 2, 3, 0, 5, 6]]
12: [[8, 7, 6], [4], [1, 2, 3, 0, 5]]
13: [[8, 7, 6, 5], [4], [1, 2, 3, 0]]
14: [[8, 7, 6, 5, 4], [], [1, 2, 3, 0]]
15: [[8, 7, 6, 5, 4], [0], [1, 2, 3]]
16: [[8, 7, 6, 5, 4, 3], [0], [1, 2]]
17: [[8, 7, 6, 5, 4, 3, 2], [0], [1]]
18: [[8, 7, 6, 5, 4, 3, 2, 1], [0], []]
19: [[8, 7, 6, 5, 4, 3, 2, 1, 0], [], []]
--------------------------

The beam width:                  15
The length of solution:          21
The number of nodes expanded:    237
The total CPU time of heuristic: 0.001741999999978816
The total CPU time of A*:        0.09084399999999704
The type of heuristic:           NonAdimissible
-----------path-----------
1: [[7, 5, 3, 2, 6, 0, 4, 1, 8], [], []]
2: [[7, 5, 3, 2, 6, 0, 4, 1], [], [8]]
3: [[7, 5, 3, 2, 6, 0, 4], [1], [8]]
4: [[7, 5, 3, 2, 6, 0], [1, 4], [8]]
5: [[7, 5, 3, 2, 6, 0], [1, 4, 8], []]
6: [[7, 5, 3, 2, 6], [1, 4, 8], [0]]
7: [[7, 5, 3, 2], [1, 4, 8, 6], [0]]
8: [[7, 5, 3], [1, 4, 8, 6], [0, 2]]
9: [[7, 5], [1, 4, 8, 6], [0, 2, 3]]
10: [[7], [1, 4, 8, 6], [0, 2, 3, 5]]
11: [[7], [1, 4, 8], [0, 2, 3, 5, 6]]
12: [[], [1, 4, 8], [0, 2, 3, 5, 6, 7]]
13: [[8], [1, 4], [0, 2, 3, 5, 6, 7]]
14: [[8, 7], [1, 4], [0, 2, 3, 5, 6]]
15: [[8, 7, 6], [1, 4], [0, 2, 3, 5]]
16: [[8, 7, 6, 5], [1, 4], [0, 2, 3]]
17: [[8, 7, 6, 5, 4], [1], [0, 2, 3]]
18: [[8, 7, 6, 5, 4, 3], [1], [0, 2]]
19: [[8, 7, 6, 5, 4, 3, 2], [1], [0]]
20: [[8, 7, 6, 5, 4, 3, 2, 1], [], [0]]
21: [[8, 7, 6, 5, 4, 3, 2, 1, 0], [], []]
--------------------------

The beam width:                  15
The length of solution:          22
The number of nodes expanded:    1003
The total CPU time of heuristic: 0.007194999999946106
The total CPU time of A*:        0.8122099999999932
The type of heuristic:           NonAdimissible
-----------path-----------
1: [[0, 1, 4, 8, 2, 6, 7, 3, 5], [], []]
2: [[0, 1, 4, 8, 2, 6, 7, 3], [5], []]
3: [[0, 1, 4, 8, 2, 6, 7], [5], [3]]
4: [[0, 1, 4, 8, 2, 6, 7], [], [3, 5]]
5: [[0, 1, 4, 8, 2, 6], [7], [3, 5]]
6: [[0, 1, 4, 8, 2], [7], [3, 5, 6]]
7: [[0, 1, 4, 8], [7, 2], [3, 5, 6]]
8: [[0, 1, 4], [7, 2, 8], [3, 5, 6]]
9: [[0, 1], [7, 2, 8], [3, 5, 6, 4]]
10: [[0, 1, 8], [7, 2], [3, 5, 6, 4]]
11: [[0, 1, 8, 2], [7], [3, 5, 6, 4]]
12: [[0, 1, 8, 2, 4], [7], [3, 5, 6]]
13: [[0, 1, 8, 2, 4], [], [3, 5, 6, 7]]
14: [[0, 1, 8, 2], [4], [3, 5, 6, 7]]
15: [[0, 1, 8], [4, 2], [3, 5, 6, 7]]
16: [[0, 1], [4, 2], [3, 5, 6, 7, 8]]
17: [[0], [4, 2], [3, 5, 6, 7, 8, 1]]
18: [[0, 2], [4], [3, 5, 6, 7, 8, 1]]
19: [[0, 2, 1], [4], [3, 5, 6, 7, 8]]
20: [[0, 2, 1], [4, 8], [3, 5, 6, 7]]
21: [[0, 2], [4, 8, 1], [3, 5, 6, 7]]
22: [[0], [4, 8, 1, 2], [3, 5, 6, 7]]
--------------------------

The beam width:                  15
The length of solution:          26
The number of nodes expanded:    608
The total CPU time of heuristic: 0.004159000000079516
The total CPU time of A*:        0.3326050000000009
The type of heuristic:           NonAdimissible
-----------path-----------
1: [[6, 2, 4, 5, 8, 3, 0, 7, 1], [], []]
2: [[6, 2, 4, 5, 8, 3, 0, 7], [1], []]
3: [[6, 2, 4, 5, 8, 3, 0], [1, 7], []]
4: [[6, 2, 4, 5, 8, 3], [1, 7], [0]]
5: [[6, 2, 4, 5, 8], [1, 7], [0, 3]]
6: [[6, 2, 4, 5], [1, 7, 8], [0, 3]]
7: [[6, 2, 4], [1, 7, 8, 5], [0, 3]]
8: [[6, 2], [1, 7, 8, 5], [0, 3, 4]]
9: [[6, 2], [1, 7, 8], [0, 3, 4, 5]]
10: [[6], [1, 7, 8, 2], [0, 3, 4, 5]]
11: [[], [1, 7, 8, 2], [0, 3, 4, 5, 6]]
12: [[2], [1, 7, 8], [0, 3, 4, 5, 6]]
13: [[2], [1, 7], [0, 3, 4, 5, 6, 8]]
14: [[], [1, 7, 2], [0, 3, 4, 5, 6, 8]]
15: [[8], [1, 7, 2], [0, 3, 4, 5, 6]]
16: [[8, 2], [1, 7], [0, 3, 4, 5, 6]]
17: [[8, 2], [1], [0, 3, 4, 5, 6, 7]]
18: [[8], [1, 2], [0, 3, 4, 5, 6, 7]]
19: [[8, 7], [1, 2], [0, 3, 4, 5, 6]]
20: [[8, 7, 6], [1, 2], [0, 3, 4, 5]]
21: [[8, 7, 6, 5], [1, 2], [0, 3, 4]]
22: [[8, 7, 6, 5, 4], [1, 2], [0, 3]]
23: [[8, 7, 6, 5, 4, 3], [1, 2], [0]]
24: [[8, 7, 6, 5, 4, 3, 2], [1], [0]]
25: [[8, 7, 6, 5, 4, 3, 2, 1], [], [0]]
26: [[8, 7, 6, 5, 4, 3, 2, 1, 0], [], []]
--------------------------

The beam width:                  15
The length of solution:          25
The number of nodes expanded:    561
The total CPU time of heuristic: 0.0039960000001144635
The total CPU time of A*:        0.3065380000000033
The type of heuristic:           NonAdimissible
-----------path-----------
1: [[5, 1, 3, 8, 2, 0, 4, 7, 6], [], []]
2: [[5, 1, 3, 8, 2, 0, 4, 7], [], [6]]
3: [[5, 1, 3, 8, 2, 0, 4], [], [6, 7]]
4: [[5, 1, 3, 8, 2, 0], [], [6, 7, 4]]
5: [[5, 1, 3, 8, 2], [0], [6, 7, 4]]
6: [[5, 1, 3, 8], [0, 2], [6, 7, 4]]
7: [[5, 1, 3], [0, 2, 8], [6, 7, 4]]
8: [[5, 1], [0, 2, 8, 3], [6, 7, 4]]
9: [[5, 1, 4], [0, 2, 8, 3], [6, 7]]
10: [[5, 1, 4, 3], [0, 2, 8], [6, 7]]
11: [[5, 1, 4, 3], [0, 2], [6, 7, 8]]
12: [[5, 1, 4], [0, 2, 3], [6, 7, 8]]
13: [[5, 1], [0, 2, 3, 4], [6, 7, 8]]
14: [[5], [0, 2, 3, 4, 1], [6, 7, 8]]
15: [[], [0, 2, 3, 4, 1, 5], [6, 7, 8]]
16: [[8], [0, 2, 3, 4, 1, 5], [6, 7]]
17: [[8, 7], [0, 2, 3, 4, 1, 5], [6]]
18: [[8, 7, 6], [0, 2, 3, 4, 1, 5], []]
19: [[8, 7, 6, 5], [0, 2, 3, 4, 1], []]
20: [[8, 7, 6, 5], [0, 2, 3, 4], [1]]
21: [[8, 7, 6, 5, 4], [0, 2, 3], [1]]
22: [[8, 7, 6, 5, 4, 3], [0, 2], [1]]
23: [[8, 7, 6, 5, 4, 3, 2], [0], [1]]
24: [[8, 7, 6, 5, 4, 3, 2, 1], [0], []]
25: [[8, 7, 6, 5, 4, 3, 2, 1, 0], [], []]
--------------------------

The beam width:                  15
The length of solution:          28
The number of nodes expanded:    719
The total CPU time of heuristic: 0.005123000000004652
The total CPU time of A*:        0.4605460000000008
The type of heuristic:           NonAdimissible
-----------path-----------
1: [[6, 2, 1, 3, 4, 5, 7, 8, 0], [], []]
2: [[6, 2, 1, 3, 4, 5, 7, 8], [], [0]]
3: [[6, 2, 1, 3, 4, 5, 7], [8], [0]]
4: [[6, 2, 1, 3, 4, 5], [8, 7], [0]]
5: [[6, 2, 1, 3, 4], [8, 7], [0, 5]]
6: [[6, 2, 1, 3, 4], [8], [0, 5, 7]]
7: [[6, 2, 1, 3], [8, 4], [0, 5, 7]]
8: [[6, 2, 1], [8, 4], [0, 5, 7, 3]]
9: [[6, 2, 1, 4], [8], [0, 5, 7, 3]]
10: [[6, 2, 1, 4, 3], [8], [0, 5, 7]]
11: [[6, 2, 1, 4, 3], [], [0, 5, 7, 8]]
12: [[6, 2, 1, 4], [3], [0, 5, 7, 8]]
13: [[6, 2, 1], [3, 4], [0, 5, 7, 8]]
14: [[6, 2], [3, 4, 1], [0, 5, 7, 8]]
15: [[6], [3, 4, 1, 2], [0, 5, 7, 8]]
16: [[], [3, 4, 1, 2, 6], [0, 5, 7, 8]]
17: [[8], [3, 4, 1, 2, 6], [0, 5, 7]]
18: [[8, 7], [3, 4, 1, 2, 6], [0, 5]]
19: [[8, 7, 6], [3, 4, 1, 2], [0, 5]]
20: [[8, 7, 6, 5], [3, 4, 1, 2], [0]]
21: [[8, 7, 6, 5, 2], [3, 4, 1], [0]]
22: [[8, 7, 6, 5, 2], [3, 4], [0, 1]]
23: [[8, 7, 6, 5], [3, 4], [0, 1, 2]]
24: [[8, 7, 6, 5, 4], [3], [0, 1, 2]]
25: [[8, 7, 6, 5, 4, 3], [], [0, 1, 2]]
26: [[8, 7, 6, 5, 4, 3, 2], [], [0, 1]]
27: [[8, 7, 6, 5, 4, 3, 2, 1], [], [0]]
28: [[8, 7, 6, 5, 4, 3, 2, 1, 0], [], []]
--------------------------

The beam width:                  15
The length of solution:          23
The number of nodes expanded:    541
The total CPU time of heuristic: 0.004050999999925864
The total CPU time of A*:        0.26371799999999723
The type of heuristic:           NonAdimissible
-----------path-----------
1: [[8, 4, 0, 6, 2, 1, 7, 5, 3], [], []]
2: [[8, 4, 0, 6, 2, 1, 7, 5], [], [3]]
3: [[8, 4, 0, 6, 2, 1, 7], [], [3, 5]]
4: [[8, 4, 0, 6, 2, 1], [], [3, 5, 7]]
5: [[8, 4, 0, 6, 2], [1], [3, 5, 7]]
6: [[8, 4, 0, 6], [1, 2], [3, 5, 7]]
7: [[8, 4, 0], [1, 2, 6], [3, 5, 7]]
8: [[8, 4], [1, 2, 6, 0], [3, 5, 7]]
9: [[8], [1, 2, 6, 0, 4], [3, 5, 7]]
10: [[8, 7], [1, 2, 6, 0, 4], [3, 5]]
11: [[8, 7, 4], [1, 2, 6, 0], [3, 5]]
12: [[8, 7, 4, 0], [1, 2, 6], [3, 5]]
13: [[8, 7, 4, 0], [1, 2], [3, 5, 6]]
14: [[8, 7, 4], [1, 2, 0], [3, 5, 6]]
15: [[8, 7], [1, 2, 0, 4], [3, 5, 6]]
16: [[8, 7, 6], [1, 2, 0, 4], [3, 5]]
17: [[8, 7, 6, 5], [1, 2, 0, 4], [3]]
18: [[8, 7, 6, 5, 4], [1, 2, 0], [3]]
19: [[8, 7, 6, 5, 4, 3], [1, 2, 0], []]
20: [[8, 7, 6, 5, 4, 3], [1, 2], [0]]
21: [[8, 7, 6, 5, 4, 3, 2], [1], [0]]
22: [[8, 7, 6, 5, 4, 3, 2, 1], [], [0]]
23: [[8, 7, 6, 5, 4, 3, 2, 1, 0], [], []]
--------------------------

The beam width:                  15
The length of solution:          26
The number of nodes expanded:    768
The total CPU time of heuristic: 0.005590999999945723
The total CPU time of A*:        0.4963679999999968
The type of heuristic:           NonAdimissible
-----------path-----------
1: [[2, 1, 8, 5, 6, 7, 3, 0, 4], [], []]
2: [[2, 1, 8, 5, 6, 7, 3, 0], [], [4]]
3: [[2, 1, 8, 5, 6, 7, 3], [0], [4]]
4: [[2, 1, 8, 5, 6, 7, 3], [0, 4], []]
5: [[2, 1, 8, 5, 6, 7], [0, 4], [3]]
6: [[2, 1, 8, 5, 6], [0, 4, 7], [3]]
7: [[2, 1, 8, 5], [0, 4, 7, 6], [3]]
8: [[2, 1, 8], [0, 4, 7, 6], [3, 5]]
9: [[2, 1], [0, 4, 7, 6, 8], [3, 5]]
10: [[2], [0, 4, 7, 6, 8], [3, 5, 1]]
11: [[], [0, 4, 7, 6, 8], [3, 5, 1, 2]]
12: [[8], [0, 4, 7, 6], [3, 5, 1, 2]]
13: [[8], [0, 4, 7], [3, 5, 1, 2, 6]]
14: [[8, 7], [0, 4], [3, 5, 1, 2, 6]]
15: [[8, 7, 6], [0, 4], [3, 5, 1, 2]]
16: [[8, 7, 6, 4], [0], [3, 5, 1, 2]]
17: [[8, 7, 6, 4, 2], [0], [3, 5, 1]]
18: [[8, 7, 6, 4, 2], [0, 1], [3, 5]]
19: [[8, 7, 6, 4], [0, 1, 2], [3, 5]]
20: [[8, 7, 6], [0, 1, 2, 4], [3, 5]]
21: [[8, 7, 6, 5], [0, 1, 2, 4], [3]]
22: [[8, 7, 6, 5, 4], [0, 1, 2], [3]]
23: [[8, 7, 6, 5, 4, 3], [0, 1, 2], []]
24: [[8, 7, 6, 5, 4, 3, 2], [0, 1], []]
25: [[8, 7, 6, 5, 4, 3, 2, 1], [0], []]
26: [[8, 7, 6, 5, 4, 3, 2, 1, 0], [], []]
--------------------------

The beam width:                  15
The length of solution:          29
The number of nodes expanded:    844
The total CPU time of heuristic: 0.006170999999937976
The total CPU time of A*:        0.5918829999999957
The type of heuristic:           NonAdimissible
-----------path-----------
1: [[7, 5, 0, 3, 1, 4, 6, 8, 2], [], []]
2: [[7, 5, 0, 3, 1, 4, 6, 8], [], [2]]
3: [[7, 5, 0, 3, 1, 4, 6], [8], [2]]
4: [[7, 5, 0, 3, 1, 4], [8], [2, 6]]
5: [[7, 5, 0, 3, 1], [8, 4], [2, 6]]
6: [[7, 5, 0, 3], [8, 4], [2, 6, 1]]
7: [[7, 5, 0], [8, 4], [2, 6, 1, 3]]
8: [[7, 5, 0, 4], [8], [2, 6, 1, 3]]
9: [[7, 5, 0, 4, 3], [8], [2, 6, 1]]
10: [[7, 5, 0, 4, 3, 1], [8], [2, 6]]
11: [[7, 5, 0, 4, 3, 1], [], [2, 6, 8]]
12: [[7, 5, 0, 4, 3], [1], [2, 6, 8]]
13: [[7, 5, 0, 4], [1, 3], [2, 6, 8]]
14: [[7, 5, 0], [1, 3, 4], [2, 6, 8]]
15: [[7, 5], [1, 3, 4, 0], [2, 6, 8]]
16: [[7], [1, 3, 4, 0, 5], [2, 6, 8]]
17: [[], [1, 3, 4, 0, 5, 7], [2, 6, 8]]
18: [[8], [1, 3, 4, 0, 5, 7], [2, 6]]
19: [[8, 7], [1, 3, 4, 0, 5], [2, 6]]
20: [[8, 7, 6], [1, 3, 4, 0, 5], [2]]
21: [[8, 7, 6, 5], [1, 3, 4, 0], [2]]
22: [[8, 7, 6, 5], [1, 3, 4], [2, 0]]
23: [[8, 7, 6, 5, 4], [1, 3], [2, 0]]
24: [[8, 7, 6, 5, 4, 3], [1], [2, 0]]
25: [[8, 7, 6, 5, 4, 3], [1, 0], [2]]
26: [[8, 7, 6, 5, 4, 3, 2], [1, 0], []]
27: [[8, 7, 6, 5, 4, 3, 2], [1], [0]]
28: [[8, 7, 6, 5, 4, 3, 2, 1], [], [0]]
29: [[8, 7, 6, 5, 4, 3, 2, 1, 0], [], []]
--------------------------

The beam width:                  15
The length of solution:          21
The number of nodes expanded:    1004
The total CPU time of heuristic: 0.0072780000001984035
The total CPU time of A*:        0.7590730000000008
The type of heuristic:           NonAdimissible
-----------path-----------
1: [[8, 0, 1, 3, 7, 5, 4, 6, 2], [], []]
2: [[8, 0, 1, 3, 7, 5, 4, 6], [], [2]]
3: [[8, 0, 1, 3, 7, 5, 4], [6], [2]]
4: [[8, 0, 1, 3, 7, 5], [6], [2, 4]]
5: [[8, 0, 1, 3, 7, 5], [], [2, 4, 6]]
6: [[8, 0, 1, 3, 7], [5], [2, 4, 6]]
7: [[8, 0, 1, 3], [5, 7], [2, 4, 6]]
8: [[8, 0, 1], [5, 7, 3], [2, 4, 6]]
9: [[8, 0], [5, 7, 3], [2, 4, 6, 1]]
10: [[8, 0, 3], [5, 7], [2, 4, 6, 1]]
11: [[8, 0, 3, 1], [5, 7], [2, 4, 6]]
12: [[8, 0, 3, 1, 6], [5, 7], [2, 4]]
13: [[8, 0, 3, 1, 6], [5], [2, 4, 7]]
14: [[8, 0, 3, 1], [5, 6], [2, 4, 7]]
15: [[8, 0, 3], [5, 6, 1], [2, 4, 7]]
16: [[8, 0], [5, 6, 1, 3], [2, 4, 7]]
17: [[8], [5, 6, 1, 3], [2, 4, 7, 0]]
18: [[8, 3], [5, 6, 1], [2, 4, 7, 0]]
19: [[8, 3, 1], [5, 6], [2, 4, 7, 0]]
20: [[8, 3, 1, 0], [5, 6], [2, 4, 7]]
21: [[8, 3, 1, 0], [5, 6, 7], [2, 4]]
--------------------------

The beam width:                  15
The length of solution:          32
The number of nodes expanded:    895
The total CPU time of heuristic: 0.006414999999996951
The total CPU time of A*:        0.6516689999999912
The type of heuristic:           NonAdimissible
-----------path-----------
1: [[3, 2, 5, 6, 4, 0, 8, 7, 1], [], []]
2: [[3, 2, 5, 6, 4, 0, 8, 7], [1], []]
3: [[3, 2, 5, 6, 4, 0, 8], [1, 7], []]
4: [[3, 2, 5, 6, 4, 0], [1, 7, 8], []]
5: [[3, 2, 5, 6, 4], [1, 7, 8], [0]]
6: [[3, 2, 5, 6], [1, 7, 8], [0, 4]]
7: [[3, 2, 5], [1, 7, 8, 6], [0, 4]]
8: [[3, 2], [1, 7, 8, 6], [0, 4, 5]]
9: [[3], [1, 7, 8, 6], [0, 4, 5, 2]]
10: [[], [1, 7, 8, 6], [0, 4, 5, 2, 3]]
11: [[6], [1, 7, 8], [0, 4, 5, 2, 3]]
12: [[6, 3], [1, 7, 8], [0, 4, 5, 2]]
13: [[6, 3, 2], [1, 7, 8], [0, 4, 5]]
14: [[6, 3, 2], [1, 7], [0, 4, 5, 8]]
15: [[6, 3], [1, 7, 2], [0, 4, 5, 8]]
16: [[6], [1, 7, 2, 3], [0, 4, 5, 8]]
17: [[], [1, 7, 2, 3, 6], [0, 4, 5, 8]]
18: [[8], [1, 7, 2, 3, 6], [0, 4, 5]]
19: [[8], [1, 7, 2, 3], [0, 4, 5, 6]]
20: [[8, 3], [1, 7, 2], [0, 4, 5, 6]]
21: [[8, 3, 2], [1, 7], [0, 4, 5, 6]]
22: [[8, 3, 2], [1], [0, 4, 5, 6, 7]]
23: [[8, 3], [1, 2], [0, 4, 5, 6, 7]]
24: [[8], [1, 2, 3], [0, 4, 5, 6, 7]]
25: [[8, 7], [1, 2, 3], [0, 4, 5, 6]]
26: [[8, 7, 6], [1, 2, 3], [0, 4, 5]]
27: [[8, 7, 6, 5], [1, 2, 3], [0, 4]]
28: [[8, 7, 6, 5, 4], [1, 2, 3], [0]]
29: [[8, 7, 6, 5, 4, 3], [1, 2], [0]]
30: [[8, 7, 6, 5, 4, 3, 2], [1], [0]]
31: [[8, 7, 6, 5, 4, 3, 2, 1], [], [0]]
32: [[8, 7, 6, 5, 4, 3, 2, 1, 0], [], []]
--------------------------

The beam width:                  15
The length of solution:          23
The number of nodes expanded:    470
The total CPU time of heuristic: 0.003183000000198888
The total CPU time of A*:        0.22590199999999783
The type of heuristic:           NonAdimissible
-----------path-----------
1: [[7, 5, 0, 8, 2, 4, 1, 6, 3], [], []]
2: [[7, 5, 0, 8, 2, 4, 1, 6], [], [3]]
3: [[7, 5, 0, 8, 2, 4, 1], [], [3, 6]]
4: [[7, 5, 0, 8, 2, 4], [1], [3, 6]]
5: [[7, 5, 0, 8, 2], [1], [3, 6, 4]]
6: [[7, 5, 0, 8], [1, 2], [3, 6, 4]]
7: [[7, 5, 0, 8], [1, 2, 4], [3, 6]]
8: [[7, 5, 0], [1, 2, 4], [3, 6, 8]]
9: [[7, 5], [1, 2, 4, 0], [3, 6, 8]]
10: [[7], [1, 2, 4, 0, 5], [3, 6, 8]]
11: [[], [1, 2, 4, 0, 5, 7], [3, 6, 8]]
12: [[8], [1, 2, 4, 0, 5, 7], [3, 6]]
13: [[8, 7], [1, 2, 4, 0, 5], [3, 6]]
14: [[8, 7, 6], [1, 2, 4, 0, 5], [3]]
15: [[8, 7, 6, 5], [1, 2, 4, 0], [3]]
16: [[8, 7, 6, 5, 3], [1, 2, 4, 0], []]
17: [[8, 7, 6, 5, 3], [1, 2, 4], [0]]
18: [[8, 7, 6, 5], [1, 2, 4], [0, 3]]
19: [[8, 7, 6, 5, 4], [1, 2], [0, 3]]
20: [[8, 7, 6, 5, 4, 3], [1, 2], [0]]
21: [[8, 7, 6, 5, 4, 3, 2], [1], [0]]
22: [[8, 7, 6, 5, 4, 3, 2, 1], [], [0]]
23: [[8, 7, 6, 5, 4, 3, 2, 1, 0], [], []]
--------------------------

The beam width:                  15
The length of solution:          32
The number of nodes expanded:    961
The total CPU time of heuristic: 0.006823000000068191
The total CPU time of A*:        0.7687530000000038
The type of heuristic:           NonAdimissible
-----------path-----------
1: [[6, 5, 0, 2, 1, 8, 7, 3, 4], [], []]
2: [[6, 5, 0, 2, 1, 8, 7, 3], [], [4]]
3: [[6, 5, 0, 2, 1, 8, 7], [3], [4]]
4: [[6, 5, 0, 2, 1, 8, 7], [3, 4], []]
5: [[6, 5, 0, 2, 1, 8], [3, 4, 7], []]
6: [[6, 5, 0, 2, 1], [3, 4, 7, 8], []]
7: [[6, 5, 0, 2], [3, 4, 7, 8], [1]]
8: [[6, 5, 0], [3, 4, 7, 8], [1, 2]]
9: [[6, 5], [3, 4, 7, 8, 0], [1, 2]]
10: [[6], [3, 4, 7, 8, 0], [1, 2, 5]]
11: [[], [3, 4, 7, 8, 0], [1, 2, 5, 6]]
12: [[0], [3, 4, 7, 8], [1, 2, 5, 6]]
13: [[0], [3, 4, 7], [1, 2, 5, 6, 8]]
14: [[], [3, 4, 7, 0], [1, 2, 5, 6, 8]]
15: [[8], [3, 4, 7, 0], [1, 2, 5, 6]]
16: [[8, 0], [3, 4, 7], [1, 2, 5, 6]]
17: [[8, 0], [3, 4], [1, 2, 5, 6, 7]]
18: [[8], [3, 4, 0], [1, 2, 5, 6, 7]]
19: [[8, 7], [3, 4, 0], [1, 2, 5, 6]]
20: [[8, 7, 6], [3, 4, 0], [1, 2, 5]]
21: [[8, 7, 6, 5], [3, 4, 0], [1, 2]]
22: [[8, 7, 6, 5, 0], [3, 4], [1, 2]]
23: [[8, 7, 6, 5, 0], [3], [1, 2, 4]]
24: [[8, 7, 6, 5], [3, 0], [1, 2, 4]]
25: [[8, 7, 6, 5, 4], [3, 0], [1, 2]]
26: [[8, 7, 6, 5, 4, 0], [3], [1, 2]]
27: [[8, 7, 6, 5, 4, 0], [], [1, 2, 3]]
28: [[8, 7, 6, 5, 4], [0], [1, 2, 3]]
29: [[8, 7, 6, 5, 4, 3], [0], [1, 2]]
30: [[8, 7, 6, 5, 4, 3, 2], [0], [1]]
31: [[8, 7, 6, 5, 4, 3, 2, 1], [0], []]
32: [[8, 7, 6, 5, 4, 3, 2, 1, 0], [], []]
--------------------------

The beam width:                  15
The length of solution:          29
The number of nodes expanded:    743
The total CPU time of heuristic: 0.005575000000135333
The total CPU time of A*:        0.48788600000000315
The type of heuristic:           NonAdimissible
-----------path-----------
1: [[1, 4, 6, 8, 2, 3, 0, 7, 5], [], []]
2: [[1, 4, 6, 8, 2, 3, 0, 7], [], [5]]
3: [[1, 4, 6, 8, 2, 3, 0], [], [5, 7]]
4: [[1, 4, 6, 8, 2, 3], [0], [5, 7]]
5: [[1, 4, 6, 8, 2], [0], [5, 7, 3]]
6: [[1, 4, 6, 8], [0, 2], [5, 7, 3]]
7: [[1, 4, 6, 8], [0, 2, 3], [5, 7]]
8: [[1, 4, 6], [0, 2, 3, 8], [5, 7]]
9: [[1, 4], [0, 2, 3, 8, 6], [5, 7]]
10: [[1], [0, 2, 3, 8, 6], [5, 7, 4]]
11: [[1, 6], [0, 2, 3, 8], [5, 7, 4]]
12: [[1, 6, 4], [0, 2, 3, 8], [5, 7]]
13: [[1, 6, 4], [0, 2, 3], [5, 7, 8]]
14: [[1, 6], [0, 2, 3, 4], [5, 7, 8]]
15: [[1], [0, 2, 3, 4, 6], [5, 7, 8]]
16: [[], [0, 2, 3, 4, 6, 1], [5, 7, 8]]
17: [[8], [0, 2, 3, 4, 6, 1], [5, 7]]
18: [[8, 7], [0, 2, 3, 4, 6, 1], [5]]
19: [[8, 7, 1], [0, 2, 3, 4, 6], [5]]
20: [[8, 7, 1], [0, 2, 3, 4], [5, 6]]
21: [[8, 7], [0, 2, 3, 4, 1], [5, 6]]
22: [[8, 7, 6], [0, 2, 3, 4, 1], [5]]
23: [[8, 7, 6, 5], [0, 2, 3, 4, 1], []]
24: [[8, 7, 6, 5], [0, 2, 3, 4], [1]]
25: [[8, 7, 6, 5, 4], [0, 2, 3], [1]]
26: [[8, 7, 6, 5, 4, 3], [0, 2], [1]]
27: [[8, 7, 6, 5, 4, 3, 2], [0], [1]]
28: [[8, 7, 6, 5, 4, 3, 2, 1], [0], []]
29: [[8, 7, 6, 5, 4, 3, 2, 1, 0], [], []]
--------------------------

