The beam width:                  50
The length of solution:          21
The number of nodes expanded:    539
The total CPU time of heuristic: 0.00383499999986725
The total CPU time of A*:        0.24776400000000365
The type of heuristic:           NonAdimissible
-----------path-----------
1: [[7, 6, 3, 0, 5, 8, 2, 1, 4], [], []]
2: [[7, 6, 3, 0, 5, 8, 2, 1], [], [4]]
3: [[7, 6, 3, 0, 5, 8, 2], [1], [4]]
4: [[7, 6, 3, 0, 5, 8], [1, 2], [4]]
5: [[7, 6, 3, 0, 5, 8], [1, 2, 4], []]
6: [[7, 6, 3, 0, 5], [1, 2, 4, 8], []]
7: [[7, 6, 3, 0], [1, 2, 4, 8, 5], []]
8: [[7, 6, 3], [1, 2, 4, 8, 5], [0]]
9: [[7, 6], [1, 2, 4, 8, 5], [0, 3]]
10: [[7, 6], [1, 2, 4, 8], [0, 3, 5]]
11: [[7], [1, 2, 4, 8], [0, 3, 5, 6]]
12: [[], [1, 2, 4, 8], [0, 3, 5, 6, 7]]
13: [[8], [1, 2, 4], [0, 3, 5, 6, 7]]
14: [[8, 7], [1, 2, 4], [0, 3, 5, 6]]
15: [[8, 7, 6], [1, 2, 4], [0, 3, 5]]
16: [[8, 7, 6, 5], [1, 2, 4], [0, 3]]
17: [[8, 7, 6, 5, 4], [1, 2], [0, 3]]
18: [[8, 7, 6, 5, 4, 3], [1, 2], [0]]
19: [[8, 7, 6, 5, 4, 3, 2], [1], [0]]
20: [[8, 7, 6, 5, 4, 3, 2, 1], [], [0]]
21: [[8, 7, 6, 5, 4, 3, 2, 1, 0], [], []]
--------------------------

The beam width:                  50
The length of solution:          13
The number of nodes expanded:    1001
The total CPU time of heuristic: 0.0073649999995097915
The total CPU time of A*:        0.6403389999999973
The type of heuristic:           NonAdimissible
-----------path-----------
1: [[2, 7, 6, 3, 4, 5, 8, 1, 0], [], []]
2: [[2, 7, 6, 3, 4, 5, 8, 1], [], [0]]
3: [[2, 7, 6, 3, 4, 5, 8], [1], [0]]
4: [[2, 7, 6, 3, 4, 5], [1], [0, 8]]
5: [[2, 7, 6, 3, 4], [1, 5], [0, 8]]
6: [[2, 7, 6, 3, 4], [1, 5, 8], [0]]
7: [[2, 7, 6, 3], [1, 5, 8, 4], [0]]
8: [[2, 7, 6], [1, 5, 8, 4], [0, 3]]
9: [[2, 7], [1, 5, 8, 4], [0, 3, 6]]
10: [[2], [1, 5, 8, 4], [0, 3, 6, 7]]
11: [[], [1, 5, 8, 4], [0, 3, 6, 7, 2]]
12: [[], [1, 5, 8], [0, 3, 6, 7, 2, 4]]
13: [[8], [1, 5], [0, 3, 6, 7, 2, 4]]
--------------------------

The beam width:                  50
The length of solution:          21
The number of nodes expanded:    585
The total CPU time of heuristic: 0.003991999999698237
The total CPU time of A*:        0.2722140000000053
The type of heuristic:           NonAdimissible
-----------path-----------
1: [[7, 3, 5, 2, 6, 8, 1, 0, 4], [], []]
2: [[7, 3, 5, 2, 6, 8, 1, 0], [4], []]
3: [[7, 3, 5, 2, 6, 8, 1], [4], [0]]
4: [[7, 3, 5, 2, 6, 8], [4], [0, 1]]
5: [[7, 3, 5, 2, 6], [4], [0, 1, 8]]
6: [[7, 3, 5, 2], [4, 6], [0, 1, 8]]
7: [[7, 3, 5, 2], [4, 6, 8], [0, 1]]
8: [[7, 3, 5], [4, 6, 8], [0, 1, 2]]
9: [[7, 3], [4, 6, 8, 5], [0, 1, 2]]
10: [[7], [4, 6, 8, 5], [0, 1, 2, 3]]
11: [[7], [4, 6, 8], [0, 1, 2, 3, 5]]
12: [[], [4, 6, 8], [0, 1, 2, 3, 5, 7]]
13: [[8], [4, 6], [0, 1, 2, 3, 5, 7]]
14: [[8, 7], [4, 6], [0, 1, 2, 3, 5]]
15: [[8, 7, 6], [4], [0, 1, 2, 3, 5]]
16: [[8, 7, 6, 5], [4], [0, 1, 2, 3]]
17: [[8, 7, 6, 5, 4], [], [0, 1, 2, 3]]
18: [[8, 7, 6, 5, 4, 3], [], [0, 1, 2]]
19: [[8, 7, 6, 5, 4, 3, 2], [], [0, 1]]
20: [[8, 7, 6, 5, 4, 3, 2, 1], [], [0]]
21: [[8, 7, 6, 5, 4, 3, 2, 1, 0], [], []]
--------------------------

The beam width:                  50
The length of solution:          23
The number of nodes expanded:    767
The total CPU time of heuristic: 0.005462999999565454
The total CPU time of A*:        0.4190140000000042
The type of heuristic:           NonAdimissible
-----------path-----------
1: [[5, 7, 2, 1, 3, 4, 6, 0, 8], [], []]
2: [[5, 7, 2, 1, 3, 4, 6, 0], [], [8]]
3: [[5, 7, 2, 1, 3, 4, 6], [0], [8]]
4: [[5, 7, 2, 1, 3, 4], [0], [8, 6]]
5: [[5, 7, 2, 1, 3], [0, 4], [8, 6]]
6: [[5, 7, 2, 1, 3], [0, 4, 6], [8]]
7: [[5, 7, 2, 1, 3], [0, 4, 6, 8], []]
8: [[5, 7, 2, 1], [0, 4, 6, 8, 3], []]
9: [[5, 7, 2], [0, 4, 6, 8, 3], [1]]
10: [[5, 7], [0, 4, 6, 8, 3], [1, 2]]
11: [[5, 7], [0, 4, 6, 8], [1, 2, 3]]
12: [[5], [0, 4, 6, 8, 7], [1, 2, 3]]
13: [[], [0, 4, 6, 8, 7], [1, 2, 3, 5]]
14: [[], [0, 4, 6, 8], [1, 2, 3, 5, 7]]
15: [[8], [0, 4, 6], [1, 2, 3, 5, 7]]
16: [[8, 7], [0, 4, 6], [1, 2, 3, 5]]
17: [[8, 7, 6], [0, 4], [1, 2, 3, 5]]
18: [[8, 7, 6, 5], [0, 4], [1, 2, 3]]
19: [[8, 7, 6, 5, 4], [0], [1, 2, 3]]
20: [[8, 7, 6, 5, 4, 3], [0], [1, 2]]
21: [[8, 7, 6, 5, 4, 3, 2], [0], [1]]
22: [[8, 7, 6, 5, 4, 3, 2, 1], [0], []]
23: [[8, 7, 6, 5, 4, 3, 2, 1, 0], [], []]
--------------------------

The beam width:                  50
The length of solution:          11
The number of nodes expanded:    1002
The total CPU time of heuristic: 0.007112000000034868
The total CPU time of A*:        0.5907649999999904
The type of heuristic:           NonAdimissible
-----------path-----------
1: [[6, 0, 2, 8, 3, 5, 1, 7, 4], [], []]
2: [[6, 0, 2, 8, 3, 5, 1, 7], [], [4]]
3: [[6, 0, 2, 8, 3, 5, 1], [], [4, 7]]
4: [[6, 0, 2, 8, 3, 5], [], [4, 7, 1]]
5: [[6, 0, 2, 8, 3], [], [4, 7, 1, 5]]
6: [[6, 0, 2, 8], [3], [4, 7, 1, 5]]
7: [[6, 0, 2, 8], [3, 5], [4, 7, 1]]
8: [[6, 0, 2], [3, 5, 8], [4, 7, 1]]
9: [[6, 0], [3, 5, 8, 2], [4, 7, 1]]
10: [[6, 0, 1], [3, 5, 8, 2], [4, 7]]
11: [[6, 0, 1, 2], [3, 5, 8], [4, 7]]
--------------------------

The beam width:                  50
The length of solution:          20
The number of nodes expanded:    378
The total CPU time of heuristic: 0.002521000000356821
The total CPU time of A*:        0.17838100000000168
The type of heuristic:           NonAdimissible
-----------path-----------
1: [[7, 5, 8, 2, 6, 4, 0, 1, 3], [], []]
2: [[7, 5, 8, 2, 6, 4, 0, 1], [3], []]
3: [[7, 5, 8, 2, 6, 4, 0], [3], [1]]
4: [[7, 5, 8, 2, 6, 4, 0], [], [1, 3]]
5: [[7, 5, 8, 2, 6, 4], [0], [1, 3]]
6: [[7, 5, 8, 2, 6], [0], [1, 3, 4]]
7: [[7, 5, 8, 2], [0], [1, 3, 4, 6]]
8: [[7, 5, 8], [0, 2], [1, 3, 4, 6]]
9: [[7, 5], [0, 2], [1, 3, 4, 6, 8]]
10: [[7], [0, 2, 5], [1, 3, 4, 6, 8]]
11: [[], [0, 2, 5, 7], [1, 3, 4, 6, 8]]
12: [[8], [0, 2, 5, 7], [1, 3, 4, 6]]
13: [[8, 7], [0, 2, 5], [1, 3, 4, 6]]
14: [[8, 7, 6], [0, 2, 5], [1, 3, 4]]
15: [[8, 7, 6, 5], [0, 2], [1, 3, 4]]
16: [[8, 7, 6, 5, 4], [0, 2], [1, 3]]
17: [[8, 7, 6, 5, 4, 3], [0, 2], [1]]
18: [[8, 7, 6, 5, 4, 3, 2], [0], [1]]
19: [[8, 7, 6, 5, 4, 3, 2, 1], [0], []]
20: [[8, 7, 6, 5, 4, 3, 2, 1, 0], [], []]
--------------------------

The beam width:                  50
The length of solution:          19
The number of nodes expanded:    821
The total CPU time of heuristic: 0.005671000000717186
The total CPU time of A*:        0.4185509999999937
The type of heuristic:           NonAdimissible
-----------path-----------
1: [[8, 5, 0, 3, 6, 7, 2, 4, 1], [], []]
2: [[8, 5, 0, 3, 6, 7, 2, 4], [1], []]
3: [[8, 5, 0, 3, 6, 7, 2], [1], [4]]
4: [[8, 5, 0, 3, 6, 7], [1, 2], [4]]
5: [[8, 5, 0, 3, 6], [1, 2, 7], [4]]
6: [[8, 5, 0, 3], [1, 2, 7], [4, 6]]
7: [[8, 5, 0, 3], [1, 2], [4, 6, 7]]
8: [[8, 5, 0], [1, 2, 3], [4, 6, 7]]
9: [[8, 5], [1, 2, 3, 0], [4, 6, 7]]
10: [[8], [1, 2, 3, 0, 5], [4, 6, 7]]
11: [[8, 7], [1, 2, 3, 0, 5], [4, 6]]
12: [[8, 7, 6], [1, 2, 3, 0, 5], [4]]
13: [[8, 7, 6, 5], [1, 2, 3, 0], [4]]
14: [[8, 7, 6, 5, 4], [1, 2, 3, 0], []]
15: [[8, 7, 6, 5, 4], [1, 2, 3], [0]]
16: [[8, 7, 6, 5, 4, 3], [1, 2], [0]]
17: [[8, 7, 6, 5, 4, 3, 2], [1], [0]]
18: [[8, 7, 6, 5, 4, 3, 2, 1], [], [0]]
19: [[8, 7, 6, 5, 4, 3, 2, 1, 0], [], []]
--------------------------

The beam width:                  50
The length of solution:          21
The number of nodes expanded:    461
The total CPU time of heuristic: 0.0034030000002474026
The total CPU time of A*:        0.21374199999999632
The type of heuristic:           NonAdimissible
-----------path-----------
1: [[7, 5, 3, 2, 6, 0, 4, 1, 8], [], []]
2: [[7, 5, 3, 2, 6, 0, 4, 1], [8], []]
3: [[7, 5, 3, 2, 6, 0, 4], [8], [1]]
4: [[7, 5, 3, 2, 6, 0], [8], [1, 4]]
5: [[7, 5, 3, 2, 6, 0], [], [1, 4, 8]]
6: [[7, 5, 3, 2, 6], [0], [1, 4, 8]]
7: [[7, 5, 3, 2], [0], [1, 4, 8, 6]]
8: [[7, 5, 3], [0, 2], [1, 4, 8, 6]]
9: [[7, 5], [0, 2, 3], [1, 4, 8, 6]]
10: [[7], [0, 2, 3, 5], [1, 4, 8, 6]]
11: [[7], [0, 2, 3, 5, 6], [1, 4, 8]]
12: [[], [0, 2, 3, 5, 6, 7], [1, 4, 8]]
13: [[8], [0, 2, 3, 5, 6, 7], [1, 4]]
14: [[8, 7], [0, 2, 3, 5, 6], [1, 4]]
15: [[8, 7, 6], [0, 2, 3, 5], [1, 4]]
16: [[8, 7, 6, 5], [0, 2, 3], [1, 4]]
17: [[8, 7, 6, 5, 4], [0, 2, 3], [1]]
18: [[8, 7, 6, 5, 4, 3], [0, 2], [1]]
19: [[8, 7, 6, 5, 4, 3, 2], [0], [1]]
20: [[8, 7, 6, 5, 4, 3, 2, 1], [0], []]
21: [[8, 7, 6, 5, 4, 3, 2, 1, 0], [], []]
--------------------------

The beam width:                  50
The length of solution:          8
The number of nodes expanded:    1001
The total CPU time of heuristic: 0.006634999999434399
The total CPU time of A*:        0.554356999999996
The type of heuristic:           NonAdimissible
-----------path-----------
1: [[0, 1, 4, 8, 2, 6, 7, 3, 5], [], []]
2: [[0, 1, 4, 8, 2, 6, 7, 3], [], [5]]
3: [[0, 1, 4, 8, 2, 6, 7], [], [5, 3]]
4: [[0, 1, 4, 8, 2, 6], [], [5, 3, 7]]
5: [[0, 1, 4, 8, 2], [6], [5, 3, 7]]
6: [[0, 1, 4, 8], [6, 2], [5, 3, 7]]
7: [[0, 1, 4], [6, 2, 8], [5, 3, 7]]
8: [[0, 1, 4, 7], [6, 2, 8], [5, 3]]
--------------------------

The beam width:                  50
The length of solution:          21
The number of nodes expanded:    765
The total CPU time of heuristic: 0.00562899999957267
The total CPU time of A*:        0.4028639999999939
The type of heuristic:           NonAdimissible
-----------path-----------
1: [[6, 2, 4, 5, 8, 3, 0, 7, 1], [], []]
2: [[6, 2, 4, 5, 8, 3, 0, 7], [], [1]]
3: [[6, 2, 4, 5, 8, 3, 0], [], [1, 7]]
4: [[6, 2, 4, 5, 8, 3], [0], [1, 7]]
5: [[6, 2, 4, 5, 8], [0, 3], [1, 7]]
6: [[6, 2, 4, 5], [0, 3], [1, 7, 8]]
7: [[6, 2, 4], [0, 3], [1, 7, 8, 5]]
8: [[6, 2], [0, 3, 4], [1, 7, 8, 5]]
9: [[6, 2], [0, 3, 4, 5], [1, 7, 8]]
10: [[6], [0, 3, 4, 5, 2], [1, 7, 8]]
11: [[], [0, 3, 4, 5, 2, 6], [1, 7, 8]]
12: [[8], [0, 3, 4, 5, 2, 6], [1, 7]]
13: [[8, 7], [0, 3, 4, 5, 2, 6], [1]]
14: [[8, 7, 6], [0, 3, 4, 5, 2], [1]]
15: [[8, 7, 6], [0, 3, 4, 5], [1, 2]]
16: [[8, 7, 6, 5], [0, 3, 4], [1, 2]]
17: [[8, 7, 6, 5, 4], [0, 3], [1, 2]]
18: [[8, 7, 6, 5, 4, 3], [0], [1, 2]]
19: [[8, 7, 6, 5, 4, 3, 2], [0], [1]]
20: [[8, 7, 6, 5, 4, 3, 2, 1], [0], []]
21: [[8, 7, 6, 5, 4, 3, 2, 1, 0], [], []]
--------------------------

The beam width:                  50
The length of solution:          13
The number of nodes expanded:    1001
The total CPU time of heuristic: 0.007142000000754933
The total CPU time of A*:        0.6073729999999955
The type of heuristic:           NonAdimissible
-----------path-----------
1: [[5, 1, 3, 8, 2, 0, 4, 7, 6], [], []]
2: [[5, 1, 3, 8, 2, 0, 4, 7], [6], []]
3: [[5, 1, 3, 8, 2, 0, 4], [6, 7], []]
4: [[5, 1, 3, 8, 2, 0], [6, 7, 4], []]
5: [[5, 1, 3, 8, 2], [6, 7, 4], [0]]
6: [[5, 1, 3, 8], [6, 7, 4], [0, 2]]
7: [[5, 1, 3, 8], [6, 7], [0, 2, 4]]
8: [[5, 1, 3], [6, 7, 8], [0, 2, 4]]
9: [[5, 1], [6, 7, 8, 3], [0, 2, 4]]
10: [[5], [6, 7, 8, 3], [0, 2, 4, 1]]
11: [[], [6, 7, 8, 3, 5], [0, 2, 4, 1]]
12: [[1], [6, 7, 8, 3, 5], [0, 2, 4]]
13: [[1], [6, 7, 8, 3], [0, 2, 4, 5]]
--------------------------

The beam width:                  50
The length of solution:          11
The number of nodes expanded:    1002
The total CPU time of heuristic: 0.007194000000112055
The total CPU time of A*:        0.6153240000000153
The type of heuristic:           NonAdimissible
-----------path-----------
1: [[6, 2, 1, 3, 4, 5, 7, 8, 0], [], []]
2: [[6, 2, 1, 3, 4, 5, 7, 8], [], [0]]
3: [[6, 2, 1, 3, 4, 5, 7], [8], [0]]
4: [[6, 2, 1, 3, 4, 5], [8], [0, 7]]
5: [[6, 2, 1, 3, 4, 5], [], [0, 7, 8]]
6: [[6, 2, 1, 3, 4], [5], [0, 7, 8]]
7: [[6, 2, 1, 3], [5, 4], [0, 7, 8]]
8: [[6, 2, 1], [5, 4], [0, 7, 8, 3]]
9: [[6, 2, 1, 4], [5], [0, 7, 8, 3]]
10: [[6, 2, 1, 4], [5, 3], [0, 7, 8]]
11: [[6, 2, 1], [5, 3, 4], [0, 7, 8]]
--------------------------

The beam width:                  50
The length of solution:          11
The number of nodes expanded:    1002
The total CPU time of heuristic: 0.006865999999277506
The total CPU time of A*:        0.5584980000000002
The type of heuristic:           NonAdimissible
-----------path-----------
1: [[8, 4, 0, 6, 2, 1, 7, 5, 3], [], []]
2: [[8, 4, 0, 6, 2, 1, 7, 5], [], [3]]
3: [[8, 4, 0, 6, 2, 1, 7], [], [3, 5]]
4: [[8, 4, 0, 6, 2, 1], [], [3, 5, 7]]
5: [[8, 4, 0, 6, 2], [1], [3, 5, 7]]
6: [[8, 4, 0, 6], [1], [3, 5, 7, 2]]
7: [[8, 4, 0], [1, 6], [3, 5, 7, 2]]
8: [[8, 4], [1, 6, 0], [3, 5, 7, 2]]
9: [[8], [1, 6, 0, 4], [3, 5, 7, 2]]
10: [[8, 2], [1, 6, 0, 4], [3, 5, 7]]
11: [[8, 2], [1, 6, 0], [3, 5, 7, 4]]
--------------------------

The beam width:                  50
The length of solution:          10
The number of nodes expanded:    1003
The total CPU time of heuristic: 0.006661000000491413
The total CPU time of A*:        0.5812560000000104
The type of heuristic:           NonAdimissible
-----------path-----------
1: [[2, 1, 8, 5, 6, 7, 3, 0, 4], [], []]
2: [[2, 1, 8, 5, 6, 7, 3, 0], [4], []]
3: [[2, 1, 8, 5, 6, 7, 3], [4], [0]]
4: [[2, 1, 8, 5, 6, 7], [4], [0, 3]]
5: [[2, 1, 8, 5, 6, 7], [], [0, 3, 4]]
6: [[2, 1, 8, 5, 6], [7], [0, 3, 4]]
7: [[2, 1, 8, 5], [7, 6], [0, 3, 4]]
8: [[2, 1, 8], [7, 6], [0, 3, 4, 5]]
9: [[2, 1], [7, 6, 8], [0, 3, 4, 5]]
10: [[2], [7, 6, 8], [0, 3, 4, 5, 1]]
--------------------------

The beam width:                  50
The length of solution:          14
The number of nodes expanded:    1001
The total CPU time of heuristic: 0.0069230000005973125
The total CPU time of A*:        0.5998289999999855
The type of heuristic:           NonAdimissible
-----------path-----------
1: [[7, 5, 0, 3, 1, 4, 6, 8, 2], [], []]
2: [[7, 5, 0, 3, 1, 4, 6, 8], [], [2]]
3: [[7, 5, 0, 3, 1, 4, 6], [8], [2]]
4: [[7, 5, 0, 3, 1, 4], [8], [2, 6]]
5: [[7, 5, 0, 3, 1, 4], [], [2, 6, 8]]
6: [[7, 5, 0, 3, 1], [], [2, 6, 8, 4]]
7: [[7, 5, 0, 3], [1], [2, 6, 8, 4]]
8: [[7, 5, 0], [1, 3], [2, 6, 8, 4]]
9: [[7, 5, 0], [1, 3, 4], [2, 6, 8]]
10: [[7, 5], [1, 3, 4, 0], [2, 6, 8]]
11: [[7], [1, 3, 4, 0, 5], [2, 6, 8]]
12: [[], [1, 3, 4, 0, 5, 7], [2, 6, 8]]
13: [[8], [1, 3, 4, 0, 5, 7], [2, 6]]
14: [[8], [1, 3, 4, 0, 5], [2, 6, 7]]
--------------------------

The beam width:                  50
The length of solution:          11
The number of nodes expanded:    1002
The total CPU time of heuristic: 0.006834999999441038
The total CPU time of A*:        0.5620050000000134
The type of heuristic:           NonAdimissible
-----------path-----------
1: [[8, 0, 1, 3, 7, 5, 4, 6, 2], [], []]
2: [[8, 0, 1, 3, 7, 5, 4, 6], [], [2]]
3: [[8, 0, 1, 3, 7, 5, 4], [], [2, 6]]
4: [[8, 0, 1, 3, 7, 5], [4], [2, 6]]
5: [[8, 0, 1, 3, 7], [4, 5], [2, 6]]
6: [[8, 0, 1, 3, 7], [4, 5, 6], [2]]
7: [[8, 0, 1, 3], [4, 5, 6], [2, 7]]
8: [[8, 0, 1], [4, 5, 6, 3], [2, 7]]
9: [[8, 0], [4, 5, 6, 3], [2, 7, 1]]
10: [[8, 0], [4, 5, 6], [2, 7, 1, 3]]
11: [[8], [4, 5, 6, 0], [2, 7, 1, 3]]
--------------------------

The beam width:                  50
The length of solution:          18
The number of nodes expanded:    1003
The total CPU time of heuristic: 0.007047999999556964
The total CPU time of A*:        0.5974259999999987
The type of heuristic:           NonAdimissible
-----------path-----------
1: [[3, 2, 5, 6, 4, 0, 8, 7, 1], [], []]
2: [[3, 2, 5, 6, 4, 0, 8, 7], [], [1]]
3: [[3, 2, 5, 6, 4, 0, 8], [], [1, 7]]
4: [[3, 2, 5, 6, 4, 0], [], [1, 7, 8]]
5: [[3, 2, 5, 6, 4], [0], [1, 7, 8]]
6: [[3, 2, 5, 6], [0, 4], [1, 7, 8]]
7: [[3, 2, 5], [0, 4], [1, 7, 8, 6]]
8: [[3, 2], [0, 4, 5], [1, 7, 8, 6]]
9: [[3, 2], [0, 4, 5, 6], [1, 7, 8]]
10: [[3], [0, 4, 5, 6, 2], [1, 7, 8]]
11: [[], [0, 4, 5, 6, 2, 3], [1, 7, 8]]
12: [[8], [0, 4, 5, 6, 2, 3], [1, 7]]
13: [[8, 7], [0, 4, 5, 6, 2, 3], [1]]
14: [[8, 7, 3], [0, 4, 5, 6, 2], [1]]
15: [[8, 7, 3], [0, 4, 5, 6], [1, 2]]
16: [[8, 7], [0, 4, 5, 6], [1, 2, 3]]
17: [[8, 7, 6], [0, 4, 5], [1, 2, 3]]
18: [[8, 7, 6, 5], [0, 4], [1, 2, 3]]
--------------------------

The beam width:                  50
The length of solution:          23
The number of nodes expanded:    956
The total CPU time of heuristic: 0.0066800000003297555
The total CPU time of A*:        0.5568360000000041
The type of heuristic:           NonAdimissible
-----------path-----------
1: [[7, 5, 0, 8, 2, 4, 1, 6, 3], [], []]
2: [[7, 5, 0, 8, 2, 4, 1, 6], [], [3]]
3: [[7, 5, 0, 8, 2, 4, 1], [], [3, 6]]
4: [[7, 5, 0, 8, 2, 4], [1], [3, 6]]
5: [[7, 5, 0, 8, 2], [1], [3, 6, 4]]
6: [[7, 5, 0, 8], [1, 2], [3, 6, 4]]
7: [[7, 5, 0, 8], [1, 2, 4], [3, 6]]
8: [[7, 5, 0], [1, 2, 4], [3, 6, 8]]
9: [[7, 5], [1, 2, 4, 0], [3, 6, 8]]
10: [[7], [1, 2, 4, 0, 5], [3, 6, 8]]
11: [[], [1, 2, 4, 0, 5, 7], [3, 6, 8]]
12: [[8], [1, 2, 4, 0, 5, 7], [3, 6]]
13: [[8, 7], [1, 2, 4, 0, 5], [3, 6]]
14: [[8, 7, 6], [1, 2, 4, 0, 5], [3]]
15: [[8, 7, 6, 5], [1, 2, 4, 0], [3]]
16: [[8, 7, 6, 5], [1, 2, 4], [3, 0]]
17: [[8, 7, 6, 5, 4], [1, 2], [3, 0]]
18: [[8, 7, 6, 5, 4], [1, 2, 0], [3]]
19: [[8, 7, 6, 5, 4, 3], [1, 2, 0], []]
20: [[8, 7, 6, 5, 4, 3], [1, 2], [0]]
21: [[8, 7, 6, 5, 4, 3, 2], [1], [0]]
22: [[8, 7, 6, 5, 4, 3, 2, 1], [], [0]]
23: [[8, 7, 6, 5, 4, 3, 2, 1, 0], [], []]
--------------------------

The beam width:                  50
The length of solution:          21
The number of nodes expanded:    923
The total CPU time of heuristic: 0.006764999999575139
The total CPU time of A*:        0.550391000000019
The type of heuristic:           NonAdimissible
-----------path-----------
1: [[6, 5, 0, 2, 1, 8, 7, 3, 4], [], []]
2: [[6, 5, 0, 2, 1, 8, 7, 3], [4], []]
3: [[6, 5, 0, 2, 1, 8, 7], [4], [3]]
4: [[6, 5, 0, 2, 1, 8, 7], [], [3, 4]]
5: [[6, 5, 0, 2, 1, 8], [], [3, 4, 7]]
6: [[6, 5, 0, 2, 1], [], [3, 4, 7, 8]]
7: [[6, 5, 0, 2], [1], [3, 4, 7, 8]]
8: [[6, 5, 0], [1, 2], [3, 4, 7, 8]]
9: [[6, 5], [1, 2, 0], [3, 4, 7, 8]]
10: [[6], [1, 2, 0, 5], [3, 4, 7, 8]]
11: [[], [1, 2, 0, 5, 6], [3, 4, 7, 8]]
12: [[8], [1, 2, 0, 5, 6], [3, 4, 7]]
13: [[8, 7], [1, 2, 0, 5, 6], [3, 4]]
14: [[8, 7, 6], [1, 2, 0, 5], [3, 4]]
15: [[8, 7, 6, 5], [1, 2, 0], [3, 4]]
16: [[8, 7, 6, 5, 4], [1, 2, 0], [3]]
17: [[8, 7, 6, 5, 4, 3], [1, 2, 0], []]
18: [[8, 7, 6, 5, 4, 3], [1, 2], [0]]
19: [[8, 7, 6, 5, 4, 3, 2], [1], [0]]
20: [[8, 7, 6, 5, 4, 3, 2, 1], [], [0]]
21: [[8, 7, 6, 5, 4, 3, 2, 1, 0], [], []]
--------------------------

The beam width:                  50
The length of solution:          11
The number of nodes expanded:    1002
The total CPU time of heuristic: 0.006822000000227035
The total CPU time of A*:        0.575879999999998
The type of heuristic:           NonAdimissible
-----------path-----------
1: [[1, 4, 6, 8, 2, 3, 0, 7, 5], [], []]
2: [[1, 4, 6, 8, 2, 3, 0, 7], [5], []]
3: [[1, 4, 6, 8, 2, 3, 0], [5, 7], []]
4: [[1, 4, 6, 8, 2, 3], [5, 7], [0]]
5: [[1, 4, 6, 8, 2], [5, 7, 3], [0]]
6: [[1, 4, 6, 8], [5, 7, 3], [0, 2]]
7: [[1, 4, 6], [5, 7, 3, 8], [0, 2]]
8: [[1, 4], [5, 7, 3, 8], [0, 2, 6]]
9: [[1], [5, 7, 3, 8], [0, 2, 6, 4]]
10: [[1, 8], [5, 7, 3], [0, 2, 6, 4]]
11: [[1, 8, 3], [5, 7], [0, 2, 6, 4]]
--------------------------

