The beam width:                  20
The length of solution:          21
The number of nodes expanded:    365
The total CPU time of heuristic: 0.002481000000081224
The total CPU time of A*:        0.14558900000000108
The type of heuristic:           NonAdimissible
-----------path-----------
1: [[7, 6, 3, 0, 5, 8, 2, 1, 4], [], []]
2: [[7, 6, 3, 0, 5, 8, 2, 1], [], [4]]
3: [[7, 6, 3, 0, 5, 8, 2], [1], [4]]
4: [[7, 6, 3, 0, 5, 8], [1, 2], [4]]
5: [[7, 6, 3, 0, 5, 8], [1, 2, 4], []]
6: [[7, 6, 3, 0, 5], [1, 2, 4, 8], []]
7: [[7, 6, 3, 0], [1, 2, 4, 8, 5], []]
8: [[7, 6, 3], [1, 2, 4, 8, 5], [0]]
9: [[7, 6], [1, 2, 4, 8, 5], [0, 3]]
10: [[7, 6], [1, 2, 4, 8], [0, 3, 5]]
11: [[7], [1, 2, 4, 8], [0, 3, 5, 6]]
12: [[], [1, 2, 4, 8], [0, 3, 5, 6, 7]]
13: [[8], [1, 2, 4], [0, 3, 5, 6, 7]]
14: [[8, 7], [1, 2, 4], [0, 3, 5, 6]]
15: [[8, 7, 6], [1, 2, 4], [0, 3, 5]]
16: [[8, 7, 6, 5], [1, 2, 4], [0, 3]]
17: [[8, 7, 6, 5, 4], [1, 2], [0, 3]]
18: [[8, 7, 6, 5, 4, 3], [1, 2], [0]]
19: [[8, 7, 6, 5, 4, 3, 2], [1], [0]]
20: [[8, 7, 6, 5, 4, 3, 2, 1], [], [0]]
21: [[8, 7, 6, 5, 4, 3, 2, 1, 0], [], []]
--------------------------

The beam width:                  20
The length of solution:          25
The number of nodes expanded:    776
The total CPU time of heuristic: 0.005612000000041917
The total CPU time of A*:        0.5074240000000003
The type of heuristic:           NonAdimissible
-----------path-----------
1: [[2, 7, 6, 3, 4, 5, 8, 1, 0], [], []]
2: [[2, 7, 6, 3, 4, 5, 8, 1], [], [0]]
3: [[2, 7, 6, 3, 4, 5, 8], [], [0, 1]]
4: [[2, 7, 6, 3, 4, 5], [8], [0, 1]]
5: [[2, 7, 6, 3, 4], [8, 5], [0, 1]]
6: [[2, 7, 6, 3], [8, 5], [0, 1, 4]]
7: [[2, 7, 6, 3], [8], [0, 1, 4, 5]]
8: [[2, 7, 6], [8, 3], [0, 1, 4, 5]]
9: [[2, 7], [8, 3], [0, 1, 4, 5, 6]]
10: [[2], [8, 3], [0, 1, 4, 5, 6, 7]]
11: [[], [8, 3], [0, 1, 4, 5, 6, 7, 2]]
12: [[3], [8], [0, 1, 4, 5, 6, 7, 2]]
13: [[3, 2], [8], [0, 1, 4, 5, 6, 7]]
14: [[3, 2], [], [0, 1, 4, 5, 6, 7, 8]]
15: [[3], [2], [0, 1, 4, 5, 6, 7, 8]]
16: [[], [2, 3], [0, 1, 4, 5, 6, 7, 8]]
17: [[8], [2, 3], [0, 1, 4, 5, 6, 7]]
18: [[8, 7], [2, 3], [0, 1, 4, 5, 6]]
19: [[8, 7, 6], [2, 3], [0, 1, 4, 5]]
20: [[8, 7, 6, 5], [2, 3], [0, 1, 4]]
21: [[8, 7, 6, 5, 4], [2, 3], [0, 1]]
22: [[8, 7, 6, 5, 4, 3], [2], [0, 1]]
23: [[8, 7, 6, 5, 4, 3, 2], [], [0, 1]]
24: [[8, 7, 6, 5, 4, 3, 2, 1], [], [0]]
25: [[8, 7, 6, 5, 4, 3, 2, 1, 0], [], []]
--------------------------

The beam width:                  20
The length of solution:          22
The number of nodes expanded:    493
The total CPU time of heuristic: 0.003741000000033523
The total CPU time of A*:        0.24303400000000863
The type of heuristic:           NonAdimissible
-----------path-----------
1: [[7, 3, 5, 2, 6, 8, 1, 0, 4], [], []]
2: [[7, 3, 5, 2, 6, 8, 1, 0], [], [4]]
3: [[7, 3, 5, 2, 6, 8, 1], [0], [4]]
4: [[7, 3, 5, 2, 6, 8], [0, 1], [4]]
5: [[7, 3, 5, 2, 6], [0, 1, 8], [4]]
6: [[7, 3, 5, 2], [0, 1, 8], [4, 6]]
7: [[7, 3, 5, 2], [0, 1], [4, 6, 8]]
8: [[7, 3, 5], [0, 1, 2], [4, 6, 8]]
9: [[7, 3], [0, 1, 2, 5], [4, 6, 8]]
10: [[7], [0, 1, 2, 5, 3], [4, 6, 8]]
11: [[], [0, 1, 2, 5, 3, 7], [4, 6, 8]]
12: [[8], [0, 1, 2, 5, 3, 7], [4, 6]]
13: [[8, 7], [0, 1, 2, 5, 3], [4, 6]]
14: [[8, 7, 6], [0, 1, 2, 5, 3], [4]]
15: [[8, 7, 6], [0, 1, 2, 5], [4, 3]]
16: [[8, 7, 6, 5], [0, 1, 2], [4, 3]]
17: [[8, 7, 6, 5], [0, 1, 2, 3], [4]]
18: [[8, 7, 6, 5, 4], [0, 1, 2, 3], []]
19: [[8, 7, 6, 5, 4, 3], [0, 1, 2], []]
20: [[8, 7, 6, 5, 4, 3, 2], [0, 1], []]
21: [[8, 7, 6, 5, 4, 3, 2, 1], [0], []]
22: [[8, 7, 6, 5, 4, 3, 2, 1, 0], [], []]
--------------------------

The beam width:                  20
The length of solution:          17
The number of nodes expanded:    1001
The total CPU time of heuristic: 0.00749500000004133
The total CPU time of A*:        0.7470799999999969
The type of heuristic:           NonAdimissible
-----------path-----------
1: [[5, 7, 2, 1, 3, 4, 6, 0, 8], [], []]
2: [[5, 7, 2, 1, 3, 4, 6, 0], [8], []]
3: [[5, 7, 2, 1, 3, 4, 6], [8], [0]]
4: [[5, 7, 2, 1, 3, 4, 6], [], [0, 8]]
5: [[5, 7, 2, 1, 3, 4], [], [0, 8, 6]]
6: [[5, 7, 2, 1, 3], [4], [0, 8, 6]]
7: [[5, 7, 2, 1], [4, 3], [0, 8, 6]]
8: [[5, 7, 2, 1, 6], [4, 3], [0, 8]]
9: [[5, 7, 2, 1, 6, 3], [4], [0, 8]]
10: [[5, 7, 2, 1, 6, 3], [4, 8], [0]]
11: [[5, 7, 2, 1, 6], [4, 8, 3], [0]]
12: [[5, 7, 2, 1], [4, 8, 3], [0, 6]]
13: [[5, 7, 2], [4, 8, 3], [0, 6, 1]]
14: [[5, 7], [4, 8, 3], [0, 6, 1, 2]]
15: [[5], [4, 8, 3, 7], [0, 6, 1, 2]]
16: [[], [4, 8, 3, 7], [0, 6, 1, 2, 5]]
17: [[7], [4, 8, 3], [0, 6, 1, 2, 5]]
--------------------------

The beam width:                  20
The length of solution:          18
The number of nodes expanded:    1004
The total CPU time of heuristic: 0.007416000000127099
The total CPU time of A*:        0.7521759999999986
The type of heuristic:           NonAdimissible
-----------path-----------
1: [[6, 0, 2, 8, 3, 5, 1, 7, 4], [], []]
2: [[6, 0, 2, 8, 3, 5, 1, 7], [], [4]]
3: [[6, 0, 2, 8, 3, 5, 1], [], [4, 7]]
4: [[6, 0, 2, 8, 3, 5], [1], [4, 7]]
5: [[6, 0, 2, 8, 3], [1, 5], [4, 7]]
6: [[6, 0, 2, 8], [1, 5, 3], [4, 7]]
7: [[6, 0, 2], [1, 5, 3, 8], [4, 7]]
8: [[6, 0], [1, 5, 3, 8], [4, 7, 2]]
9: [[6, 0, 8], [1, 5, 3], [4, 7, 2]]
10: [[6, 0, 8], [1, 5], [4, 7, 2, 3]]
11: [[6, 0], [1, 5, 8], [4, 7, 2, 3]]
12: [[6], [1, 5, 8, 0], [4, 7, 2, 3]]
13: [[], [1, 5, 8, 0, 6], [4, 7, 2, 3]]
14: [[3], [1, 5, 8, 0, 6], [4, 7, 2]]
15: [[3, 6], [1, 5, 8, 0], [4, 7, 2]]
16: [[3, 6, 0], [1, 5, 8], [4, 7, 2]]
17: [[3, 6, 0, 2], [1, 5, 8], [4, 7]]
18: [[3, 6, 0, 2], [1, 5], [4, 7, 8]]
--------------------------

The beam width:                  20
The length of solution:          20
The number of nodes expanded:    378
The total CPU time of heuristic: 0.0025170000001040194
The total CPU time of A*:        0.17706300000000397
The type of heuristic:           NonAdimissible
-----------path-----------
1: [[7, 5, 8, 2, 6, 4, 0, 1, 3], [], []]
2: [[7, 5, 8, 2, 6, 4, 0, 1], [3], []]
3: [[7, 5, 8, 2, 6, 4, 0], [3], [1]]
4: [[7, 5, 8, 2, 6, 4, 0], [], [1, 3]]
5: [[7, 5, 8, 2, 6, 4], [0], [1, 3]]
6: [[7, 5, 8, 2, 6], [0], [1, 3, 4]]
7: [[7, 5, 8, 2], [0], [1, 3, 4, 6]]
8: [[7, 5, 8], [0, 2], [1, 3, 4, 6]]
9: [[7, 5], [0, 2], [1, 3, 4, 6, 8]]
10: [[7], [0, 2, 5], [1, 3, 4, 6, 8]]
11: [[], [0, 2, 5, 7], [1, 3, 4, 6, 8]]
12: [[8], [0, 2, 5, 7], [1, 3, 4, 6]]
13: [[8, 7], [0, 2, 5], [1, 3, 4, 6]]
14: [[8, 7, 6], [0, 2, 5], [1, 3, 4]]
15: [[8, 7, 6, 5], [0, 2], [1, 3, 4]]
16: [[8, 7, 6, 5, 4], [0, 2], [1, 3]]
17: [[8, 7, 6, 5, 4, 3], [0, 2], [1]]
18: [[8, 7, 6, 5, 4, 3, 2], [0], [1]]
19: [[8, 7, 6, 5, 4, 3, 2, 1], [0], []]
20: [[8, 7, 6, 5, 4, 3, 2, 1, 0], [], []]
--------------------------

The beam width:                  20
The length of solution:          21
The number of nodes expanded:    626
The total CPU time of heuristic: 0.004369000000089329
The total CPU time of A*:        0.30647499999999894
The type of heuristic:           NonAdimissible
-----------path-----------
1: [[8, 5, 0, 3, 6, 7, 2, 4, 1], [], []]
2: [[8, 5, 0, 3, 6, 7, 2, 4], [1], []]
3: [[8, 5, 0, 3, 6, 7, 2], [1], [4]]
4: [[8, 5, 0, 3, 6, 7], [1, 2], [4]]
5: [[8, 5, 0, 3, 6, 7], [1, 2, 4], []]
6: [[8, 5, 0, 3, 6], [1, 2, 4, 7], []]
7: [[8, 5, 0, 3], [1, 2, 4, 7, 6], []]
8: [[8, 5, 0], [1, 2, 4, 7, 6], [3]]
9: [[8, 5], [1, 2, 4, 7, 6], [3, 0]]
10: [[8], [1, 2, 4, 7, 6], [3, 0, 5]]
11: [[8], [1, 2, 4, 7], [3, 0, 5, 6]]
12: [[8, 7], [1, 2, 4], [3, 0, 5, 6]]
13: [[8, 7, 6], [1, 2, 4], [3, 0, 5]]
14: [[8, 7, 6, 5], [1, 2, 4], [3, 0]]
15: [[8, 7, 6, 5, 4], [1, 2], [3, 0]]
16: [[8, 7, 6, 5, 4], [1, 2, 0], [3]]
17: [[8, 7, 6, 5, 4, 3], [1, 2, 0], []]
18: [[8, 7, 6, 5, 4, 3], [1, 2], [0]]
19: [[8, 7, 6, 5, 4, 3, 2], [1], [0]]
20: [[8, 7, 6, 5, 4, 3, 2, 1], [], [0]]
21: [[8, 7, 6, 5, 4, 3, 2, 1, 0], [], []]
--------------------------

The beam width:                  20
The length of solution:          21
The number of nodes expanded:    296
The total CPU time of heuristic: 0.0020120000000432015
The total CPU time of A*:        0.10892599999999675
The type of heuristic:           NonAdimissible
-----------path-----------
1: [[7, 5, 3, 2, 6, 0, 4, 1, 8], [], []]
2: [[7, 5, 3, 2, 6, 0, 4, 1], [], [8]]
3: [[7, 5, 3, 2, 6, 0, 4], [1], [8]]
4: [[7, 5, 3, 2, 6, 0], [1, 4], [8]]
5: [[7, 5, 3, 2, 6, 0], [1, 4, 8], []]
6: [[7, 5, 3, 2, 6], [1, 4, 8], [0]]
7: [[7, 5, 3, 2], [1, 4, 8, 6], [0]]
8: [[7, 5, 3], [1, 4, 8, 6], [0, 2]]
9: [[7, 5], [1, 4, 8, 6], [0, 2, 3]]
10: [[7], [1, 4, 8, 6], [0, 2, 3, 5]]
11: [[7], [1, 4, 8], [0, 2, 3, 5, 6]]
12: [[], [1, 4, 8], [0, 2, 3, 5, 6, 7]]
13: [[8], [1, 4], [0, 2, 3, 5, 6, 7]]
14: [[8, 7], [1, 4], [0, 2, 3, 5, 6]]
15: [[8, 7, 6], [1, 4], [0, 2, 3, 5]]
16: [[8, 7, 6, 5], [1, 4], [0, 2, 3]]
17: [[8, 7, 6, 5, 4], [1], [0, 2, 3]]
18: [[8, 7, 6, 5, 4, 3], [1], [0, 2]]
19: [[8, 7, 6, 5, 4, 3, 2], [1], [0]]
20: [[8, 7, 6, 5, 4, 3, 2, 1], [], [0]]
21: [[8, 7, 6, 5, 4, 3, 2, 1, 0], [], []]
--------------------------

The beam width:                  20
The length of solution:          16
The number of nodes expanded:    1001
The total CPU time of heuristic: 0.007104000000197175
The total CPU time of A*:        0.7128520000000051
The type of heuristic:           NonAdimissible
-----------path-----------
1: [[0, 1, 4, 8, 2, 6, 7, 3, 5], [], []]
2: [[0, 1, 4, 8, 2, 6, 7, 3], [], [5]]
3: [[0, 1, 4, 8, 2, 6, 7], [], [5, 3]]
4: [[0, 1, 4, 8, 2, 6], [7], [5, 3]]
5: [[0, 1, 4, 8, 2], [7, 6], [5, 3]]
6: [[0, 1, 4, 8, 2, 3], [7, 6], [5]]
7: [[0, 1, 4, 8, 2, 3], [7], [5, 6]]
8: [[0, 1, 4, 8, 2], [7, 3], [5, 6]]
9: [[0, 1, 4, 8], [7, 3], [5, 6, 2]]
10: [[0, 1, 4], [7, 3, 8], [5, 6, 2]]
11: [[0, 1, 4, 2], [7, 3, 8], [5, 6]]
12: [[0, 1, 4, 2, 8], [7, 3], [5, 6]]
13: [[0, 1, 4, 2, 8, 3], [7], [5, 6]]
14: [[0, 1, 4, 2, 8, 3], [], [5, 6, 7]]
15: [[0, 1, 4, 2, 8], [3], [5, 6, 7]]
16: [[0, 1, 4, 2], [3, 8], [5, 6, 7]]
--------------------------

The beam width:                  20
The length of solution:          21
The number of nodes expanded:    465
The total CPU time of heuristic: 0.0030769999998696562
The total CPU time of A*:        0.19420000000000215
The type of heuristic:           NonAdimissible
-----------path-----------
1: [[6, 2, 4, 5, 8, 3, 0, 7, 1], [], []]
2: [[6, 2, 4, 5, 8, 3, 0, 7], [], [1]]
3: [[6, 2, 4, 5, 8, 3, 0], [], [1, 7]]
4: [[6, 2, 4, 5, 8, 3], [0], [1, 7]]
5: [[6, 2, 4, 5, 8], [0, 3], [1, 7]]
6: [[6, 2, 4, 5], [0, 3], [1, 7, 8]]
7: [[6, 2, 4], [0, 3], [1, 7, 8, 5]]
8: [[6, 2], [0, 3, 4], [1, 7, 8, 5]]
9: [[6, 2], [0, 3, 4, 5], [1, 7, 8]]
10: [[6], [0, 3, 4, 5, 2], [1, 7, 8]]
11: [[], [0, 3, 4, 5, 2, 6], [1, 7, 8]]
12: [[8], [0, 3, 4, 5, 2, 6], [1, 7]]
13: [[8, 7], [0, 3, 4, 5, 2, 6], [1]]
14: [[8, 7, 6], [0, 3, 4, 5, 2], [1]]
15: [[8, 7, 6], [0, 3, 4, 5], [1, 2]]
16: [[8, 7, 6, 5], [0, 3, 4], [1, 2]]
17: [[8, 7, 6, 5, 4], [0, 3], [1, 2]]
18: [[8, 7, 6, 5, 4, 3], [0], [1, 2]]
19: [[8, 7, 6, 5, 4, 3, 2], [0], [1]]
20: [[8, 7, 6, 5, 4, 3, 2, 1], [0], []]
21: [[8, 7, 6, 5, 4, 3, 2, 1, 0], [], []]
--------------------------

The beam width:                  20
The length of solution:          25
The number of nodes expanded:    687
The total CPU time of heuristic: 0.004936000000242302
The total CPU time of A*:        0.39341299999999535
The type of heuristic:           NonAdimissible
-----------path-----------
1: [[5, 1, 3, 8, 2, 0, 4, 7, 6], [], []]
2: [[5, 1, 3, 8, 2, 0, 4, 7], [], [6]]
3: [[5, 1, 3, 8, 2, 0, 4], [], [6, 7]]
4: [[5, 1, 3, 8, 2, 0], [], [6, 7, 4]]
5: [[5, 1, 3, 8, 2], [0], [6, 7, 4]]
6: [[5, 1, 3, 8], [0, 2], [6, 7, 4]]
7: [[5, 1, 3], [0, 2, 8], [6, 7, 4]]
8: [[5, 1], [0, 2, 8, 3], [6, 7, 4]]
9: [[5, 1, 4], [0, 2, 8, 3], [6, 7]]
10: [[5, 1, 4, 3], [0, 2, 8], [6, 7]]
11: [[5, 1, 4, 3], [0, 2], [6, 7, 8]]
12: [[5, 1, 4], [0, 2, 3], [6, 7, 8]]
13: [[5, 1], [0, 2, 3, 4], [6, 7, 8]]
14: [[5], [0, 2, 3, 4, 1], [6, 7, 8]]
15: [[], [0, 2, 3, 4, 1, 5], [6, 7, 8]]
16: [[8], [0, 2, 3, 4, 1, 5], [6, 7]]
17: [[8, 7], [0, 2, 3, 4, 1, 5], [6]]
18: [[8, 7, 6], [0, 2, 3, 4, 1, 5], []]
19: [[8, 7, 6, 5], [0, 2, 3, 4, 1], []]
20: [[8, 7, 6, 5], [0, 2, 3, 4], [1]]
21: [[8, 7, 6, 5, 4], [0, 2, 3], [1]]
22: [[8, 7, 6, 5, 4, 3], [0, 2], [1]]
23: [[8, 7, 6, 5, 4, 3, 2], [0], [1]]
24: [[8, 7, 6, 5, 4, 3, 2, 1], [0], []]
25: [[8, 7, 6, 5, 4, 3, 2, 1, 0], [], []]
--------------------------

The beam width:                  20
The length of solution:          28
The number of nodes expanded:    890
The total CPU time of heuristic: 0.006268999999988978
The total CPU time of A*:        0.6028889999999905
The type of heuristic:           NonAdimissible
-----------path-----------
1: [[6, 2, 1, 3, 4, 5, 7, 8, 0], [], []]
2: [[6, 2, 1, 3, 4, 5, 7, 8], [], [0]]
3: [[6, 2, 1, 3, 4, 5, 7], [8], [0]]
4: [[6, 2, 1, 3, 4, 5], [8, 7], [0]]
5: [[6, 2, 1, 3, 4], [8, 7], [0, 5]]
6: [[6, 2, 1, 3, 4], [8], [0, 5, 7]]
7: [[6, 2, 1, 3], [8, 4], [0, 5, 7]]
8: [[6, 2, 1], [8, 4], [0, 5, 7, 3]]
9: [[6, 2, 1, 4], [8], [0, 5, 7, 3]]
10: [[6, 2, 1, 4, 3], [8], [0, 5, 7]]
11: [[6, 2, 1, 4, 3], [], [0, 5, 7, 8]]
12: [[6, 2, 1, 4], [3], [0, 5, 7, 8]]
13: [[6, 2, 1], [3, 4], [0, 5, 7, 8]]
14: [[6, 2], [3, 4, 1], [0, 5, 7, 8]]
15: [[6], [3, 4, 1, 2], [0, 5, 7, 8]]
16: [[], [3, 4, 1, 2, 6], [0, 5, 7, 8]]
17: [[8], [3, 4, 1, 2, 6], [0, 5, 7]]
18: [[8, 7], [3, 4, 1, 2, 6], [0, 5]]
19: [[8, 7, 6], [3, 4, 1, 2], [0, 5]]
20: [[8, 7, 6, 5], [3, 4, 1, 2], [0]]
21: [[8, 7, 6, 5, 2], [3, 4, 1], [0]]
22: [[8, 7, 6, 5, 2], [3, 4], [0, 1]]
23: [[8, 7, 6, 5], [3, 4], [0, 1, 2]]
24: [[8, 7, 6, 5, 4], [3], [0, 1, 2]]
25: [[8, 7, 6, 5, 4, 3], [], [0, 1, 2]]
26: [[8, 7, 6, 5, 4, 3, 2], [], [0, 1]]
27: [[8, 7, 6, 5, 4, 3, 2, 1], [], [0]]
28: [[8, 7, 6, 5, 4, 3, 2, 1, 0], [], []]
--------------------------

The beam width:                  20
The length of solution:          23
The number of nodes expanded:    707
The total CPU time of heuristic: 0.005020000000001801
The total CPU time of A*:        0.3796260000000018
The type of heuristic:           NonAdimissible
-----------path-----------
1: [[8, 4, 0, 6, 2, 1, 7, 5, 3], [], []]
2: [[8, 4, 0, 6, 2, 1, 7, 5], [], [3]]
3: [[8, 4, 0, 6, 2, 1, 7], [], [3, 5]]
4: [[8, 4, 0, 6, 2, 1], [], [3, 5, 7]]
5: [[8, 4, 0, 6, 2], [1], [3, 5, 7]]
6: [[8, 4, 0, 6], [1, 2], [3, 5, 7]]
7: [[8, 4, 0], [1, 2, 6], [3, 5, 7]]
8: [[8, 4], [1, 2, 6, 0], [3, 5, 7]]
9: [[8], [1, 2, 6, 0, 4], [3, 5, 7]]
10: [[8, 7], [1, 2, 6, 0, 4], [3, 5]]
11: [[8, 7, 4], [1, 2, 6, 0], [3, 5]]
12: [[8, 7, 4, 0], [1, 2, 6], [3, 5]]
13: [[8, 7, 4, 0], [1, 2], [3, 5, 6]]
14: [[8, 7, 4], [1, 2, 0], [3, 5, 6]]
15: [[8, 7], [1, 2, 0, 4], [3, 5, 6]]
16: [[8, 7, 6], [1, 2, 0, 4], [3, 5]]
17: [[8, 7, 6, 5], [1, 2, 0, 4], [3]]
18: [[8, 7, 6, 5, 4], [1, 2, 0], [3]]
19: [[8, 7, 6, 5, 4, 3], [1, 2, 0], []]
20: [[8, 7, 6, 5, 4, 3], [1, 2], [0]]
21: [[8, 7, 6, 5, 4, 3, 2], [1], [0]]
22: [[8, 7, 6, 5, 4, 3, 2, 1], [], [0]]
23: [[8, 7, 6, 5, 4, 3, 2, 1, 0], [], []]
--------------------------

The beam width:                  20
The length of solution:          26
The number of nodes expanded:    975
The total CPU time of heuristic: 0.007110000000110972
The total CPU time of A*:        0.6884259999999927
The type of heuristic:           NonAdimissible
-----------path-----------
1: [[2, 1, 8, 5, 6, 7, 3, 0, 4], [], []]
2: [[2, 1, 8, 5, 6, 7, 3, 0], [], [4]]
3: [[2, 1, 8, 5, 6, 7, 3], [0], [4]]
4: [[2, 1, 8, 5, 6, 7, 3], [0, 4], []]
5: [[2, 1, 8, 5, 6, 7], [0, 4], [3]]
6: [[2, 1, 8, 5, 6], [0, 4, 7], [3]]
7: [[2, 1, 8, 5], [0, 4, 7, 6], [3]]
8: [[2, 1, 8], [0, 4, 7, 6], [3, 5]]
9: [[2, 1], [0, 4, 7, 6, 8], [3, 5]]
10: [[2], [0, 4, 7, 6, 8], [3, 5, 1]]
11: [[], [0, 4, 7, 6, 8], [3, 5, 1, 2]]
12: [[8], [0, 4, 7, 6], [3, 5, 1, 2]]
13: [[8], [0, 4, 7], [3, 5, 1, 2, 6]]
14: [[8, 7], [0, 4], [3, 5, 1, 2, 6]]
15: [[8, 7, 6], [0, 4], [3, 5, 1, 2]]
16: [[8, 7, 6, 4], [0], [3, 5, 1, 2]]
17: [[8, 7, 6, 4, 2], [0], [3, 5, 1]]
18: [[8, 7, 6, 4, 2], [0, 1], [3, 5]]
19: [[8, 7, 6, 4], [0, 1, 2], [3, 5]]
20: [[8, 7, 6], [0, 1, 2, 4], [3, 5]]
21: [[8, 7, 6, 5], [0, 1, 2, 4], [3]]
22: [[8, 7, 6, 5, 4], [0, 1, 2], [3]]
23: [[8, 7, 6, 5, 4, 3], [0, 1, 2], []]
24: [[8, 7, 6, 5, 4, 3, 2], [0, 1], []]
25: [[8, 7, 6, 5, 4, 3, 2, 1], [0], []]
26: [[8, 7, 6, 5, 4, 3, 2, 1, 0], [], []]
--------------------------

The beam width:                  20
The length of solution:          25
The number of nodes expanded:    1002
The total CPU time of heuristic: 0.006882000000189237
The total CPU time of A*:        0.7274850000000015
The type of heuristic:           NonAdimissible
-----------path-----------
1: [[7, 5, 0, 3, 1, 4, 6, 8, 2], [], []]
2: [[7, 5, 0, 3, 1, 4, 6, 8], [2], []]
3: [[7, 5, 0, 3, 1, 4, 6], [2], [8]]
4: [[7, 5, 0, 3, 1, 4], [2, 6], [8]]
5: [[7, 5, 0, 3, 1, 4], [2, 6, 8], []]
6: [[7, 5, 0, 3, 1], [2, 6, 8, 4], []]
7: [[7, 5, 0, 3], [2, 6, 8, 4], [1]]
8: [[7, 5, 0], [2, 6, 8, 4], [1, 3]]
9: [[7, 5, 0], [2, 6, 8], [1, 3, 4]]
10: [[7, 5], [2, 6, 8, 0], [1, 3, 4]]
11: [[7], [2, 6, 8, 0], [1, 3, 4, 5]]
12: [[], [2, 6, 8, 0], [1, 3, 4, 5, 7]]
13: [[0], [2, 6, 8], [1, 3, 4, 5, 7]]
14: [[0], [2, 6], [1, 3, 4, 5, 7, 8]]
15: [[], [2, 6, 0], [1, 3, 4, 5, 7, 8]]
16: [[8], [2, 6, 0], [1, 3, 4, 5, 7]]
17: [[8, 7], [2, 6, 0], [1, 3, 4, 5]]
18: [[8, 7, 0], [2, 6], [1, 3, 4, 5]]
19: [[8, 7, 0], [2], [1, 3, 4, 5, 6]]
20: [[8, 7], [2, 0], [1, 3, 4, 5, 6]]
21: [[8, 7, 6], [2, 0], [1, 3, 4, 5]]
22: [[8, 7, 6, 5], [2, 0], [1, 3, 4]]
23: [[8, 7, 6, 5, 4], [2, 0], [1, 3]]
24: [[8, 7, 6, 5, 4, 0], [2], [1, 3]]
25: [[8, 7, 6, 5, 4, 0], [2, 3], [1]]
--------------------------

The beam width:                  20
The length of solution:          18
The number of nodes expanded:    1003
The total CPU time of heuristic: 0.00695600000008767
The total CPU time of A*:        0.6712389999999857
The type of heuristic:           NonAdimissible
-----------path-----------
1: [[8, 0, 1, 3, 7, 5, 4, 6, 2], [], []]
2: [[8, 0, 1, 3, 7, 5, 4, 6], [], [2]]
3: [[8, 0, 1, 3, 7, 5, 4], [6], [2]]
4: [[8, 0, 1, 3, 7, 5], [6, 4], [2]]
5: [[8, 0, 1, 3, 7], [6, 4], [2, 5]]
6: [[8, 0, 1, 3], [6, 4, 7], [2, 5]]
7: [[8, 0, 1], [6, 4, 7], [2, 5, 3]]
8: [[8, 0, 1, 7], [6, 4], [2, 5, 3]]
9: [[8, 0, 1, 7, 4], [6], [2, 5, 3]]
10: [[8, 0, 1, 7, 4, 3], [6], [2, 5]]
11: [[8, 0, 1, 7, 4, 3], [], [2, 5, 6]]
12: [[8, 0, 1, 7, 4], [3], [2, 5, 6]]
13: [[8, 0, 1, 7], [3, 4], [2, 5, 6]]
14: [[8, 0, 1], [3, 4], [2, 5, 6, 7]]
15: [[8, 0], [3, 4, 1], [2, 5, 6, 7]]
16: [[8], [3, 4, 1], [2, 5, 6, 7, 0]]
17: [[8, 1], [3, 4], [2, 5, 6, 7, 0]]
18: [[8, 1, 0], [3, 4], [2, 5, 6, 7]]
--------------------------

The beam width:                  20
The length of solution:          18
The number of nodes expanded:    1001
The total CPU time of heuristic: 0.006827000000370731
The total CPU time of A*:        0.6958819999999974
The type of heuristic:           NonAdimissible
-----------path-----------
1: [[3, 2, 5, 6, 4, 0, 8, 7, 1], [], []]
2: [[3, 2, 5, 6, 4, 0, 8, 7], [1], []]
3: [[3, 2, 5, 6, 4, 0, 8], [1, 7], []]
4: [[3, 2, 5, 6, 4, 0], [1, 7, 8], []]
5: [[3, 2, 5, 6, 4], [1, 7, 8], [0]]
6: [[3, 2, 5, 6], [1, 7, 8, 4], [0]]
7: [[3, 2, 5], [1, 7, 8, 4], [0, 6]]
8: [[3, 2], [1, 7, 8, 4, 5], [0, 6]]
9: [[3], [1, 7, 8, 4, 5], [0, 6, 2]]
10: [[], [1, 7, 8, 4, 5], [0, 6, 2, 3]]
11: [[5], [1, 7, 8, 4], [0, 6, 2, 3]]
12: [[5, 4], [1, 7, 8], [0, 6, 2, 3]]
13: [[5, 4, 3], [1, 7, 8], [0, 6, 2]]
14: [[5, 4, 3, 2], [1, 7, 8], [0, 6]]
15: [[5, 4, 3, 2], [1, 7], [0, 6, 8]]
16: [[5, 4, 3], [1, 7, 2], [0, 6, 8]]
17: [[5, 4], [1, 7, 2, 3], [0, 6, 8]]
18: [[5], [1, 7, 2, 3, 4], [0, 6, 8]]
--------------------------

The beam width:                  20
The length of solution:          23
The number of nodes expanded:    546
The total CPU time of heuristic: 0.0035450000002157367
The total CPU time of A*:        0.2646260000000069
The type of heuristic:           NonAdimissible
-----------path-----------
1: [[7, 5, 0, 8, 2, 4, 1, 6, 3], [], []]
2: [[7, 5, 0, 8, 2, 4, 1, 6], [], [3]]
3: [[7, 5, 0, 8, 2, 4, 1], [], [3, 6]]
4: [[7, 5, 0, 8, 2, 4], [1], [3, 6]]
5: [[7, 5, 0, 8, 2], [1], [3, 6, 4]]
6: [[7, 5, 0, 8], [1, 2], [3, 6, 4]]
7: [[7, 5, 0, 8], [1, 2, 4], [3, 6]]
8: [[7, 5, 0], [1, 2, 4], [3, 6, 8]]
9: [[7, 5], [1, 2, 4, 0], [3, 6, 8]]
10: [[7], [1, 2, 4, 0, 5], [3, 6, 8]]
11: [[], [1, 2, 4, 0, 5, 7], [3, 6, 8]]
12: [[8], [1, 2, 4, 0, 5, 7], [3, 6]]
13: [[8, 7], [1, 2, 4, 0, 5], [3, 6]]
14: [[8, 7, 6], [1, 2, 4, 0, 5], [3]]
15: [[8, 7, 6, 5], [1, 2, 4, 0], [3]]
16: [[8, 7, 6, 5], [1, 2, 4], [3, 0]]
17: [[8, 7, 6, 5, 4], [1, 2], [3, 0]]
18: [[8, 7, 6, 5, 4], [1, 2, 0], [3]]
19: [[8, 7, 6, 5, 4, 3], [1, 2, 0], []]
20: [[8, 7, 6, 5, 4, 3], [1, 2], [0]]
21: [[8, 7, 6, 5, 4, 3, 2], [1], [0]]
22: [[8, 7, 6, 5, 4, 3, 2, 1], [], [0]]
23: [[8, 7, 6, 5, 4, 3, 2, 1, 0], [], []]
--------------------------

The beam width:                  20
The length of solution:          21
The number of nodes expanded:    496
The total CPU time of heuristic: 0.0035120000000006257
The total CPU time of A*:        0.22526999999999475
The type of heuristic:           NonAdimissible
-----------path-----------
1: [[6, 5, 0, 2, 1, 8, 7, 3, 4], [], []]
2: [[6, 5, 0, 2, 1, 8, 7, 3], [4], []]
3: [[6, 5, 0, 2, 1, 8, 7], [4], [3]]
4: [[6, 5, 0, 2, 1, 8, 7], [], [3, 4]]
5: [[6, 5, 0, 2, 1, 8], [], [3, 4, 7]]
6: [[6, 5, 0, 2, 1], [], [3, 4, 7, 8]]
7: [[6, 5, 0, 2], [1], [3, 4, 7, 8]]
8: [[6, 5, 0], [1, 2], [3, 4, 7, 8]]
9: [[6, 5], [1, 2, 0], [3, 4, 7, 8]]
10: [[6], [1, 2, 0, 5], [3, 4, 7, 8]]
11: [[], [1, 2, 0, 5, 6], [3, 4, 7, 8]]
12: [[8], [1, 2, 0, 5, 6], [3, 4, 7]]
13: [[8, 7], [1, 2, 0, 5, 6], [3, 4]]
14: [[8, 7, 6], [1, 2, 0, 5], [3, 4]]
15: [[8, 7, 6, 5], [1, 2, 0], [3, 4]]
16: [[8, 7, 6, 5, 4], [1, 2, 0], [3]]
17: [[8, 7, 6, 5, 4, 3], [1, 2, 0], []]
18: [[8, 7, 6, 5, 4, 3], [1, 2], [0]]
19: [[8, 7, 6, 5, 4, 3, 2], [1], [0]]
20: [[8, 7, 6, 5, 4, 3, 2, 1], [], [0]]
21: [[8, 7, 6, 5, 4, 3, 2, 1, 0], [], []]
--------------------------

The beam width:                  20
The length of solution:          29
The number of nodes expanded:    943
The total CPU time of heuristic: 0.006908999999993171
The total CPU time of A*:        0.672663
The type of heuristic:           NonAdimissible
-----------path-----------
1: [[1, 4, 6, 8, 2, 3, 0, 7, 5], [], []]
2: [[1, 4, 6, 8, 2, 3, 0, 7], [], [5]]
3: [[1, 4, 6, 8, 2, 3, 0], [], [5, 7]]
4: [[1, 4, 6, 8, 2, 3], [0], [5, 7]]
5: [[1, 4, 6, 8, 2], [0], [5, 7, 3]]
6: [[1, 4, 6, 8], [0, 2], [5, 7, 3]]
7: [[1, 4, 6, 8], [0, 2, 3], [5, 7]]
8: [[1, 4, 6], [0, 2, 3, 8], [5, 7]]
9: [[1, 4], [0, 2, 3, 8, 6], [5, 7]]
10: [[1], [0, 2, 3, 8, 6], [5, 7, 4]]
11: [[1, 6], [0, 2, 3, 8], [5, 7, 4]]
12: [[1, 6, 4], [0, 2, 3, 8], [5, 7]]
13: [[1, 6, 4], [0, 2, 3], [5, 7, 8]]
14: [[1, 6], [0, 2, 3, 4], [5, 7, 8]]
15: [[1], [0, 2, 3, 4, 6], [5, 7, 8]]
16: [[], [0, 2, 3, 4, 6, 1], [5, 7, 8]]
17: [[8], [0, 2, 3, 4, 6, 1], [5, 7]]
18: [[8, 7], [0, 2, 3, 4, 6, 1], [5]]
19: [[8, 7, 1], [0, 2, 3, 4, 6], [5]]
20: [[8, 7, 1], [0, 2, 3, 4], [5, 6]]
21: [[8, 7], [0, 2, 3, 4, 1], [5, 6]]
22: [[8, 7, 6], [0, 2, 3, 4, 1], [5]]
23: [[8, 7, 6, 5], [0, 2, 3, 4, 1], []]
24: [[8, 7, 6, 5], [0, 2, 3, 4], [1]]
25: [[8, 7, 6, 5, 4], [0, 2, 3], [1]]
26: [[8, 7, 6, 5, 4, 3], [0, 2], [1]]
27: [[8, 7, 6, 5, 4, 3, 2], [0], [1]]
28: [[8, 7, 6, 5, 4, 3, 2, 1], [0], []]
29: [[8, 7, 6, 5, 4, 3, 2, 1, 0], [], []]
--------------------------

