The beam width:                  20
The length of solution:          19
The number of nodes expanded:    362
The total CPU time of heuristic: 0.0025659999999163574
The total CPU time of A*:        0.13915700000000442
The type of heuristic:           NonAdimissible
-----------path-----------
1: [[2, 1, 0, 4, 3, 5, 6], [], []]
2: [[2, 1, 0, 4, 3, 5], [], [6]]
3: [[2, 1, 0, 4, 3], [5], [6]]
4: [[2, 1, 0, 4, 3], [5, 6], []]
5: [[2, 1, 0, 4], [5, 6, 3], []]
6: [[2, 1, 0], [5, 6, 3, 4], []]
7: [[2, 1], [5, 6, 3, 4], [0]]
8: [[2], [5, 6, 3, 4], [0, 1]]
9: [[], [5, 6, 3, 4], [0, 1, 2]]
10: [[4], [5, 6, 3], [0, 1, 2]]
11: [[4], [5, 6], [0, 1, 2, 3]]
12: [[], [5, 6], [0, 1, 2, 3, 4]]
13: [[6], [5], [0, 1, 2, 3, 4]]
14: [[6, 5], [], [0, 1, 2, 3, 4]]
15: [[6, 5, 4], [], [0, 1, 2, 3]]
16: [[6, 5, 4, 3], [], [0, 1, 2]]
17: [[6, 5, 4, 3, 2], [], [0, 1]]
18: [[6, 5, 4, 3, 2, 1], [], [0]]
19: [[6, 5, 4, 3, 2, 1, 0], [], []]
--------------------------

The beam width:                  20
The length of solution:          21
The number of nodes expanded:    653
The total CPU time of heuristic: 0.004545000000199195
The total CPU time of A*:        0.34922400000000664
The type of heuristic:           NonAdimissible
-----------path-----------
1: [[1, 2, 5, 6, 3, 0, 4], [], []]
2: [[1, 2, 5, 6, 3, 0], [4], []]
3: [[1, 2, 5, 6, 3], [4], [0]]
4: [[1, 2, 5, 6], [4], [0, 3]]
5: [[1, 2, 5, 6], [], [0, 3, 4]]
6: [[1, 2, 5], [6], [0, 3, 4]]
7: [[1, 2], [6], [0, 3, 4, 5]]
8: [[1], [6, 2], [0, 3, 4, 5]]
9: [[], [6, 2], [0, 3, 4, 5, 1]]
10: [[2], [6], [0, 3, 4, 5, 1]]
11: [[2, 1], [6], [0, 3, 4, 5]]
12: [[2, 1], [], [0, 3, 4, 5, 6]]
13: [[2], [1], [0, 3, 4, 5, 6]]
14: [[], [1, 2], [0, 3, 4, 5, 6]]
15: [[6], [1, 2], [0, 3, 4, 5]]
16: [[6, 5], [1, 2], [0, 3, 4]]
17: [[6, 5, 4], [1, 2], [0, 3]]
18: [[6, 5, 4, 3], [1, 2], [0]]
19: [[6, 5, 4, 3, 2], [1], [0]]
20: [[6, 5, 4, 3, 2, 1], [], [0]]
21: [[6, 5, 4, 3, 2, 1, 0], [], []]
--------------------------

The beam width:                  20
The length of solution:          16
The number of nodes expanded:    286
The total CPU time of heuristic: 0.0018380000001272379
The total CPU time of A*:        0.09873400000000032
The type of heuristic:           NonAdimissible
-----------path-----------
1: [[5, 6, 0, 3, 4, 2, 1], [], []]
2: [[5, 6, 0, 3, 4, 2], [1], []]
3: [[5, 6, 0, 3, 4], [1, 2], []]
4: [[5, 6, 0, 3], [1, 2, 4], []]
5: [[5, 6, 0], [1, 2, 4, 3], []]
6: [[5, 6], [1, 2, 4, 3], [0]]
7: [[5, 6], [1, 2, 4], [0, 3]]
8: [[5], [1, 2, 4], [0, 3, 6]]
9: [[], [1, 2, 4, 5], [0, 3, 6]]
10: [[6], [1, 2, 4, 5], [0, 3]]
11: [[6, 5], [1, 2, 4], [0, 3]]
12: [[6, 5, 4], [1, 2], [0, 3]]
13: [[6, 5, 4, 3], [1, 2], [0]]
14: [[6, 5, 4, 3, 2], [1], [0]]
15: [[6, 5, 4, 3, 2, 1], [], [0]]
16: [[6, 5, 4, 3, 2, 1, 0], [], []]
--------------------------

The beam width:                  20
The length of solution:          16
The number of nodes expanded:    292
The total CPU time of heuristic: 0.001765000000027328
The total CPU time of A*:        0.09321900000000483
The type of heuristic:           NonAdimissible
-----------path-----------
1: [[2, 4, 6, 3, 1, 5, 0], [], []]
2: [[2, 4, 6, 3, 1, 5], [], [0]]
3: [[2, 4, 6, 3, 1], [], [0, 5]]
4: [[2, 4, 6, 3], [1], [0, 5]]
5: [[2, 4, 6], [1, 3], [0, 5]]
6: [[2, 4], [1, 3], [0, 5, 6]]
7: [[2], [1, 3, 4], [0, 5, 6]]
8: [[], [1, 3, 4, 2], [0, 5, 6]]
9: [[6], [1, 3, 4, 2], [0, 5]]
10: [[6, 5], [1, 3, 4, 2], [0]]
11: [[6, 5], [1, 3, 4], [0, 2]]
12: [[6, 5, 4], [1, 3], [0, 2]]
13: [[6, 5, 4, 3], [1], [0, 2]]
14: [[6, 5, 4, 3, 2], [1], [0]]
15: [[6, 5, 4, 3, 2, 1], [], [0]]
16: [[6, 5, 4, 3, 2, 1, 0], [], []]
--------------------------

The beam width:                  20
The length of solution:          16
The number of nodes expanded:    272
The total CPU time of heuristic: 0.00204499999996699
The total CPU time of A*:        0.1052880000000016
The type of heuristic:           NonAdimissible
-----------path-----------
1: [[4, 6, 2, 3, 0, 5, 1], [], []]
2: [[4, 6, 2, 3, 0, 5], [1], []]
3: [[4, 6, 2, 3, 0], [1, 5], []]
4: [[4, 6, 2, 3], [1, 5], [0]]
5: [[4, 6, 2], [1, 5, 3], [0]]
6: [[4, 6], [1, 5, 3], [0, 2]]
7: [[4, 6], [1, 5], [0, 2, 3]]
8: [[4], [1, 5, 6], [0, 2, 3]]
9: [[], [1, 5, 6], [0, 2, 3, 4]]
10: [[6], [1, 5], [0, 2, 3, 4]]
11: [[6, 5], [1], [0, 2, 3, 4]]
12: [[6, 5, 4], [1], [0, 2, 3]]
13: [[6, 5, 4, 3], [1], [0, 2]]
14: [[6, 5, 4, 3, 2], [1], [0]]
15: [[6, 5, 4, 3, 2, 1], [], [0]]
16: [[6, 5, 4, 3, 2, 1, 0], [], []]
--------------------------

The beam width:                  20
The length of solution:          17
The number of nodes expanded:    240
The total CPU time of heuristic: 0.0016350000000073805
The total CPU time of A*:        0.07553099999999802
The type of heuristic:           NonAdimissible
-----------path-----------
1: [[5, 2, 1, 3, 4, 0, 6], [], []]
2: [[5, 2, 1, 3, 4, 0], [], [6]]
3: [[5, 2, 1, 3, 4], [0], [6]]
4: [[5, 2, 1, 3], [0, 4], [6]]
5: [[5, 2, 1, 3], [0, 4, 6], []]
6: [[5, 2, 1], [0, 4, 6, 3], []]
7: [[5, 2], [0, 4, 6, 3], [1]]
8: [[5], [0, 4, 6, 3], [1, 2]]
9: [[5], [0, 4, 6], [1, 2, 3]]
10: [[], [0, 4, 6], [1, 2, 3, 5]]
11: [[6], [0, 4], [1, 2, 3, 5]]
12: [[6, 5], [0, 4], [1, 2, 3]]
13: [[6, 5, 4], [0], [1, 2, 3]]
14: [[6, 5, 4, 3], [0], [1, 2]]
15: [[6, 5, 4, 3, 2], [0], [1]]
16: [[6, 5, 4, 3, 2, 1], [0], []]
17: [[6, 5, 4, 3, 2, 1, 0], [], []]
--------------------------

The beam width:                  20
The length of solution:          21
The number of nodes expanded:    525
The total CPU time of heuristic: 0.00392199999995313
The total CPU time of A*:        0.2486250000000041
The type of heuristic:           NonAdimissible
-----------path-----------
1: [[3, 1, 0, 5, 2, 4, 6], [], []]
2: [[3, 1, 0, 5, 2, 4], [], [6]]
3: [[3, 1, 0, 5, 2], [], [6, 4]]
4: [[3, 1, 0, 5], [2], [6, 4]]
5: [[3, 1, 0, 5], [2, 4], [6]]
6: [[3, 1, 0], [2, 4, 5], [6]]
7: [[3, 1], [2, 4, 5, 0], [6]]
8: [[3], [2, 4, 5, 0, 1], [6]]
9: [[], [2, 4, 5, 0, 1, 3], [6]]
10: [[6], [2, 4, 5, 0, 1, 3], []]
11: [[6, 3], [2, 4, 5, 0, 1], []]
12: [[6, 3, 1], [2, 4, 5, 0], []]
13: [[6, 3, 1], [2, 4, 5], [0]]
14: [[6, 3], [2, 4, 5], [0, 1]]
15: [[6], [2, 4, 5], [0, 1, 3]]
16: [[6, 5], [2, 4], [0, 1, 3]]
17: [[6, 5, 4], [2], [0, 1, 3]]
18: [[6, 5, 4, 3], [2], [0, 1]]
19: [[6, 5, 4, 3, 2], [], [0, 1]]
20: [[6, 5, 4, 3, 2, 1], [], [0]]
21: [[6, 5, 4, 3, 2, 1, 0], [], []]
--------------------------

The beam width:                  20
The length of solution:          19
The number of nodes expanded:    441
The total CPU time of heuristic: 0.0030360000001792287
The total CPU time of A*:        0.1846140000000034
The type of heuristic:           NonAdimissible
-----------path-----------
1: [[4, 1, 0, 6, 2, 3, 5], [], []]
2: [[4, 1, 0, 6, 2, 3], [5], []]
3: [[4, 1, 0, 6, 2], [5], [3]]
4: [[4, 1, 0, 6, 2], [], [3, 5]]
5: [[4, 1, 0, 6], [2], [3, 5]]
6: [[4, 1, 0], [2], [3, 5, 6]]
7: [[4, 1], [2, 0], [3, 5, 6]]
8: [[4], [2, 0, 1], [3, 5, 6]]
9: [[], [2, 0, 1, 4], [3, 5, 6]]
10: [[6], [2, 0, 1, 4], [3, 5]]
11: [[6, 5], [2, 0, 1, 4], [3]]
12: [[6, 5, 4], [2, 0, 1], [3]]
13: [[6, 5, 4, 3], [2, 0, 1], []]
14: [[6, 5, 4, 3, 1], [2, 0], []]
15: [[6, 5, 4, 3, 1], [2], [0]]
16: [[6, 5, 4, 3], [2], [0, 1]]
17: [[6, 5, 4, 3, 2], [], [0, 1]]
18: [[6, 5, 4, 3, 2, 1], [], [0]]
19: [[6, 5, 4, 3, 2, 1, 0], [], []]
--------------------------

The beam width:                  20
The length of solution:          19
The number of nodes expanded:    453
The total CPU time of heuristic: 0.0030599999998699445
The total CPU time of A*:        0.18840000000000856
The type of heuristic:           NonAdimissible
-----------path-----------
1: [[0, 3, 5, 4, 2, 1, 6], [], []]
2: [[0, 3, 5, 4, 2, 1], [6], []]
3: [[0, 3, 5, 4, 2], [6], [1]]
4: [[0, 3, 5, 4], [6], [1, 2]]
5: [[0, 3, 5], [6], [1, 2, 4]]
6: [[0, 3], [6], [1, 2, 4, 5]]
7: [[0, 3], [], [1, 2, 4, 5, 6]]
8: [[0], [3], [1, 2, 4, 5, 6]]
9: [[], [3, 0], [1, 2, 4, 5, 6]]
10: [[6], [3, 0], [1, 2, 4, 5]]
11: [[6, 5], [3, 0], [1, 2, 4]]
12: [[6, 5, 4], [3, 0], [1, 2]]
13: [[6, 5, 4, 0], [3], [1, 2]]
14: [[6, 5, 4, 0], [], [1, 2, 3]]
15: [[6, 5, 4], [0], [1, 2, 3]]
16: [[6, 5, 4, 3], [0], [1, 2]]
17: [[6, 5, 4, 3, 2], [0], [1]]
18: [[6, 5, 4, 3, 2, 1], [0], []]
19: [[6, 5, 4, 3, 2, 1, 0], [], []]
--------------------------

The beam width:                  20
The length of solution:          17
The number of nodes expanded:    281
The total CPU time of heuristic: 0.0017429999999976076
The total CPU time of A*:        0.08655899999999406
The type of heuristic:           NonAdimissible
-----------path-----------
1: [[1, 3, 0, 6, 4, 2, 5], [], []]
2: [[1, 3, 0, 6, 4, 2], [], [5]]
3: [[1, 3, 0, 6, 4], [2], [5]]
4: [[1, 3, 0, 6], [2, 4], [5]]
5: [[1, 3, 0, 6], [2, 4, 5], []]
6: [[1, 3, 0], [2, 4, 5, 6], []]
7: [[1, 3], [2, 4, 5, 6], [0]]
8: [[1], [2, 4, 5, 6, 3], [0]]
9: [[], [2, 4, 5, 6, 3], [0, 1]]
10: [[], [2, 4, 5, 6], [0, 1, 3]]
11: [[6], [2, 4, 5], [0, 1, 3]]
12: [[6, 5], [2, 4], [0, 1, 3]]
13: [[6, 5, 4], [2], [0, 1, 3]]
14: [[6, 5, 4, 3], [2], [0, 1]]
15: [[6, 5, 4, 3, 2], [], [0, 1]]
16: [[6, 5, 4, 3, 2, 1], [], [0]]
17: [[6, 5, 4, 3, 2, 1, 0], [], []]
--------------------------

The beam width:                  20
The length of solution:          16
The number of nodes expanded:    332
The total CPU time of heuristic: 0.0023009999999814568
The total CPU time of A*:        0.1146359999999973
The type of heuristic:           NonAdimissible
-----------path-----------
1: [[3, 2, 0, 6, 1, 5, 4], [], []]
2: [[3, 2, 0, 6, 1, 5], [], [4]]
3: [[3, 2, 0, 6, 1], [], [4, 5]]
4: [[3, 2, 0, 6], [1], [4, 5]]
5: [[3, 2, 0], [1], [4, 5, 6]]
6: [[3, 2], [1, 0], [4, 5, 6]]
7: [[3], [1, 0, 2], [4, 5, 6]]
8: [[], [1, 0, 2, 3], [4, 5, 6]]
9: [[6], [1, 0, 2, 3], [4, 5]]
10: [[6, 5], [1, 0, 2, 3], [4]]
11: [[6, 5, 4], [1, 0, 2, 3], []]
12: [[6, 5, 4, 3], [1, 0, 2], []]
13: [[6, 5, 4, 3, 2], [1, 0], []]
14: [[6, 5, 4, 3, 2], [1], [0]]
15: [[6, 5, 4, 3, 2, 1], [], [0]]
16: [[6, 5, 4, 3, 2, 1, 0], [], []]
--------------------------

The beam width:                  20
The length of solution:          17
The number of nodes expanded:    280
The total CPU time of heuristic: 0.002029999999948018
The total CPU time of A*:        0.09835299999999592
The type of heuristic:           NonAdimissible
-----------path-----------
1: [[4, 0, 3, 1, 2, 6, 5], [], []]
2: [[4, 0, 3, 1, 2, 6], [], [5]]
3: [[4, 0, 3, 1, 2], [], [5, 6]]
4: [[4, 0, 3, 1], [], [5, 6, 2]]
5: [[4, 0, 3], [1], [5, 6, 2]]
6: [[4, 0, 3], [1, 2], [5, 6]]
7: [[4, 0], [1, 2, 3], [5, 6]]
8: [[4], [1, 2, 3, 0], [5, 6]]
9: [[], [1, 2, 3, 0, 4], [5, 6]]
10: [[6], [1, 2, 3, 0, 4], [5]]
11: [[6, 5], [1, 2, 3, 0, 4], []]
12: [[6, 5, 4], [1, 2, 3, 0], []]
13: [[6, 5, 4], [1, 2, 3], [0]]
14: [[6, 5, 4, 3], [1, 2], [0]]
15: [[6, 5, 4, 3, 2], [1], [0]]
16: [[6, 5, 4, 3, 2, 1], [], [0]]
17: [[6, 5, 4, 3, 2, 1, 0], [], []]
--------------------------

The beam width:                  20
The length of solution:          19
The number of nodes expanded:    687
The total CPU time of heuristic: 0.004890999999986434
The total CPU time of A*:        0.3713680000000039
The type of heuristic:           NonAdimissible
-----------path-----------
1: [[6, 0, 1, 3, 2, 5, 4], [], []]
2: [[6, 0, 1, 3, 2, 5], [4], []]
3: [[6, 0, 1, 3, 2], [4, 5], []]
4: [[6, 0, 1, 3], [4, 5, 2], []]
5: [[6, 0, 1], [4, 5, 2, 3], []]
6: [[6, 0], [4, 5, 2, 3], [1]]
7: [[6], [4, 5, 2, 3], [1, 0]]
8: [[6], [4, 5, 2], [1, 0, 3]]
9: [[6, 2], [4, 5], [1, 0, 3]]
10: [[6, 2], [4, 5, 3], [1, 0]]
11: [[6], [4, 5, 3], [1, 0, 2]]
12: [[6], [4, 5], [1, 0, 2, 3]]
13: [[6, 5], [4], [1, 0, 2, 3]]
14: [[6, 5, 4], [], [1, 0, 2, 3]]
15: [[6, 5, 4, 3], [], [1, 0, 2]]
16: [[6, 5, 4, 3, 2], [], [1, 0]]
17: [[6, 5, 4, 3, 2], [0], [1]]
18: [[6, 5, 4, 3, 2, 1], [0], []]
19: [[6, 5, 4, 3, 2, 1, 0], [], []]
--------------------------

The beam width:                  20
The length of solution:          17
The number of nodes expanded:    368
The total CPU time of heuristic: 0.002658999999880507
The total CPU time of A*:        0.15225700000000586
The type of heuristic:           NonAdimissible
-----------path-----------
1: [[2, 3, 6, 5, 0, 1, 4], [], []]
2: [[2, 3, 6, 5, 0, 1], [], [4]]
3: [[2, 3, 6, 5, 0], [], [4, 1]]
4: [[2, 3, 6, 5], [0], [4, 1]]
5: [[2, 3, 6, 5], [0, 1], [4]]
6: [[2, 3, 6], [0, 1], [4, 5]]
7: [[2, 3], [0, 1], [4, 5, 6]]
8: [[2], [0, 1, 3], [4, 5, 6]]
9: [[], [0, 1, 3, 2], [4, 5, 6]]
10: [[6], [0, 1, 3, 2], [4, 5]]
11: [[6, 5], [0, 1, 3, 2], [4]]
12: [[6, 5, 4], [0, 1, 3, 2], []]
13: [[6, 5, 4], [0, 1, 3], [2]]
14: [[6, 5, 4, 3], [0, 1], [2]]
15: [[6, 5, 4, 3, 2], [0, 1], []]
16: [[6, 5, 4, 3, 2, 1], [0], []]
17: [[6, 5, 4, 3, 2, 1, 0], [], []]
--------------------------

The beam width:                  20
The length of solution:          16
The number of nodes expanded:    225
The total CPU time of heuristic: 0.0014970000000289474
The total CPU time of A*:        0.06919499999999346
The type of heuristic:           NonAdimissible
-----------path-----------
1: [[1, 6, 2, 5, 0, 4, 3], [], []]
2: [[1, 6, 2, 5, 0, 4], [], [3]]
3: [[1, 6, 2, 5, 0], [], [3, 4]]
4: [[1, 6, 2, 5], [0], [3, 4]]
5: [[1, 6, 2], [0], [3, 4, 5]]
6: [[1, 6], [0, 2], [3, 4, 5]]
7: [[1], [0, 2], [3, 4, 5, 6]]
8: [[], [0, 2, 1], [3, 4, 5, 6]]
9: [[6], [0, 2, 1], [3, 4, 5]]
10: [[6, 5], [0, 2, 1], [3, 4]]
11: [[6, 5, 4], [0, 2, 1], [3]]
12: [[6, 5, 4, 3], [0, 2, 1], []]
13: [[6, 5, 4, 3], [0, 2], [1]]
14: [[6, 5, 4, 3, 2], [0], [1]]
15: [[6, 5, 4, 3, 2, 1], [0], []]
16: [[6, 5, 4, 3, 2, 1, 0], [], []]
--------------------------

The beam width:                  20
The length of solution:          14
The number of nodes expanded:    244
The total CPU time of heuristic: 0.0017189999999160932
The total CPU time of A*:        0.08236399999999833
The type of heuristic:           NonAdimissible
-----------path-----------
1: [[6, 3, 4, 2, 1, 0, 5], [], []]
2: [[6, 3, 4, 2, 1, 0], [], [5]]
3: [[6, 3, 4, 2, 1], [0], [5]]
4: [[6, 3, 4, 2], [0, 1], [5]]
5: [[6, 3, 4], [0, 1, 2], [5]]
6: [[6, 3], [0, 1, 2], [5, 4]]
7: [[6], [0, 1, 2, 3], [5, 4]]
8: [[6], [0, 1, 2, 3, 4], [5]]
9: [[6, 5], [0, 1, 2, 3, 4], []]
10: [[6, 5, 4], [0, 1, 2, 3], []]
11: [[6, 5, 4, 3], [0, 1, 2], []]
12: [[6, 5, 4, 3, 2], [0, 1], []]
13: [[6, 5, 4, 3, 2, 1], [0], []]
14: [[6, 5, 4, 3, 2, 1, 0], [], []]
--------------------------

The beam width:                  20
The length of solution:          16
The number of nodes expanded:    313
The total CPU time of heuristic: 0.002193000000026757
The total CPU time of A*:        0.1092220000000026
The type of heuristic:           NonAdimissible
-----------path-----------
1: [[4, 0, 6, 1, 5, 3, 2], [], []]
2: [[4, 0, 6, 1, 5, 3], [], [2]]
3: [[4, 0, 6, 1, 5], [], [2, 3]]
4: [[4, 0, 6, 1], [], [2, 3, 5]]
5: [[4, 0, 6], [1], [2, 3, 5]]
6: [[4, 0], [1], [2, 3, 5, 6]]
7: [[4], [1, 0], [2, 3, 5, 6]]
8: [[], [1, 0, 4], [2, 3, 5, 6]]
9: [[6], [1, 0, 4], [2, 3, 5]]
10: [[6, 5], [1, 0, 4], [2, 3]]
11: [[6, 5, 4], [1, 0], [2, 3]]
12: [[6, 5, 4, 3], [1, 0], [2]]
13: [[6, 5, 4, 3, 2], [1, 0], []]
14: [[6, 5, 4, 3, 2], [1], [0]]
15: [[6, 5, 4, 3, 2, 1], [], [0]]
16: [[6, 5, 4, 3, 2, 1, 0], [], []]
--------------------------

The beam width:                  20
The length of solution:          17
The number of nodes expanded:    331
The total CPU time of heuristic: 0.00224299999991473
The total CPU time of A*:        0.12067599999999601
The type of heuristic:           NonAdimissible
-----------path-----------
1: [[0, 6, 2, 3, 5, 4, 1], [], []]
2: [[0, 6, 2, 3, 5, 4], [1], []]
3: [[0, 6, 2, 3, 5], [1], [4]]
4: [[0, 6, 2, 3], [1], [4, 5]]
5: [[0, 6, 2], [1], [4, 5, 3]]
6: [[0, 6], [1, 2], [4, 5, 3]]
7: [[0, 6], [1, 2, 3], [4, 5]]
8: [[0], [1, 2, 3], [4, 5, 6]]
9: [[], [1, 2, 3, 0], [4, 5, 6]]
10: [[6], [1, 2, 3, 0], [4, 5]]
11: [[6, 5], [1, 2, 3, 0], [4]]
12: [[6, 5, 4], [1, 2, 3, 0], []]
13: [[6, 5, 4], [1, 2, 3], [0]]
14: [[6, 5, 4, 3], [1, 2], [0]]
15: [[6, 5, 4, 3, 2], [1], [0]]
16: [[6, 5, 4, 3, 2, 1], [], [0]]
17: [[6, 5, 4, 3, 2, 1, 0], [], []]
--------------------------

The beam width:                  20
The length of solution:          21
The number of nodes expanded:    682
The total CPU time of heuristic: 0.004692000000083851
The total CPU time of A*:        0.37533499999999975
The type of heuristic:           NonAdimissible
-----------path-----------
1: [[2, 3, 6, 4, 1, 5, 0], [], []]
2: [[2, 3, 6, 4, 1, 5], [0], []]
3: [[2, 3, 6, 4, 1], [0], [5]]
4: [[2, 3, 6, 4], [0, 1], [5]]
5: [[2, 3, 6], [0, 1], [5, 4]]
6: [[2, 3], [0, 1, 6], [5, 4]]
7: [[2], [0, 1, 6, 3], [5, 4]]
8: [[2, 4], [0, 1, 6, 3], [5]]
9: [[2, 4, 3], [0, 1, 6], [5]]
10: [[2, 4, 3], [0, 1], [5, 6]]
11: [[2, 4], [0, 1, 3], [5, 6]]
12: [[2], [0, 1, 3, 4], [5, 6]]
13: [[], [0, 1, 3, 4, 2], [5, 6]]
14: [[6], [0, 1, 3, 4, 2], [5]]
15: [[6, 5], [0, 1, 3, 4, 2], []]
16: [[6, 5], [0, 1, 3, 4], [2]]
17: [[6, 5, 4], [0, 1, 3], [2]]
18: [[6, 5, 4, 3], [0, 1], [2]]
19: [[6, 5, 4, 3, 2], [0, 1], []]
20: [[6, 5, 4, 3, 2, 1], [0], []]
21: [[6, 5, 4, 3, 2, 1, 0], [], []]
--------------------------

The beam width:                  20
The length of solution:          15
The number of nodes expanded:    122
The total CPU time of heuristic: 0.0008960000000612922
The total CPU time of A*:        0.043326999999997895
The type of heuristic:           NonAdimissible
-----------path-----------
1: [[5, 4, 6, 2, 0, 3, 1], [], []]
2: [[5, 4, 6, 2, 0, 3], [], [1]]
3: [[5, 4, 6, 2, 0], [], [1, 3]]
4: [[5, 4, 6, 2], [0], [1, 3]]
5: [[5, 4, 6], [0, 2], [1, 3]]
6: [[5, 4], [0, 2, 6], [1, 3]]
7: [[5], [0, 2, 6], [1, 3, 4]]
8: [[], [0, 2, 6], [1, 3, 4, 5]]
9: [[6], [0, 2], [1, 3, 4, 5]]
10: [[6, 5], [0, 2], [1, 3, 4]]
11: [[6, 5, 4], [0, 2], [1, 3]]
12: [[6, 5, 4, 3], [0, 2], [1]]
13: [[6, 5, 4, 3, 2], [0], [1]]
14: [[6, 5, 4, 3, 2, 1], [0], []]
15: [[6, 5, 4, 3, 2, 1, 0], [], []]
--------------------------

