The beam width:                  10
The length of solution:          30
The number of nodes expanded:    683
The total CPU time of heuristic: 0.004659999999958586
The total CPU time of A*:        0.46868399999999966
The type of heuristic:           NonAdimissible
-----------path-----------
1: [[1, 3, 0, 6, 5, 2, 4, 7], [], []]
2: [[1, 3, 0, 6, 5, 2, 4], [], [7]]
3: [[1, 3, 0, 6, 5, 2], [], [7, 4]]
4: [[1, 3, 0, 6, 5], [2], [7, 4]]
5: [[1, 3, 0, 6, 5], [2, 4], [7]]
6: [[1, 3, 0, 6], [2, 4, 5], [7]]
7: [[1, 3, 0], [2, 4, 5, 6], [7]]
8: [[1, 3], [2, 4, 5, 6, 0], [7]]
9: [[1], [2, 4, 5, 6, 0, 3], [7]]
10: [[], [2, 4, 5, 6, 0, 3], [7, 1]]
11: [[3], [2, 4, 5, 6, 0], [7, 1]]
12: [[3, 0], [2, 4, 5, 6], [7, 1]]
13: [[3, 0, 1], [2, 4, 5, 6], [7]]
14: [[3, 0, 1], [2, 4, 5, 6, 7], []]
15: [[3, 0], [2, 4, 5, 6, 7], [1]]
16: [[3], [2, 4, 5, 6, 7, 0], [1]]
17: [[], [2, 4, 5, 6, 7, 0], [1, 3]]
18: [[], [2, 4, 5, 6, 7], [1, 3, 0]]
19: [[7], [2, 4, 5, 6], [1, 3, 0]]
20: [[7, 6], [2, 4, 5], [1, 3, 0]]
21: [[7, 6, 5], [2, 4], [1, 3, 0]]
22: [[7, 6, 5, 4], [2], [1, 3, 0]]
23: [[7, 6, 5, 4, 0], [2], [1, 3]]
24: [[7, 6, 5, 4, 0], [2, 3], [1]]
25: [[7, 6, 5, 4], [2, 3], [1, 0]]
26: [[7, 6, 5, 4, 3], [2], [1, 0]]
27: [[7, 6, 5, 4, 3, 2], [], [1, 0]]
28: [[7, 6, 5, 4, 3, 2], [0], [1]]
29: [[7, 6, 5, 4, 3, 2, 1], [0], []]
30: [[7, 6, 5, 4, 3, 2, 1, 0], [], []]
--------------------------

The beam width:                  10
The length of solution:          18
The number of nodes expanded:    157
The total CPU time of heuristic: 0.0010990000000212774
The total CPU time of A*:        0.050959999999999894
The type of heuristic:           NonAdimissible
-----------path-----------
1: [[5, 4, 6, 1, 7, 0, 3, 2], [], []]
2: [[5, 4, 6, 1, 7, 0, 3], [2], []]
3: [[5, 4, 6, 1, 7, 0], [2, 3], []]
4: [[5, 4, 6, 1, 7], [2, 3], [0]]
5: [[5, 4, 6, 1], [2, 3, 7], [0]]
6: [[5, 4, 6], [2, 3, 7], [0, 1]]
7: [[5, 4], [2, 3, 7, 6], [0, 1]]
8: [[5], [2, 3, 7, 6], [0, 1, 4]]
9: [[], [2, 3, 7, 6], [0, 1, 4, 5]]
10: [[], [2, 3, 7], [0, 1, 4, 5, 6]]
11: [[7], [2, 3], [0, 1, 4, 5, 6]]
12: [[7, 6], [2, 3], [0, 1, 4, 5]]
13: [[7, 6, 5], [2, 3], [0, 1, 4]]
14: [[7, 6, 5, 4], [2, 3], [0, 1]]
15: [[7, 6, 5, 4, 3], [2], [0, 1]]
16: [[7, 6, 5, 4, 3, 2], [], [0, 1]]
17: [[7, 6, 5, 4, 3, 2, 1], [], [0]]
18: [[7, 6, 5, 4, 3, 2, 1, 0], [], []]
--------------------------

The beam width:                  10
The length of solution:          25
The number of nodes expanded:    490
The total CPU time of heuristic: 0.003550000000053899
The total CPU time of A*:        0.28181900000000226
The type of heuristic:           NonAdimissible
-----------path-----------
1: [[0, 5, 3, 4, 2, 1, 6, 7], [], []]
2: [[0, 5, 3, 4, 2, 1, 6], [], [7]]
3: [[0, 5, 3, 4, 2, 1], [], [7, 6]]
4: [[0, 5, 3, 4, 2], [1], [7, 6]]
5: [[0, 5, 3, 4], [1, 2], [7, 6]]
6: [[0, 5, 3], [1, 2, 4], [7, 6]]
7: [[0, 5, 3], [1, 2, 4, 6], [7]]
8: [[0, 5], [1, 2, 4, 6, 3], [7]]
9: [[0], [1, 2, 4, 6, 3, 5], [7]]
10: [[], [1, 2, 4, 6, 3, 5], [7, 0]]
11: [[5], [1, 2, 4, 6, 3], [7, 0]]
12: [[5, 3], [1, 2, 4, 6], [7, 0]]
13: [[5, 3, 0], [1, 2, 4, 6], [7]]
14: [[5, 3, 0], [1, 2, 4, 6, 7], []]
15: [[5, 3], [1, 2, 4, 6, 7], [0]]
16: [[5], [1, 2, 4, 6, 7], [0, 3]]
17: [[], [1, 2, 4, 6, 7], [0, 3, 5]]
18: [[7], [1, 2, 4, 6], [0, 3, 5]]
19: [[7, 6], [1, 2, 4], [0, 3, 5]]
20: [[7, 6, 5], [1, 2, 4], [0, 3]]
21: [[7, 6, 5, 4], [1, 2], [0, 3]]
22: [[7, 6, 5, 4, 3], [1, 2], [0]]
23: [[7, 6, 5, 4, 3, 2], [1], [0]]
24: [[7, 6, 5, 4, 3, 2, 1], [], [0]]
25: [[7, 6, 5, 4, 3, 2, 1, 0], [], []]
--------------------------

The beam width:                  10
The length of solution:          19
The number of nodes expanded:    235
The total CPU time of heuristic: 0.0016659999999824038
The total CPU time of A*:        0.08809499999999915
The type of heuristic:           NonAdimissible
-----------path-----------
1: [[2, 4, 3, 5, 7, 6, 0, 1], [], []]
2: [[2, 4, 3, 5, 7, 6, 0], [], [1]]
3: [[2, 4, 3, 5, 7, 6], [0], [1]]
4: [[2, 4, 3, 5, 7], [0, 6], [1]]
5: [[2, 4, 3, 5], [0, 6, 7], [1]]
6: [[2, 4, 3], [0, 6, 7, 5], [1]]
7: [[2, 4], [0, 6, 7, 5], [1, 3]]
8: [[2], [0, 6, 7, 5], [1, 3, 4]]
9: [[], [0, 6, 7, 5], [1, 3, 4, 2]]
10: [[], [0, 6, 7], [1, 3, 4, 2, 5]]
11: [[7], [0, 6], [1, 3, 4, 2, 5]]
12: [[7, 6], [0], [1, 3, 4, 2, 5]]
13: [[7, 6, 5], [0], [1, 3, 4, 2]]
14: [[7, 6, 5], [0, 2], [1, 3, 4]]
15: [[7, 6, 5, 4], [0, 2], [1, 3]]
16: [[7, 6, 5, 4, 3], [0, 2], [1]]
17: [[7, 6, 5, 4, 3, 2], [0], [1]]
18: [[7, 6, 5, 4, 3, 2, 1], [0], []]
19: [[7, 6, 5, 4, 3, 2, 1, 0], [], []]
--------------------------

The beam width:                  10
The length of solution:          22
The number of nodes expanded:    385
The total CPU time of heuristic: 0.002646999999996069
The total CPU time of A*:        0.17647600000000097
The type of heuristic:           NonAdimissible
-----------path-----------
1: [[5, 4, 2, 6, 3, 7, 1, 0], [], []]
2: [[5, 4, 2, 6, 3, 7, 1], [], [0]]
3: [[5, 4, 2, 6, 3, 7], [1], [0]]
4: [[5, 4, 2, 6, 3], [1], [0, 7]]
5: [[5, 4, 2, 6], [1, 3], [0, 7]]
6: [[5, 4, 2], [1, 3, 6], [0, 7]]
7: [[5, 4], [1, 3, 6, 2], [0, 7]]
8: [[5], [1, 3, 6, 2, 4], [0, 7]]
9: [[], [1, 3, 6, 2, 4, 5], [0, 7]]
10: [[7], [1, 3, 6, 2, 4, 5], [0]]
11: [[7, 5], [1, 3, 6, 2, 4], [0]]
12: [[7, 5, 4], [1, 3, 6, 2], [0]]
13: [[7, 5, 4], [1, 3, 6], [0, 2]]
14: [[7, 5], [1, 3, 6], [0, 2, 4]]
15: [[7], [1, 3, 6], [0, 2, 4, 5]]
16: [[7, 6], [1, 3], [0, 2, 4, 5]]
17: [[7, 6, 5], [1, 3], [0, 2, 4]]
18: [[7, 6, 5, 4], [1, 3], [0, 2]]
19: [[7, 6, 5, 4, 3], [1], [0, 2]]
20: [[7, 6, 5, 4, 3, 2], [1], [0]]
21: [[7, 6, 5, 4, 3, 2, 1], [], [0]]
22: [[7, 6, 5, 4, 3, 2, 1, 0], [], []]
--------------------------

The beam width:                  10
The length of solution:          29
The number of nodes expanded:    618
The total CPU time of heuristic: 0.004443000000005526
The total CPU time of A*:        0.40368299999999735
The type of heuristic:           NonAdimissible
-----------path-----------
1: [[1, 4, 0, 3, 7, 2, 6, 5], [], []]
2: [[1, 4, 0, 3, 7, 2, 6], [], [5]]
3: [[1, 4, 0, 3, 7, 2], [], [5, 6]]
4: [[1, 4, 0, 3, 7], [2], [5, 6]]
5: [[1, 4, 0, 3], [2, 7], [5, 6]]
6: [[1, 4, 0], [2, 7, 3], [5, 6]]
7: [[1, 4], [2, 7, 3], [5, 6, 0]]
8: [[1], [2, 7, 3, 4], [5, 6, 0]]
9: [[], [2, 7, 3, 4], [5, 6, 0, 1]]
10: [[4], [2, 7, 3], [5, 6, 0, 1]]
11: [[4, 3], [2, 7], [5, 6, 0, 1]]
12: [[4, 3, 1], [2, 7], [5, 6, 0]]
13: [[4, 3, 1, 0], [2, 7], [5, 6]]
14: [[4, 3, 1, 0], [2], [5, 6, 7]]
15: [[4, 3, 1], [2, 0], [5, 6, 7]]
16: [[4, 3], [2, 0, 1], [5, 6, 7]]
17: [[4], [2, 0, 1, 3], [5, 6, 7]]
18: [[], [2, 0, 1, 3, 4], [5, 6, 7]]
19: [[7], [2, 0, 1, 3, 4], [5, 6]]
20: [[7, 6], [2, 0, 1, 3, 4], [5]]
21: [[7, 6, 5], [2, 0, 1, 3, 4], []]
22: [[7, 6, 5, 4], [2, 0, 1, 3], []]
23: [[7, 6, 5, 4, 3], [2, 0, 1], []]
24: [[7, 6, 5, 4, 3], [2, 0], [1]]
25: [[7, 6, 5, 4, 3], [2], [1, 0]]
26: [[7, 6, 5, 4, 3, 2], [], [1, 0]]
27: [[7, 6, 5, 4, 3, 2], [0], [1]]
28: [[7, 6, 5, 4, 3, 2, 1], [0], []]
29: [[7, 6, 5, 4, 3, 2, 1, 0], [], []]
--------------------------

The beam width:                  10
The length of solution:          27
The number of nodes expanded:    507
The total CPU time of heuristic: 0.0035839999999787153
The total CPU time of A*:        0.2861489999999982
The type of heuristic:           NonAdimissible
-----------path-----------
1: [[1, 3, 0, 6, 2, 7, 4, 5], [], []]
2: [[1, 3, 0, 6, 2, 7, 4], [5], []]
3: [[1, 3, 0, 6, 2, 7], [5], [4]]
4: [[1, 3, 0, 6, 2, 7], [], [4, 5]]
5: [[1, 3, 0, 6, 2], [7], [4, 5]]
6: [[1, 3, 0, 6], [7, 2], [4, 5]]
7: [[1, 3, 0], [7, 2], [4, 5, 6]]
8: [[1, 3], [7, 2], [4, 5, 6, 0]]
9: [[1], [7, 2, 3], [4, 5, 6, 0]]
10: [[], [7, 2, 3], [4, 5, 6, 0, 1]]
11: [[3], [7, 2], [4, 5, 6, 0, 1]]
12: [[3, 2], [7], [4, 5, 6, 0, 1]]
13: [[3, 2, 1], [7], [4, 5, 6, 0]]
14: [[3, 2, 1, 0], [7], [4, 5, 6]]
15: [[3, 2, 1, 0], [], [4, 5, 6, 7]]
16: [[3, 2, 1], [0], [4, 5, 6, 7]]
17: [[3, 2], [0, 1], [4, 5, 6, 7]]
18: [[3], [0, 1, 2], [4, 5, 6, 7]]
19: [[], [0, 1, 2, 3], [4, 5, 6, 7]]
20: [[7], [0, 1, 2, 3], [4, 5, 6]]
21: [[7, 6], [0, 1, 2, 3], [4, 5]]
22: [[7, 6, 5], [0, 1, 2, 3], [4]]
23: [[7, 6, 5, 4], [0, 1, 2, 3], []]
24: [[7, 6, 5, 4, 3], [0, 1, 2], []]
25: [[7, 6, 5, 4, 3, 2], [0, 1], []]
26: [[7, 6, 5, 4, 3, 2, 1], [0], []]
27: [[7, 6, 5, 4, 3, 2, 1, 0], [], []]
--------------------------

The beam width:                  10
The length of solution:          23
The number of nodes expanded:    383
The total CPU time of heuristic: 0.0026520000000083144
The total CPU time of A*:        0.18267900000000026
The type of heuristic:           NonAdimissible
-----------path-----------
1: [[4, 3, 7, 0, 5, 1, 2, 6], [], []]
2: [[4, 3, 7, 0, 5, 1, 2], [], [6]]
3: [[4, 3, 7, 0, 5, 1], [], [6, 2]]
4: [[4, 3, 7, 0, 5], [1], [6, 2]]
5: [[4, 3, 7, 0, 5], [1, 2], [6]]
6: [[4, 3, 7, 0], [1, 2, 5], [6]]
7: [[4, 3, 7], [1, 2, 5, 0], [6]]
8: [[4, 3], [1, 2, 5, 0], [6, 7]]
9: [[4], [1, 2, 5, 0, 3], [6, 7]]
10: [[], [1, 2, 5, 0, 3, 4], [6, 7]]
11: [[7], [1, 2, 5, 0, 3, 4], [6]]
12: [[7, 6], [1, 2, 5, 0, 3, 4], []]
13: [[7, 6, 4], [1, 2, 5, 0, 3], []]
14: [[7, 6, 4, 3], [1, 2, 5, 0], []]
15: [[7, 6, 4, 3], [1, 2, 5], [0]]
16: [[7, 6, 4], [1, 2, 5], [0, 3]]
17: [[7, 6], [1, 2, 5], [0, 3, 4]]
18: [[7, 6, 5], [1, 2], [0, 3, 4]]
19: [[7, 6, 5, 4], [1, 2], [0, 3]]
20: [[7, 6, 5, 4, 3], [1, 2], [0]]
21: [[7, 6, 5, 4, 3, 2], [1], [0]]
22: [[7, 6, 5, 4, 3, 2, 1], [], [0]]
23: [[7, 6, 5, 4, 3, 2, 1, 0], [], []]
--------------------------

The beam width:                  10
The length of solution:          25
The number of nodes expanded:    461
The total CPU time of heuristic: 0.003329000000018567
The total CPU time of A*:        0.23630100000000098
The type of heuristic:           NonAdimissible
-----------path-----------
1: [[3, 2, 6, 7, 1, 4, 5, 0], [], []]
2: [[3, 2, 6, 7, 1, 4, 5], [0], []]
3: [[3, 2, 6, 7, 1, 4], [0, 5], []]
4: [[3, 2, 6, 7, 1], [0, 5], [4]]
5: [[3, 2, 6, 7, 1], [0], [4, 5]]
6: [[3, 2, 6, 7], [0, 1], [4, 5]]
7: [[3, 2, 6], [0, 1, 7], [4, 5]]
8: [[3, 2], [0, 1, 7, 6], [4, 5]]
9: [[3], [0, 1, 7, 6], [4, 5, 2]]
10: [[], [0, 1, 7, 6], [4, 5, 2, 3]]
11: [[6], [0, 1, 7], [4, 5, 2, 3]]
12: [[6, 3], [0, 1, 7], [4, 5, 2]]
13: [[6, 3, 2], [0, 1, 7], [4, 5]]
14: [[6, 3, 2], [0, 1], [4, 5, 7]]
15: [[6, 3], [0, 1, 2], [4, 5, 7]]
16: [[6], [0, 1, 2, 3], [4, 5, 7]]
17: [[], [0, 1, 2, 3, 6], [4, 5, 7]]
18: [[7], [0, 1, 2, 3, 6], [4, 5]]
19: [[7, 6], [0, 1, 2, 3], [4, 5]]
20: [[7, 6, 5], [0, 1, 2, 3], [4]]
21: [[7, 6, 5, 4], [0, 1, 2, 3], []]
22: [[7, 6, 5, 4, 3], [0, 1, 2], []]
23: [[7, 6, 5, 4, 3, 2], [0, 1], []]
24: [[7, 6, 5, 4, 3, 2, 1], [0], []]
25: [[7, 6, 5, 4, 3, 2, 1, 0], [], []]
--------------------------

The beam width:                  10
The length of solution:          25
The number of nodes expanded:    430
The total CPU time of heuristic: 0.0030700000000756233
The total CPU time of A*:        0.21777700000000166
The type of heuristic:           NonAdimissible
-----------path-----------
1: [[1, 6, 0, 5, 7, 3, 2, 4], [], []]
2: [[1, 6, 0, 5, 7, 3, 2], [4], []]
3: [[1, 6, 0, 5, 7, 3], [4], [2]]
4: [[1, 6, 0, 5, 7], [4], [2, 3]]
5: [[1, 6, 0, 5, 7], [], [2, 3, 4]]
6: [[1, 6, 0, 5], [7], [2, 3, 4]]
7: [[1, 6, 0], [7], [2, 3, 4, 5]]
8: [[1, 6], [7, 0], [2, 3, 4, 5]]
9: [[1], [7, 0, 6], [2, 3, 4, 5]]
10: [[], [7, 0, 6], [2, 3, 4, 5, 1]]
11: [[6], [7, 0], [2, 3, 4, 5, 1]]
12: [[6, 1], [7, 0], [2, 3, 4, 5]]
13: [[6, 1, 0], [7], [2, 3, 4, 5]]
14: [[6, 1, 0], [], [2, 3, 4, 5, 7]]
15: [[6, 1], [0], [2, 3, 4, 5, 7]]
16: [[6], [0, 1], [2, 3, 4, 5, 7]]
17: [[], [0, 1, 6], [2, 3, 4, 5, 7]]
18: [[7], [0, 1, 6], [2, 3, 4, 5]]
19: [[7, 6], [0, 1], [2, 3, 4, 5]]
20: [[7, 6, 5], [0, 1], [2, 3, 4]]
21: [[7, 6, 5, 4], [0, 1], [2, 3]]
22: [[7, 6, 5, 4, 3], [0, 1], [2]]
23: [[7, 6, 5, 4, 3, 2], [0, 1], []]
24: [[7, 6, 5, 4, 3, 2, 1], [0], []]
25: [[7, 6, 5, 4, 3, 2, 1, 0], [], []]
--------------------------

The beam width:                  10
The length of solution:          21
The number of nodes expanded:    296
The total CPU time of heuristic: 0.0022290000000602106
The total CPU time of A*:        0.12663899999999728
The type of heuristic:           NonAdimissible
-----------path-----------
1: [[4, 2, 6, 5, 1, 7, 0, 3], [], []]
2: [[4, 2, 6, 5, 1, 7, 0], [], [3]]
3: [[4, 2, 6, 5, 1, 7], [0], [3]]
4: [[4, 2, 6, 5, 1, 7], [0, 3], []]
5: [[4, 2, 6, 5, 1], [0, 3, 7], []]
6: [[4, 2, 6, 5], [0, 3, 7], [1]]
7: [[4, 2, 6], [0, 3, 7, 5], [1]]
8: [[4, 2], [0, 3, 7, 5, 6], [1]]
9: [[4], [0, 3, 7, 5, 6], [1, 2]]
10: [[], [0, 3, 7, 5, 6], [1, 2, 4]]
11: [[6], [0, 3, 7, 5], [1, 2, 4]]
12: [[6], [0, 3, 7], [1, 2, 4, 5]]
13: [[], [0, 3, 7], [1, 2, 4, 5, 6]]
14: [[7], [0, 3], [1, 2, 4, 5, 6]]
15: [[7, 6], [0, 3], [1, 2, 4, 5]]
16: [[7, 6, 5], [0, 3], [1, 2, 4]]
17: [[7, 6, 5, 4], [0, 3], [1, 2]]
18: [[7, 6, 5, 4, 3], [0], [1, 2]]
19: [[7, 6, 5, 4, 3, 2], [0], [1]]
20: [[7, 6, 5, 4, 3, 2, 1], [0], []]
21: [[7, 6, 5, 4, 3, 2, 1, 0], [], []]
--------------------------

The beam width:                  10
The length of solution:          18
The number of nodes expanded:    210
The total CPU time of heuristic: 0.0014070000000003802
The total CPU time of A*:        0.07024600000000092
The type of heuristic:           NonAdimissible
-----------path-----------
1: [[5, 4, 3, 2, 6, 7, 1, 0], [], []]
2: [[5, 4, 3, 2, 6, 7, 1], [], [0]]
3: [[5, 4, 3, 2, 6, 7], [], [0, 1]]
4: [[5, 4, 3, 2, 6], [7], [0, 1]]
5: [[5, 4, 3, 2], [7, 6], [0, 1]]
6: [[5, 4, 3], [7, 6], [0, 1, 2]]
7: [[5, 4], [7, 6], [0, 1, 2, 3]]
8: [[5], [7, 6], [0, 1, 2, 3, 4]]
9: [[], [7, 6], [0, 1, 2, 3, 4, 5]]
10: [[], [7], [0, 1, 2, 3, 4, 5, 6]]
11: [[7], [], [0, 1, 2, 3, 4, 5, 6]]
12: [[7, 6], [], [0, 1, 2, 3, 4, 5]]
13: [[7, 6, 5], [], [0, 1, 2, 3, 4]]
14: [[7, 6, 5, 4], [], [0, 1, 2, 3]]
15: [[7, 6, 5, 4, 3], [], [0, 1, 2]]
16: [[7, 6, 5, 4, 3, 2], [], [0, 1]]
17: [[7, 6, 5, 4, 3, 2, 1], [], [0]]
18: [[7, 6, 5, 4, 3, 2, 1, 0], [], []]
--------------------------

The beam width:                  10
The length of solution:          27
The number of nodes expanded:    552
The total CPU time of heuristic: 0.0038730000000306575
The total CPU time of A*:        0.3267529999999965
The type of heuristic:           NonAdimissible
-----------path-----------
1: [[1, 6, 7, 2, 5, 3, 4, 0], [], []]
2: [[1, 6, 7, 2, 5, 3, 4], [0], []]
3: [[1, 6, 7, 2, 5, 3], [0, 4], []]
4: [[1, 6, 7, 2, 5], [0, 4], [3]]
5: [[1, 6, 7, 2, 5], [0], [3, 4]]
6: [[1, 6, 7, 2], [0, 5], [3, 4]]
7: [[1, 6, 7], [0, 5, 2], [3, 4]]
8: [[1, 6], [0, 5, 2, 7], [3, 4]]
9: [[1], [0, 5, 2, 7], [3, 4, 6]]
10: [[], [0, 5, 2, 7], [3, 4, 6, 1]]
11: [[7], [0, 5, 2], [3, 4, 6, 1]]
12: [[7, 1], [0, 5, 2], [3, 4, 6]]
13: [[7, 1], [0, 5], [3, 4, 6, 2]]
14: [[7], [0, 5, 1], [3, 4, 6, 2]]
15: [[7], [0, 5, 1, 2], [3, 4, 6]]
16: [[7, 6], [0, 5, 1, 2], [3, 4]]
17: [[7, 6, 2], [0, 5, 1], [3, 4]]
18: [[7, 6, 2, 1], [0, 5], [3, 4]]
19: [[7, 6, 2, 1], [0], [3, 4, 5]]
20: [[7, 6, 2], [0, 1], [3, 4, 5]]
21: [[7, 6], [0, 1, 2], [3, 4, 5]]
22: [[7, 6, 5], [0, 1, 2], [3, 4]]
23: [[7, 6, 5, 4], [0, 1, 2], [3]]
24: [[7, 6, 5, 4, 3], [0, 1, 2], []]
25: [[7, 6, 5, 4, 3, 2], [0, 1], []]
26: [[7, 6, 5, 4, 3, 2, 1], [0], []]
27: [[7, 6, 5, 4, 3, 2, 1, 0], [], []]
--------------------------

The beam width:                  10
The length of solution:          22
The number of nodes expanded:    390
The total CPU time of heuristic: 0.002816000000056107
The total CPU time of A*:        0.20338899999999782
The type of heuristic:           NonAdimissible
-----------path-----------
1: [[3, 4, 6, 5, 2, 1, 7, 0], [], []]
2: [[3, 4, 6, 5, 2, 1, 7], [], [0]]
3: [[3, 4, 6, 5, 2, 1], [7], [0]]
4: [[3, 4, 6, 5, 2], [7], [0, 1]]
5: [[3, 4, 6, 5], [7], [0, 1, 2]]
6: [[3, 4, 6], [7], [0, 1, 2, 5]]
7: [[3, 4], [7], [0, 1, 2, 5, 6]]
8: [[3], [7, 4], [0, 1, 2, 5, 6]]
9: [[], [7, 4], [0, 1, 2, 5, 6, 3]]
10: [[4], [7], [0, 1, 2, 5, 6, 3]]
11: [[4, 3], [7], [0, 1, 2, 5, 6]]
12: [[4, 3], [], [0, 1, 2, 5, 6, 7]]
13: [[4], [3], [0, 1, 2, 5, 6, 7]]
14: [[], [3, 4], [0, 1, 2, 5, 6, 7]]
15: [[7], [3, 4], [0, 1, 2, 5, 6]]
16: [[7, 6], [3, 4], [0, 1, 2, 5]]
17: [[7, 6, 5], [3, 4], [0, 1, 2]]
18: [[7, 6, 5, 4], [3], [0, 1, 2]]
19: [[7, 6, 5, 4, 3], [], [0, 1, 2]]
20: [[7, 6, 5, 4, 3, 2], [], [0, 1]]
21: [[7, 6, 5, 4, 3, 2, 1], [], [0]]
22: [[7, 6, 5, 4, 3, 2, 1, 0], [], []]
--------------------------

The beam width:                  10
The length of solution:          22
The number of nodes expanded:    422
The total CPU time of heuristic: 0.002882000000028029
The total CPU time of A*:        0.19167199999999696
The type of heuristic:           NonAdimissible
-----------path-----------
1: [[7, 2, 3, 0, 6, 1, 4, 5], [], []]
2: [[7, 2, 3, 0, 6, 1, 4], [5], []]
3: [[7, 2, 3, 0, 6, 1], [5], [4]]
4: [[7, 2, 3, 0, 6, 1], [], [4, 5]]
5: [[7, 2, 3, 0, 6], [1], [4, 5]]
6: [[7, 2, 3, 0], [1], [4, 5, 6]]
7: [[7, 2, 3], [1, 0], [4, 5, 6]]
8: [[7, 2], [1, 0, 3], [4, 5, 6]]
9: [[7], [1, 0, 3], [4, 5, 6, 2]]
10: [[7, 3], [1, 0], [4, 5, 6, 2]]
11: [[7, 3, 0], [1], [4, 5, 6, 2]]
12: [[7, 3, 0], [1, 2], [4, 5, 6]]
13: [[7, 3], [1, 2, 0], [4, 5, 6]]
14: [[7], [1, 2, 0, 3], [4, 5, 6]]
15: [[7, 6], [1, 2, 0, 3], [4, 5]]
16: [[7, 6, 5], [1, 2, 0, 3], [4]]
17: [[7, 6, 5, 4], [1, 2, 0, 3], []]
18: [[7, 6, 5, 4, 3], [1, 2, 0], []]
19: [[7, 6, 5, 4, 3], [1, 2], [0]]
20: [[7, 6, 5, 4, 3, 2], [1], [0]]
21: [[7, 6, 5, 4, 3, 2, 1], [], [0]]
22: [[7, 6, 5, 4, 3, 2, 1, 0], [], []]
--------------------------

The beam width:                  10
The length of solution:          22
The number of nodes expanded:    329
The total CPU time of heuristic: 0.0020740000000003533
The total CPU time of A*:        0.1351670000000027
The type of heuristic:           NonAdimissible
-----------path-----------
1: [[3, 7, 6, 0, 4, 1, 5, 2], [], []]
2: [[3, 7, 6, 0, 4, 1, 5], [], [2]]
3: [[3, 7, 6, 0, 4, 1], [], [2, 5]]
4: [[3, 7, 6, 0, 4], [1], [2, 5]]
5: [[3, 7, 6, 0], [1, 4], [2, 5]]
6: [[3, 7, 6], [1, 4, 0], [2, 5]]
7: [[3, 7], [1, 4, 0], [2, 5, 6]]
8: [[3], [1, 4, 0], [2, 5, 6, 7]]
9: [[], [1, 4, 0, 3], [2, 5, 6, 7]]
10: [[7], [1, 4, 0, 3], [2, 5, 6]]
11: [[7, 6], [1, 4, 0, 3], [2, 5]]
12: [[7, 6, 5], [1, 4, 0, 3], [2]]
13: [[7, 6, 5], [1, 4, 0], [2, 3]]
14: [[7, 6, 5, 0], [1, 4], [2, 3]]
15: [[7, 6, 5, 0], [1], [2, 3, 4]]
16: [[7, 6, 5], [1, 0], [2, 3, 4]]
17: [[7, 6, 5, 4], [1, 0], [2, 3]]
18: [[7, 6, 5, 4, 3], [1, 0], [2]]
19: [[7, 6, 5, 4, 3, 2], [1, 0], []]
20: [[7, 6, 5, 4, 3, 2], [1], [0]]
21: [[7, 6, 5, 4, 3, 2, 1], [], [0]]
22: [[7, 6, 5, 4, 3, 2, 1, 0], [], []]
--------------------------

The beam width:                  10
The length of solution:          26
The number of nodes expanded:    477
The total CPU time of heuristic: 0.003278999999970722
The total CPU time of A*:        0.2525820000000003
The type of heuristic:           NonAdimissible
-----------path-----------
1: [[3, 4, 0, 2, 6, 1, 5, 7], [], []]
2: [[3, 4, 0, 2, 6, 1, 5], [7], []]
3: [[3, 4, 0, 2, 6, 1], [7, 5], []]
4: [[3, 4, 0, 2, 6], [7, 5], [1]]
5: [[3, 4, 0, 2], [7, 5, 6], [1]]
6: [[3, 4, 0], [7, 5, 6], [1, 2]]
7: [[3, 4, 0], [7, 5], [1, 2, 6]]
8: [[3, 4], [7, 5], [1, 2, 6, 0]]
9: [[3], [7, 5], [1, 2, 6, 0, 4]]
10: [[3, 5], [7], [1, 2, 6, 0, 4]]
11: [[3, 5, 4], [7], [1, 2, 6, 0]]
12: [[3, 5, 4, 0], [7], [1, 2, 6]]
13: [[3, 5, 4, 0], [], [1, 2, 6, 7]]
14: [[3, 5, 4], [0], [1, 2, 6, 7]]
15: [[3, 5], [0, 4], [1, 2, 6, 7]]
16: [[3], [0, 4, 5], [1, 2, 6, 7]]
17: [[], [0, 4, 5, 3], [1, 2, 6, 7]]
18: [[7], [0, 4, 5, 3], [1, 2, 6]]
19: [[7, 6], [0, 4, 5, 3], [1, 2]]
20: [[7, 6], [0, 4, 5], [1, 2, 3]]
21: [[7, 6, 5], [0, 4], [1, 2, 3]]
22: [[7, 6, 5, 4], [0], [1, 2, 3]]
23: [[7, 6, 5, 4, 3], [0], [1, 2]]
24: [[7, 6, 5, 4, 3, 2], [0], [1]]
25: [[7, 6, 5, 4, 3, 2, 1], [0], []]
26: [[7, 6, 5, 4, 3, 2, 1, 0], [], []]
--------------------------

The beam width:                  10
The length of solution:          26
The number of nodes expanded:    568
The total CPU time of heuristic: 0.003988000000060055
The total CPU time of A*:        0.3270089999999968
The type of heuristic:           NonAdimissible
-----------path-----------
1: [[7, 1, 2, 3, 4, 6, 5, 0], [], []]
2: [[7, 1, 2, 3, 4, 6, 5], [], [0]]
3: [[7, 1, 2, 3, 4, 6], [5], [0]]
4: [[7, 1, 2, 3, 4], [5, 6], [0]]
5: [[7, 1, 2, 3], [5, 6, 4], [0]]
6: [[7, 1, 2], [5, 6, 4], [0, 3]]
7: [[7, 1, 2], [5, 6], [0, 3, 4]]
8: [[7, 1], [5, 6, 2], [0, 3, 4]]
9: [[7], [5, 6, 2], [0, 3, 4, 1]]
10: [[7, 2], [5, 6], [0, 3, 4, 1]]
11: [[7, 2, 1], [5, 6], [0, 3, 4]]
12: [[7, 2, 1], [5], [0, 3, 4, 6]]
13: [[7, 2], [5, 1], [0, 3, 4, 6]]
14: [[7], [5, 1, 2], [0, 3, 4, 6]]
15: [[7, 6], [5, 1, 2], [0, 3, 4]]
16: [[7, 6, 2], [5, 1], [0, 3, 4]]
17: [[7, 6, 2, 1], [5], [0, 3, 4]]
18: [[7, 6, 2, 1], [], [0, 3, 4, 5]]
19: [[7, 6, 2], [1], [0, 3, 4, 5]]
20: [[7, 6], [1, 2], [0, 3, 4, 5]]
21: [[7, 6, 5], [1, 2], [0, 3, 4]]
22: [[7, 6, 5, 4], [1, 2], [0, 3]]
23: [[7, 6, 5, 4, 3], [1, 2], [0]]
24: [[7, 6, 5, 4, 3, 2], [1], [0]]
25: [[7, 6, 5, 4, 3, 2, 1], [], [0]]
26: [[7, 6, 5, 4, 3, 2, 1, 0], [], []]
--------------------------

The beam width:                  10
The length of solution:          22
The number of nodes expanded:    322
The total CPU time of heuristic: 0.0024060000000076798
The total CPU time of A*:        0.16416700000000262
The type of heuristic:           NonAdimissible
-----------path-----------
1: [[0, 6, 7, 5, 3, 1, 4, 2], [], []]
2: [[0, 6, 7, 5, 3, 1, 4], [2], []]
3: [[0, 6, 7, 5, 3, 1], [2, 4], []]
4: [[0, 6, 7, 5, 3], [2, 4], [1]]
5: [[0, 6, 7, 5], [2, 4], [1, 3]]
6: [[0, 6, 7], [2, 4, 5], [1, 3]]
7: [[0, 6], [2, 4, 5], [1, 3, 7]]
8: [[0], [2, 4, 5, 6], [1, 3, 7]]
9: [[], [2, 4, 5, 6, 0], [1, 3, 7]]
10: [[7], [2, 4, 5, 6, 0], [1, 3]]
11: [[7], [2, 4, 5, 6], [1, 3, 0]]
12: [[7, 6], [2, 4, 5], [1, 3, 0]]
13: [[7, 6, 5], [2, 4], [1, 3, 0]]
14: [[7, 6, 5, 4], [2], [1, 3, 0]]
15: [[7, 6, 5, 4, 0], [2], [1, 3]]
16: [[7, 6, 5, 4, 0], [2, 3], [1]]
17: [[7, 6, 5, 4], [2, 3], [1, 0]]
18: [[7, 6, 5, 4, 3], [2], [1, 0]]
19: [[7, 6, 5, 4, 3, 2], [], [1, 0]]
20: [[7, 6, 5, 4, 3, 2], [0], [1]]
21: [[7, 6, 5, 4, 3, 2, 1], [0], []]
22: [[7, 6, 5, 4, 3, 2, 1, 0], [], []]
--------------------------

The beam width:                  10
The length of solution:          20
The number of nodes expanded:    266
The total CPU time of heuristic: 0.0018479999999883034
The total CPU time of A*:        0.09969800000000006
The type of heuristic:           NonAdimissible
-----------path-----------
1: [[5, 7, 3, 0, 2, 4, 1, 6], [], []]
2: [[5, 7, 3, 0, 2, 4, 1], [6], []]
3: [[5, 7, 3, 0, 2, 4], [6], [1]]
4: [[5, 7, 3, 0, 2], [6], [1, 4]]
5: [[5, 7, 3, 0, 2], [], [1, 4, 6]]
6: [[5, 7, 3, 0], [2], [1, 4, 6]]
7: [[5, 7, 3], [2, 0], [1, 4, 6]]
8: [[5, 7], [2, 0, 3], [1, 4, 6]]
9: [[5], [2, 0, 3], [1, 4, 6, 7]]
10: [[], [2, 0, 3, 5], [1, 4, 6, 7]]
11: [[7], [2, 0, 3, 5], [1, 4, 6]]
12: [[7, 6], [2, 0, 3, 5], [1, 4]]
13: [[7, 6, 5], [2, 0, 3], [1, 4]]
14: [[7, 6, 5, 4], [2, 0, 3], [1]]
15: [[7, 6, 5, 4, 3], [2, 0], [1]]
16: [[7, 6, 5, 4, 3], [2], [1, 0]]
17: [[7, 6, 5, 4, 3, 2], [], [1, 0]]
18: [[7, 6, 5, 4, 3, 2], [0], [1]]
19: [[7, 6, 5, 4, 3, 2, 1], [0], []]
20: [[7, 6, 5, 4, 3, 2, 1, 0], [], []]
--------------------------

