The beam width:                  5
The length of solution:          21
The number of nodes expanded:    214
The total CPU time of heuristic: 0.0015010000000006407
The total CPU time of A*:        0.08911000000000002
The type of heuristic:           NonAdimissible
-----------path-----------
1: [[2, 1, 0, 4, 3, 5, 6], [], []]
2: [[2, 1, 0, 4, 3, 5], [], [6]]
3: [[2, 1, 0, 4, 3], [], [6, 5]]
4: [[2, 1, 0, 4], [3], [6, 5]]
5: [[2, 1, 0], [3, 4], [6, 5]]
6: [[2, 1], [3, 4, 0], [6, 5]]
7: [[2], [3, 4, 0, 1], [6, 5]]
8: [[], [3, 4, 0, 1, 2], [6, 5]]
9: [[], [3, 4, 0, 1, 2, 5], [6]]
10: [[6], [3, 4, 0, 1, 2, 5], []]
11: [[6, 5], [3, 4, 0, 1, 2], []]
12: [[6, 5, 2], [3, 4, 0, 1], []]
13: [[6, 5, 2, 1], [3, 4, 0], []]
14: [[6, 5, 2, 1], [3, 4], [0]]
15: [[6, 5, 2], [3, 4], [0, 1]]
16: [[6, 5], [3, 4], [0, 1, 2]]
17: [[6, 5, 4], [3], [0, 1, 2]]
18: [[6, 5, 4, 3], [], [0, 1, 2]]
19: [[6, 5, 4, 3, 2], [], [0, 1]]
20: [[6, 5, 4, 3, 2, 1], [], [0]]
21: [[6, 5, 4, 3, 2, 1, 0], [], []]
--------------------------

The beam width:                  5
The length of solution:          23
The number of nodes expanded:    236
The total CPU time of heuristic: 0.001697000000002502
The total CPU time of A*:        0.113904
The type of heuristic:           NonAdimissible
-----------path-----------
1: [[1, 2, 5, 6, 3, 0, 4], [], []]
2: [[1, 2, 5, 6, 3, 0], [], [4]]
3: [[1, 2, 5, 6, 3], [0], [4]]
4: [[1, 2, 5, 6], [0, 3], [4]]
5: [[1, 2, 5], [0, 3, 6], [4]]
6: [[1, 2], [0, 3, 6], [4, 5]]
7: [[1], [0, 3, 6, 2], [4, 5]]
8: [[], [0, 3, 6, 2], [4, 5, 1]]
9: [[2], [0, 3, 6], [4, 5, 1]]
10: [[2, 1], [0, 3, 6], [4, 5]]
11: [[2, 1], [0, 3], [4, 5, 6]]
12: [[2], [0, 3, 1], [4, 5, 6]]
13: [[], [0, 3, 1, 2], [4, 5, 6]]
14: [[6], [0, 3, 1, 2], [4, 5]]
15: [[6, 5], [0, 3, 1, 2], [4]]
16: [[6, 5, 4], [0, 3, 1, 2], []]
17: [[6, 5, 4, 2], [0, 3, 1], []]
18: [[6, 5, 4, 2], [0, 3], [1]]
19: [[6, 5, 4], [0, 3], [1, 2]]
20: [[6, 5, 4, 3], [0], [1, 2]]
21: [[6, 5, 4, 3, 2], [0], [1]]
22: [[6, 5, 4, 3, 2, 1], [0], []]
23: [[6, 5, 4, 3, 2, 1, 0], [], []]
--------------------------

The beam width:                  5
The length of solution:          16
The number of nodes expanded:    139
The total CPU time of heuristic: 0.0009149999999984448
The total CPU time of A*:        0.04130699999999998
The type of heuristic:           NonAdimissible
-----------path-----------
1: [[5, 6, 0, 3, 4, 2, 1], [], []]
2: [[5, 6, 0, 3, 4, 2], [1], []]
3: [[5, 6, 0, 3, 4], [1, 2], []]
4: [[5, 6, 0, 3], [1, 2], [4]]
5: [[5, 6, 0], [1, 2, 3], [4]]
6: [[5, 6], [1, 2, 3, 0], [4]]
7: [[5], [1, 2, 3, 0], [4, 6]]
8: [[], [1, 2, 3, 0, 5], [4, 6]]
9: [[6], [1, 2, 3, 0, 5], [4]]
10: [[6, 5], [1, 2, 3, 0], [4]]
11: [[6, 5, 4], [1, 2, 3, 0], []]
12: [[6, 5, 4], [1, 2, 3], [0]]
13: [[6, 5, 4, 3], [1, 2], [0]]
14: [[6, 5, 4, 3, 2], [1], [0]]
15: [[6, 5, 4, 3, 2, 1], [], [0]]
16: [[6, 5, 4, 3, 2, 1, 0], [], []]
--------------------------

The beam width:                  5
The length of solution:          16
The number of nodes expanded:    123
The total CPU time of heuristic: 0.0008409999999994255
The total CPU time of A*:        0.03548500000000021
The type of heuristic:           NonAdimissible
-----------path-----------
1: [[2, 4, 6, 3, 1, 5, 0], [], []]
2: [[2, 4, 6, 3, 1, 5], [0], []]
3: [[2, 4, 6, 3, 1], [0], [5]]
4: [[2, 4, 6, 3], [0, 1], [5]]
5: [[2, 4, 6], [0, 1, 3], [5]]
6: [[2, 4], [0, 1, 3], [5, 6]]
7: [[2], [0, 1, 3, 4], [5, 6]]
8: [[], [0, 1, 3, 4, 2], [5, 6]]
9: [[6], [0, 1, 3, 4, 2], [5]]
10: [[6, 5], [0, 1, 3, 4, 2], []]
11: [[6, 5], [0, 1, 3, 4], [2]]
12: [[6, 5, 4], [0, 1, 3], [2]]
13: [[6, 5, 4, 3], [0, 1], [2]]
14: [[6, 5, 4, 3, 2], [0, 1], []]
15: [[6, 5, 4, 3, 2, 1], [0], []]
16: [[6, 5, 4, 3, 2, 1, 0], [], []]
--------------------------

The beam width:                  5
The length of solution:          16
The number of nodes expanded:    111
The total CPU time of heuristic: 0.0007930000000022641
The total CPU time of A*:        0.03264100000000014
The type of heuristic:           NonAdimissible
-----------path-----------
1: [[4, 6, 2, 3, 0, 5, 1], [], []]
2: [[4, 6, 2, 3, 0, 5], [1], []]
3: [[4, 6, 2, 3, 0], [1, 5], []]
4: [[4, 6, 2, 3], [1, 5], [0]]
5: [[4, 6, 2], [1, 5, 3], [0]]
6: [[4, 6], [1, 5, 3], [0, 2]]
7: [[4, 6], [1, 5], [0, 2, 3]]
8: [[4], [1, 5, 6], [0, 2, 3]]
9: [[], [1, 5, 6], [0, 2, 3, 4]]
10: [[6], [1, 5], [0, 2, 3, 4]]
11: [[6, 5], [1], [0, 2, 3, 4]]
12: [[6, 5, 4], [1], [0, 2, 3]]
13: [[6, 5, 4, 3], [1], [0, 2]]
14: [[6, 5, 4, 3, 2], [1], [0]]
15: [[6, 5, 4, 3, 2, 1], [], [0]]
16: [[6, 5, 4, 3, 2, 1, 0], [], []]
--------------------------

The beam width:                  5
The length of solution:          21
The number of nodes expanded:    173
The total CPU time of heuristic: 0.0012950000000018225
The total CPU time of A*:        0.06279599999999985
The type of heuristic:           NonAdimissible
-----------path-----------
1: [[5, 2, 1, 3, 4, 0, 6], [], []]
2: [[5, 2, 1, 3, 4, 0], [6], []]
3: [[5, 2, 1, 3, 4], [6], [0]]
4: [[5, 2, 1, 3], [6, 4], [0]]
5: [[5, 2, 1], [6, 4], [0, 3]]
6: [[5, 2, 1], [6], [0, 3, 4]]
7: [[5, 2], [6, 1], [0, 3, 4]]
8: [[5], [6, 1, 2], [0, 3, 4]]
9: [[], [6, 1, 2], [0, 3, 4, 5]]
10: [[2], [6, 1], [0, 3, 4, 5]]
11: [[2, 1], [6], [0, 3, 4, 5]]
12: [[2, 1], [], [0, 3, 4, 5, 6]]
13: [[2], [1], [0, 3, 4, 5, 6]]
14: [[], [1, 2], [0, 3, 4, 5, 6]]
15: [[6], [1, 2], [0, 3, 4, 5]]
16: [[6, 5], [1, 2], [0, 3, 4]]
17: [[6, 5, 4], [1, 2], [0, 3]]
18: [[6, 5, 4, 3], [1, 2], [0]]
19: [[6, 5, 4, 3, 2], [1], [0]]
20: [[6, 5, 4, 3, 2, 1], [], [0]]
21: [[6, 5, 4, 3, 2, 1, 0], [], []]
--------------------------

The beam width:                  5
The length of solution:          21
The number of nodes expanded:    194
The total CPU time of heuristic: 0.0012589999999972346
The total CPU time of A*:        0.07103300000000012
The type of heuristic:           NonAdimissible
-----------path-----------
1: [[3, 1, 0, 5, 2, 4, 6], [], []]
2: [[3, 1, 0, 5, 2, 4], [], [6]]
3: [[3, 1, 0, 5, 2], [], [6, 4]]
4: [[3, 1, 0, 5], [2], [6, 4]]
5: [[3, 1, 0, 5], [2, 4], [6]]
6: [[3, 1, 0], [2, 4, 5], [6]]
7: [[3, 1], [2, 4, 5, 0], [6]]
8: [[3], [2, 4, 5, 0, 1], [6]]
9: [[], [2, 4, 5, 0, 1, 3], [6]]
10: [[6], [2, 4, 5, 0, 1, 3], []]
11: [[6, 3], [2, 4, 5, 0, 1], []]
12: [[6, 3, 1], [2, 4, 5, 0], []]
13: [[6, 3, 1], [2, 4, 5], [0]]
14: [[6, 3], [2, 4, 5], [0, 1]]
15: [[6], [2, 4, 5], [0, 1, 3]]
16: [[6, 5], [2, 4], [0, 1, 3]]
17: [[6, 5, 4], [2], [0, 1, 3]]
18: [[6, 5, 4, 3], [2], [0, 1]]
19: [[6, 5, 4, 3, 2], [], [0, 1]]
20: [[6, 5, 4, 3, 2, 1], [], [0]]
21: [[6, 5, 4, 3, 2, 1, 0], [], []]
--------------------------

The beam width:                  5
The length of solution:          34
The number of nodes expanded:    441
The total CPU time of heuristic: 0.003272000000005937
The total CPU time of A*:        0.31784299999999965
The type of heuristic:           NonAdimissible
-----------path-----------
1: [[4, 1, 0, 6, 2, 3, 5], [], []]
2: [[4, 1, 0, 6, 2, 3], [], [5]]
3: [[4, 1, 0, 6, 2], [], [5, 3]]
4: [[4, 1, 0, 6], [2], [5, 3]]
5: [[4, 1, 0], [2, 6], [5, 3]]
6: [[4, 1], [2, 6, 0], [5, 3]]
7: [[4], [2, 6, 0, 1], [5, 3]]
8: [[], [2, 6, 0, 1, 4], [5, 3]]
9: [[3], [2, 6, 0, 1, 4], [5]]
10: [[3, 4], [2, 6, 0, 1], [5]]
11: [[3, 4, 1], [2, 6, 0], [5]]
12: [[3, 4, 1, 0], [2, 6], [5]]
13: [[3, 4, 1, 0], [2], [5, 6]]
14: [[3, 4, 1], [2, 0], [5, 6]]
15: [[3, 4], [2, 0, 1], [5, 6]]
16: [[3], [2, 0, 1, 4], [5, 6]]
17: [[], [2, 0, 1, 4], [5, 6, 3]]
18: [[4], [2, 0, 1], [5, 6, 3]]
19: [[4, 1], [2, 0], [5, 6, 3]]
20: [[4, 1, 0], [2], [5, 6, 3]]
21: [[4, 1, 0], [2, 3], [5, 6]]
22: [[4, 1], [2, 3, 0], [5, 6]]
23: [[4], [2, 3, 0, 1], [5, 6]]
24: [[], [2, 3, 0, 1, 4], [5, 6]]
25: [[6], [2, 3, 0, 1, 4], [5]]
26: [[6, 5], [2, 3, 0, 1, 4], []]
27: [[6, 5, 4], [2, 3, 0, 1], []]
28: [[6, 5, 4, 1], [2, 3, 0], []]
29: [[6, 5, 4, 1], [2, 3], [0]]
30: [[6, 5, 4], [2, 3], [0, 1]]
31: [[6, 5, 4, 3], [2], [0, 1]]
32: [[6, 5, 4, 3, 2], [], [0, 1]]
33: [[6, 5, 4, 3, 2, 1], [], [0]]
34: [[6, 5, 4, 3, 2, 1, 0], [], []]
--------------------------

The beam width:                  5
The length of solution:          20
The number of nodes expanded:    199
The total CPU time of heuristic: 0.0015299999999998093
The total CPU time of A*:        0.08549799999999985
The type of heuristic:           NonAdimissible
-----------path-----------
1: [[0, 3, 5, 4, 2, 1, 6], [], []]
2: [[0, 3, 5, 4, 2, 1], [6], []]
3: [[0, 3, 5, 4, 2], [6], [1]]
4: [[0, 3, 5, 4], [6], [1, 2]]
5: [[0, 3, 5], [6], [1, 2, 4]]
6: [[0, 3], [6], [1, 2, 4, 5]]
7: [[0], [6, 3], [1, 2, 4, 5]]
8: [[], [6, 3], [1, 2, 4, 5, 0]]
9: [[3], [6], [1, 2, 4, 5, 0]]
10: [[3, 0], [6], [1, 2, 4, 5]]
11: [[3, 0], [], [1, 2, 4, 5, 6]]
12: [[3], [0], [1, 2, 4, 5, 6]]
13: [[], [0, 3], [1, 2, 4, 5, 6]]
14: [[6], [0, 3], [1, 2, 4, 5]]
15: [[6, 5], [0, 3], [1, 2, 4]]
16: [[6, 5, 4], [0, 3], [1, 2]]
17: [[6, 5, 4, 3], [0], [1, 2]]
18: [[6, 5, 4, 3, 2], [0], [1]]
19: [[6, 5, 4, 3, 2, 1], [0], []]
20: [[6, 5, 4, 3, 2, 1, 0], [], []]
--------------------------

The beam width:                  5
The length of solution:          34
The number of nodes expanded:    422
The total CPU time of heuristic: 0.003314000000008921
The total CPU time of A*:        0.29793999999999965
The type of heuristic:           NonAdimissible
-----------path-----------
1: [[1, 3, 0, 6, 4, 2, 5], [], []]
2: [[1, 3, 0, 6, 4, 2], [], [5]]
3: [[1, 3, 0, 6, 4], [2], [5]]
4: [[1, 3, 0, 6], [2, 4], [5]]
5: [[1, 3, 0], [2, 4, 6], [5]]
6: [[1, 3], [2, 4, 6, 0], [5]]
7: [[1], [2, 4, 6, 0, 3], [5]]
8: [[], [2, 4, 6, 0, 3], [5, 1]]
9: [[3], [2, 4, 6, 0], [5, 1]]
10: [[3, 0], [2, 4, 6], [5, 1]]
11: [[3, 0, 1], [2, 4, 6], [5]]
12: [[3, 0, 1, 5], [2, 4, 6], []]
13: [[3, 0, 1, 5], [2, 4], [6]]
14: [[3, 0, 1], [2, 4, 5], [6]]
15: [[3, 0], [2, 4, 5, 1], [6]]
16: [[3], [2, 4, 5, 1], [6, 0]]
17: [[], [2, 4, 5, 1, 3], [6, 0]]
18: [[0], [2, 4, 5, 1, 3], [6]]
19: [[0, 3], [2, 4, 5, 1], [6]]
20: [[0, 3, 1], [2, 4, 5], [6]]
21: [[0, 3, 1], [2, 4, 5, 6], []]
22: [[0, 3], [2, 4, 5, 6, 1], []]
23: [[0], [2, 4, 5, 6, 1, 3], []]
24: [[], [2, 4, 5, 6, 1, 3], [0]]
25: [[3], [2, 4, 5, 6, 1], [0]]
26: [[3], [2, 4, 5, 6], [0, 1]]
27: [[], [2, 4, 5, 6], [0, 1, 3]]
28: [[6], [2, 4, 5], [0, 1, 3]]
29: [[6, 5], [2, 4], [0, 1, 3]]
30: [[6, 5, 4], [2], [0, 1, 3]]
31: [[6, 5, 4, 3], [2], [0, 1]]
32: [[6, 5, 4, 3, 2], [], [0, 1]]
33: [[6, 5, 4, 3, 2, 1], [], [0]]
34: [[6, 5, 4, 3, 2, 1, 0], [], []]
--------------------------

The beam width:                  5
The length of solution:          24
The number of nodes expanded:    243
The total CPU time of heuristic: 0.001752999999997229
The total CPU time of A*:        0.11265299999999989
The type of heuristic:           NonAdimissible
-----------path-----------
1: [[3, 2, 0, 6, 1, 5, 4], [], []]
2: [[3, 2, 0, 6, 1, 5], [4], []]
3: [[3, 2, 0, 6, 1], [4, 5], []]
4: [[3, 2, 0, 6], [4, 5], [1]]
5: [[3, 2, 0], [4, 5, 6], [1]]
6: [[3, 2], [4, 5, 6, 0], [1]]
7: [[3], [4, 5, 6, 0], [1, 2]]
8: [[], [4, 5, 6, 0], [1, 2, 3]]
9: [[0], [4, 5, 6], [1, 2, 3]]
10: [[0], [4, 5], [1, 2, 3, 6]]
11: [[], [4, 5, 0], [1, 2, 3, 6]]
12: [[6], [4, 5, 0], [1, 2, 3]]
13: [[6, 0], [4, 5], [1, 2, 3]]
14: [[6, 0], [4], [1, 2, 3, 5]]
15: [[6], [4, 0], [1, 2, 3, 5]]
16: [[6, 5], [4, 0], [1, 2, 3]]
17: [[6, 5, 0], [4], [1, 2, 3]]
18: [[6, 5, 0], [], [1, 2, 3, 4]]
19: [[6, 5], [0], [1, 2, 3, 4]]
20: [[6, 5, 4], [0], [1, 2, 3]]
21: [[6, 5, 4, 3], [0], [1, 2]]
22: [[6, 5, 4, 3, 2], [0], [1]]
23: [[6, 5, 4, 3, 2, 1], [0], []]
24: [[6, 5, 4, 3, 2, 1, 0], [], []]
--------------------------

The beam width:                  5
The length of solution:          22
The number of nodes expanded:    201
The total CPU time of heuristic: 0.0013620000000011956
The total CPU time of A*:        0.08279699999999979
The type of heuristic:           NonAdimissible
-----------path-----------
1: [[4, 0, 3, 1, 2, 6, 5], [], []]
2: [[4, 0, 3, 1, 2, 6], [5], []]
3: [[4, 0, 3, 1, 2], [5, 6], []]
4: [[4, 0, 3, 1], [5, 6, 2], []]
5: [[4, 0, 3], [5, 6, 2], [1]]
6: [[4, 0, 3], [5, 6], [1, 2]]
7: [[4, 0], [5, 6], [1, 2, 3]]
8: [[4], [5, 6, 0], [1, 2, 3]]
9: [[], [5, 6, 0], [1, 2, 3, 4]]
10: [[0], [5, 6], [1, 2, 3, 4]]
11: [[0], [5], [1, 2, 3, 4, 6]]
12: [[], [5, 0], [1, 2, 3, 4, 6]]
13: [[6], [5, 0], [1, 2, 3, 4]]
14: [[6, 0], [5], [1, 2, 3, 4]]
15: [[6, 0], [], [1, 2, 3, 4, 5]]
16: [[6], [0], [1, 2, 3, 4, 5]]
17: [[6, 5], [0], [1, 2, 3, 4]]
18: [[6, 5, 4], [0], [1, 2, 3]]
19: [[6, 5, 4, 3], [0], [1, 2]]
20: [[6, 5, 4, 3, 2], [0], [1]]
21: [[6, 5, 4, 3, 2, 1], [0], []]
22: [[6, 5, 4, 3, 2, 1, 0], [], []]
--------------------------

The beam width:                  5
The length of solution:          21
The number of nodes expanded:    241
The total CPU time of heuristic: 0.0017350000000062593
The total CPU time of A*:        0.09913900000000053
The type of heuristic:           NonAdimissible
-----------path-----------
1: [[6, 0, 1, 3, 2, 5, 4], [], []]
2: [[6, 0, 1, 3, 2, 5], [], [4]]
3: [[6, 0, 1, 3, 2], [5], [4]]
4: [[6, 0, 1, 3], [5, 2], [4]]
5: [[6, 0, 1], [5, 2, 3], [4]]
6: [[6, 0], [5, 2, 3], [4, 1]]
7: [[6, 0, 3], [5, 2], [4, 1]]
8: [[6, 0, 3, 2], [5], [4, 1]]
9: [[6, 0, 3, 2, 1], [5], [4]]
10: [[6, 0, 3, 2, 1], [], [4, 5]]
11: [[6, 0, 3, 2], [1], [4, 5]]
12: [[6, 0, 3], [1, 2], [4, 5]]
13: [[6, 0], [1, 2, 3], [4, 5]]
14: [[6], [1, 2, 3, 0], [4, 5]]
15: [[6, 5], [1, 2, 3, 0], [4]]
16: [[6, 5, 4], [1, 2, 3, 0], []]
17: [[6, 5, 4], [1, 2, 3], [0]]
18: [[6, 5, 4, 3], [1, 2], [0]]
19: [[6, 5, 4, 3, 2], [1], [0]]
20: [[6, 5, 4, 3, 2, 1], [], [0]]
21: [[6, 5, 4, 3, 2, 1, 0], [], []]
--------------------------

The beam width:                  5
The length of solution:          21
The number of nodes expanded:    213
The total CPU time of heuristic: 0.0014560000000072293
The total CPU time of A*:        0.0838709999999998
The type of heuristic:           NonAdimissible
-----------path-----------
1: [[2, 3, 6, 5, 0, 1, 4], [], []]
2: [[2, 3, 6, 5, 0, 1], [], [4]]
3: [[2, 3, 6, 5, 0], [1], [4]]
4: [[2, 3, 6, 5], [1, 0], [4]]
5: [[2, 3, 6], [1, 0], [4, 5]]
6: [[2, 3], [1, 0], [4, 5, 6]]
7: [[2], [1, 0, 3], [4, 5, 6]]
8: [[], [1, 0, 3], [4, 5, 6, 2]]
9: [[3], [1, 0], [4, 5, 6, 2]]
10: [[3, 0], [1], [4, 5, 6, 2]]
11: [[3, 0], [1, 2], [4, 5, 6]]
12: [[3], [1, 2, 0], [4, 5, 6]]
13: [[], [1, 2, 0, 3], [4, 5, 6]]
14: [[6], [1, 2, 0, 3], [4, 5]]
15: [[6, 5], [1, 2, 0, 3], [4]]
16: [[6, 5, 4], [1, 2, 0, 3], []]
17: [[6, 5, 4, 3], [1, 2, 0], []]
18: [[6, 5, 4, 3], [1, 2], [0]]
19: [[6, 5, 4, 3, 2], [1], [0]]
20: [[6, 5, 4, 3, 2, 1], [], [0]]
21: [[6, 5, 4, 3, 2, 1, 0], [], []]
--------------------------

The beam width:                  5
The length of solution:          16
The number of nodes expanded:    111
The total CPU time of heuristic: 0.0006819999999962967
The total CPU time of A*:        0.029877999999999627
The type of heuristic:           NonAdimissible
-----------path-----------
1: [[1, 6, 2, 5, 0, 4, 3], [], []]
2: [[1, 6, 2, 5, 0, 4], [], [3]]
3: [[1, 6, 2, 5, 0], [], [3, 4]]
4: [[1, 6, 2, 5], [0], [3, 4]]
5: [[1, 6, 2], [0], [3, 4, 5]]
6: [[1, 6], [0, 2], [3, 4, 5]]
7: [[1], [0, 2], [3, 4, 5, 6]]
8: [[], [0, 2, 1], [3, 4, 5, 6]]
9: [[6], [0, 2, 1], [3, 4, 5]]
10: [[6, 5], [0, 2, 1], [3, 4]]
11: [[6, 5, 4], [0, 2, 1], [3]]
12: [[6, 5, 4, 3], [0, 2, 1], []]
13: [[6, 5, 4, 3], [0, 2], [1]]
14: [[6, 5, 4, 3, 2], [0], [1]]
15: [[6, 5, 4, 3, 2, 1], [0], []]
16: [[6, 5, 4, 3, 2, 1, 0], [], []]
--------------------------

The beam width:                  5
The length of solution:          14
The number of nodes expanded:    102
The total CPU time of heuristic: 0.0006979999999967568
The total CPU time of A*:        0.028587000000000362
The type of heuristic:           NonAdimissible
-----------path-----------
1: [[6, 3, 4, 2, 1, 0, 5], [], []]
2: [[6, 3, 4, 2, 1, 0], [5], []]
3: [[6, 3, 4, 2, 1], [5], [0]]
4: [[6, 3, 4, 2], [5], [0, 1]]
5: [[6, 3, 4], [5], [0, 1, 2]]
6: [[6, 3], [5, 4], [0, 1, 2]]
7: [[6], [5, 4], [0, 1, 2, 3]]
8: [[6], [5], [0, 1, 2, 3, 4]]
9: [[6, 5], [], [0, 1, 2, 3, 4]]
10: [[6, 5, 4], [], [0, 1, 2, 3]]
11: [[6, 5, 4, 3], [], [0, 1, 2]]
12: [[6, 5, 4, 3, 2], [], [0, 1]]
13: [[6, 5, 4, 3, 2, 1], [], [0]]
14: [[6, 5, 4, 3, 2, 1, 0], [], []]
--------------------------

The beam width:                  5
The length of solution:          27
The number of nodes expanded:    318
The total CPU time of heuristic: 0.0021960000000134094
The total CPU time of A*:        0.165651
The type of heuristic:           NonAdimissible
-----------path-----------
1: [[4, 0, 6, 1, 5, 3, 2], [], []]
2: [[4, 0, 6, 1, 5, 3], [2], []]
3: [[4, 0, 6, 1, 5], [2, 3], []]
4: [[4, 0, 6, 1], [2, 3, 5], []]
5: [[4, 0, 6], [2, 3, 5], [1]]
6: [[4, 0], [2, 3, 5, 6], [1]]
7: [[4], [2, 3, 5, 6, 0], [1]]
8: [[], [2, 3, 5, 6, 0], [1, 4]]
9: [[0], [2, 3, 5, 6], [1, 4]]
10: [[0], [2, 3, 5], [1, 4, 6]]
11: [[], [2, 3, 5, 0], [1, 4, 6]]
12: [[6], [2, 3, 5, 0], [1, 4]]
13: [[6, 0], [2, 3, 5], [1, 4]]
14: [[6, 0], [2, 3], [1, 4, 5]]
15: [[6], [2, 3, 0], [1, 4, 5]]
16: [[6, 5], [2, 3, 0], [1, 4]]
17: [[6, 5, 4], [2, 3, 0], [1]]
18: [[6, 5, 4, 0], [2, 3], [1]]
19: [[6, 5, 4, 0], [2], [1, 3]]
20: [[6, 5, 4], [2, 0], [1, 3]]
21: [[6, 5, 4, 3], [2, 0], [1]]
22: [[6, 5, 4, 3, 0], [2], [1]]
23: [[6, 5, 4, 3, 0], [], [1, 2]]
24: [[6, 5, 4, 3], [0], [1, 2]]
25: [[6, 5, 4, 3, 2], [0], [1]]
26: [[6, 5, 4, 3, 2, 1], [0], []]
27: [[6, 5, 4, 3, 2, 1, 0], [], []]
--------------------------

The beam width:                  5
The length of solution:          18
The number of nodes expanded:    152
The total CPU time of heuristic: 0.0010200000000017972
The total CPU time of A*:        0.05039700000000025
The type of heuristic:           NonAdimissible
-----------path-----------
1: [[0, 6, 2, 3, 5, 4, 1], [], []]
2: [[0, 6, 2, 3, 5, 4], [], [1]]
3: [[0, 6, 2, 3, 5], [4], [1]]
4: [[0, 6, 2, 3], [4, 5], [1]]
5: [[0, 6, 2], [4, 5, 3], [1]]
6: [[0, 6], [4, 5, 3], [1, 2]]
7: [[0, 6], [4, 5], [1, 2, 3]]
8: [[0], [4, 5], [1, 2, 3, 6]]
9: [[], [4, 5, 0], [1, 2, 3, 6]]
10: [[6], [4, 5, 0], [1, 2, 3]]
11: [[6], [4, 5], [1, 2, 3, 0]]
12: [[6, 5], [4], [1, 2, 3, 0]]
13: [[6, 5, 4], [], [1, 2, 3, 0]]
14: [[6, 5, 4], [0], [1, 2, 3]]
15: [[6, 5, 4, 3], [0], [1, 2]]
16: [[6, 5, 4, 3, 2], [0], [1]]
17: [[6, 5, 4, 3, 2, 1], [0], []]
18: [[6, 5, 4, 3, 2, 1, 0], [], []]
--------------------------

The beam width:                  5
The length of solution:          25
The number of nodes expanded:    331
The total CPU time of heuristic: 0.002384999999998527
The total CPU time of A*:        0.18564899999999973
The type of heuristic:           NonAdimissible
-----------path-----------
1: [[2, 3, 6, 4, 1, 5, 0], [], []]
2: [[2, 3, 6, 4, 1, 5], [], [0]]
3: [[2, 3, 6, 4, 1], [], [0, 5]]
4: [[2, 3, 6, 4], [1], [0, 5]]
5: [[2, 3, 6], [1, 4], [0, 5]]
6: [[2, 3], [1, 4, 6], [0, 5]]
7: [[2], [1, 4, 6, 3], [0, 5]]
8: [[], [1, 4, 6, 3], [0, 5, 2]]
9: [[3], [1, 4, 6], [0, 5, 2]]
10: [[3, 2], [1, 4, 6], [0, 5]]
11: [[3, 2, 5], [1, 4, 6], [0]]
12: [[3, 2, 5], [1, 4], [0, 6]]
13: [[3, 2], [1, 4, 5], [0, 6]]
14: [[3], [1, 4, 5, 2], [0, 6]]
15: [[], [1, 4, 5, 2, 3], [0, 6]]
16: [[6], [1, 4, 5, 2, 3], [0]]
17: [[6, 3], [1, 4, 5, 2], [0]]
18: [[6, 3], [1, 4, 5], [0, 2]]
19: [[6], [1, 4, 5], [0, 2, 3]]
20: [[6, 5], [1, 4], [0, 2, 3]]
21: [[6, 5, 4], [1], [0, 2, 3]]
22: [[6, 5, 4, 3], [1], [0, 2]]
23: [[6, 5, 4, 3, 2], [1], [0]]
24: [[6, 5, 4, 3, 2, 1], [], [0]]
25: [[6, 5, 4, 3, 2, 1, 0], [], []]
--------------------------

The beam width:                  5
The length of solution:          15
The number of nodes expanded:    121
The total CPU time of heuristic: 0.0008490000000000997
The total CPU time of A*:        0.03926499999999988
The type of heuristic:           NonAdimissible
-----------path-----------
1: [[5, 4, 6, 2, 0, 3, 1], [], []]
2: [[5, 4, 6, 2, 0, 3], [1], []]
3: [[5, 4, 6, 2, 0], [1, 3], []]
4: [[5, 4, 6, 2], [1, 3], [0]]
5: [[5, 4, 6], [1, 3], [0, 2]]
6: [[5, 4], [1, 3, 6], [0, 2]]
7: [[5], [1, 3, 6], [0, 2, 4]]
8: [[], [1, 3, 6], [0, 2, 4, 5]]
9: [[6], [1, 3], [0, 2, 4, 5]]
10: [[6, 5], [1, 3], [0, 2, 4]]
11: [[6, 5, 4], [1, 3], [0, 2]]
12: [[6, 5, 4, 3], [1], [0, 2]]
13: [[6, 5, 4, 3, 2], [1], [0]]
14: [[6, 5, 4, 3, 2, 1], [], [0]]
15: [[6, 5, 4, 3, 2, 1, 0], [], []]
--------------------------

