The beam width:                  25
The length of solution:          19
The number of nodes expanded:    1004
The total CPU time of heuristic: 0.007304999999533379
The total CPU time of A*:        0.6777990000000074
The type of heuristic:           NonAdimissible
-----------path-----------
1: [[1, 3, 0, 6, 5, 2, 4, 7], [], []]
2: [[1, 3, 0, 6, 5, 2, 4], [7], []]
3: [[1, 3, 0, 6, 5, 2], [7, 4], []]
4: [[1, 3, 0, 6, 5], [7, 4], [2]]
5: [[1, 3, 0, 6], [7, 4], [2, 5]]
6: [[1, 3, 0], [7, 4], [2, 5, 6]]
7: [[1, 3], [7, 4], [2, 5, 6, 0]]
8: [[1], [7, 4], [2, 5, 6, 0, 3]]
9: [[1, 4], [7], [2, 5, 6, 0, 3]]
10: [[1, 4, 3], [7], [2, 5, 6, 0]]
11: [[1, 4, 3, 0], [7], [2, 5, 6]]
12: [[1, 4, 3, 0], [], [2, 5, 6, 7]]
13: [[1, 4, 3], [0], [2, 5, 6, 7]]
14: [[1, 4], [0, 3], [2, 5, 6, 7]]
15: [[1], [0, 3, 4], [2, 5, 6, 7]]
16: [[], [0, 3, 4, 1], [2, 5, 6, 7]]
17: [[7], [0, 3, 4, 1], [2, 5, 6]]
18: [[7, 6], [0, 3, 4, 1], [2, 5]]
19: [[7, 6, 1], [0, 3, 4], [2, 5]]
--------------------------

The beam width:                  25
The length of solution:          18
The number of nodes expanded:    314
The total CPU time of heuristic: 0.002158000000378024
The total CPU time of A*:        0.12843999999999767
The type of heuristic:           NonAdimissible
-----------path-----------
1: [[5, 4, 6, 1, 7, 0, 3, 2], [], []]
2: [[5, 4, 6, 1, 7, 0, 3], [2], []]
3: [[5, 4, 6, 1, 7, 0], [2, 3], []]
4: [[5, 4, 6, 1, 7], [2, 3], [0]]
5: [[5, 4, 6, 1], [2, 3, 7], [0]]
6: [[5, 4, 6], [2, 3, 7], [0, 1]]
7: [[5, 4], [2, 3, 7, 6], [0, 1]]
8: [[5], [2, 3, 7, 6], [0, 1, 4]]
9: [[], [2, 3, 7, 6], [0, 1, 4, 5]]
10: [[], [2, 3, 7], [0, 1, 4, 5, 6]]
11: [[7], [2, 3], [0, 1, 4, 5, 6]]
12: [[7, 6], [2, 3], [0, 1, 4, 5]]
13: [[7, 6, 5], [2, 3], [0, 1, 4]]
14: [[7, 6, 5, 4], [2, 3], [0, 1]]
15: [[7, 6, 5, 4, 3], [2], [0, 1]]
16: [[7, 6, 5, 4, 3, 2], [], [0, 1]]
17: [[7, 6, 5, 4, 3, 2, 1], [], [0]]
18: [[7, 6, 5, 4, 3, 2, 1, 0], [], []]
--------------------------

The beam width:                  25
The length of solution:          16
The number of nodes expanded:    1002
The total CPU time of heuristic: 0.00781700000051444
The total CPU time of A*:        0.7583910000000174
The type of heuristic:           NonAdimissible
-----------path-----------
1: [[0, 5, 3, 4, 2, 1, 6, 7], [], []]
2: [[0, 5, 3, 4, 2, 1, 6], [], [7]]
3: [[0, 5, 3, 4, 2, 1], [6], [7]]
4: [[0, 5, 3, 4, 2, 1], [6, 7], []]
5: [[0, 5, 3, 4, 2], [6, 7], [1]]
6: [[0, 5, 3, 4], [6, 7, 2], [1]]
7: [[0, 5, 3], [6, 7, 2, 4], [1]]
8: [[0, 5], [6, 7, 2, 4], [1, 3]]
9: [[0], [6, 7, 2, 4], [1, 3, 5]]
10: [[], [6, 7, 2, 4], [1, 3, 5, 0]]
11: [[4], [6, 7, 2], [1, 3, 5, 0]]
12: [[4, 2], [6, 7], [1, 3, 5, 0]]
13: [[4, 2, 0], [6, 7], [1, 3, 5]]
14: [[4, 2, 0], [6], [1, 3, 5, 7]]
15: [[4, 2], [6, 0], [1, 3, 5, 7]]
16: [[4], [6, 0, 2], [1, 3, 5, 7]]
--------------------------

The beam width:                  25
The length of solution:          19
The number of nodes expanded:    478
The total CPU time of heuristic: 0.00320599999975002
The total CPU time of A*:        0.20609000000000322
The type of heuristic:           NonAdimissible
-----------path-----------
1: [[2, 4, 3, 5, 7, 6, 0, 1], [], []]
2: [[2, 4, 3, 5, 7, 6, 0], [], [1]]
3: [[2, 4, 3, 5, 7, 6], [0], [1]]
4: [[2, 4, 3, 5, 7], [0], [1, 6]]
5: [[2, 4, 3, 5], [0], [1, 6, 7]]
6: [[2, 4, 3], [0], [1, 6, 7, 5]]
7: [[2, 4], [0, 3], [1, 6, 7, 5]]
8: [[2], [0, 3, 4], [1, 6, 7, 5]]
9: [[2], [0, 3, 4, 5], [1, 6, 7]]
10: [[], [0, 3, 4, 5, 2], [1, 6, 7]]
11: [[7], [0, 3, 4, 5, 2], [1, 6]]
12: [[7, 6], [0, 3, 4, 5, 2], [1]]
13: [[7, 6], [0, 3, 4, 5], [1, 2]]
14: [[7, 6, 5], [0, 3, 4], [1, 2]]
15: [[7, 6, 5, 4], [0, 3], [1, 2]]
16: [[7, 6, 5, 4, 3], [0], [1, 2]]
17: [[7, 6, 5, 4, 3, 2], [0], [1]]
18: [[7, 6, 5, 4, 3, 2, 1], [0], []]
19: [[7, 6, 5, 4, 3, 2, 1, 0], [], []]
--------------------------

The beam width:                  25
The length of solution:          18
The number of nodes expanded:    275
The total CPU time of heuristic: 0.0018790000003150453
The total CPU time of A*:        0.09091700000000458
The type of heuristic:           NonAdimissible
-----------path-----------
1: [[5, 4, 2, 6, 3, 7, 1, 0], [], []]
2: [[5, 4, 2, 6, 3, 7, 1], [], [0]]
3: [[5, 4, 2, 6, 3, 7], [], [0, 1]]
4: [[5, 4, 2, 6, 3], [7], [0, 1]]
5: [[5, 4, 2, 6], [7], [0, 1, 3]]
6: [[5, 4, 2], [7], [0, 1, 3, 6]]
7: [[5, 4, 2], [], [0, 1, 3, 6, 7]]
8: [[5, 4], [2], [0, 1, 3, 6, 7]]
9: [[5], [2, 4], [0, 1, 3, 6, 7]]
10: [[], [2, 4, 5], [0, 1, 3, 6, 7]]
11: [[7], [2, 4, 5], [0, 1, 3, 6]]
12: [[7, 6], [2, 4, 5], [0, 1, 3]]
13: [[7, 6, 5], [2, 4], [0, 1, 3]]
14: [[7, 6, 5, 4], [2], [0, 1, 3]]
15: [[7, 6, 5, 4, 3], [2], [0, 1]]
16: [[7, 6, 5, 4, 3, 2], [], [0, 1]]
17: [[7, 6, 5, 4, 3, 2, 1], [], [0]]
18: [[7, 6, 5, 4, 3, 2, 1, 0], [], []]
--------------------------

The beam width:                  25
The length of solution:          16
The number of nodes expanded:    1001
The total CPU time of heuristic: 0.0073750000004082494
The total CPU time of A*:        0.7168010000000038
The type of heuristic:           NonAdimissible
-----------path-----------
1: [[1, 4, 0, 3, 7, 2, 6, 5], [], []]
2: [[1, 4, 0, 3, 7, 2, 6], [5], []]
3: [[1, 4, 0, 3, 7, 2], [5, 6], []]
4: [[1, 4, 0, 3, 7], [5, 6], [2]]
5: [[1, 4, 0, 3], [5, 6], [2, 7]]
6: [[1, 4, 0], [5, 6], [2, 7, 3]]
7: [[1, 4], [5, 6, 0], [2, 7, 3]]
8: [[1], [5, 6, 0, 4], [2, 7, 3]]
9: [[1, 3], [5, 6, 0, 4], [2, 7]]
10: [[1, 3, 4], [5, 6, 0], [2, 7]]
11: [[1, 3, 4, 0], [5, 6], [2, 7]]
12: [[1, 3, 4, 0], [5, 6, 7], [2]]
13: [[1, 3, 4], [5, 6, 7, 0], [2]]
14: [[1, 3], [5, 6, 7, 0], [2, 4]]
15: [[1], [5, 6, 7, 0, 3], [2, 4]]
16: [[], [5, 6, 7, 0, 3], [2, 4, 1]]
--------------------------

The beam width:                  25
The length of solution:          15
The number of nodes expanded:    1003
The total CPU time of heuristic: 0.007040999999603059
The total CPU time of A*:        0.6530500000000075
The type of heuristic:           NonAdimissible
-----------path-----------
1: [[1, 3, 0, 6, 2, 7, 4, 5], [], []]
2: [[1, 3, 0, 6, 2, 7, 4], [5], []]
3: [[1, 3, 0, 6, 2, 7], [5], [4]]
4: [[1, 3, 0, 6, 2], [5], [4, 7]]
5: [[1, 3, 0, 6], [5], [4, 7, 2]]
6: [[1, 3, 0], [5, 6], [4, 7, 2]]
7: [[1, 3], [5, 6, 0], [4, 7, 2]]
8: [[1], [5, 6, 0, 3], [4, 7, 2]]
9: [[1, 2], [5, 6, 0, 3], [4, 7]]
10: [[1, 2, 3], [5, 6, 0], [4, 7]]
11: [[1, 2, 3, 0], [5, 6], [4, 7]]
12: [[1, 2, 3, 0], [5, 6, 7], [4]]
13: [[1, 2, 3], [5, 6, 7, 0], [4]]
14: [[1, 2], [5, 6, 7, 0, 3], [4]]
15: [[1], [5, 6, 7, 0, 3], [4, 2]]
--------------------------

The beam width:                  25
The length of solution:          23
The number of nodes expanded:    756
The total CPU time of heuristic: 0.005248999999665216
The total CPU time of A*:        0.42860200000001214
The type of heuristic:           NonAdimissible
-----------path-----------
1: [[4, 3, 7, 0, 5, 1, 2, 6], [], []]
2: [[4, 3, 7, 0, 5, 1, 2], [], [6]]
3: [[4, 3, 7, 0, 5, 1], [], [6, 2]]
4: [[4, 3, 7, 0, 5], [1], [6, 2]]
5: [[4, 3, 7, 0, 5], [1, 2], [6]]
6: [[4, 3, 7, 0], [1, 2, 5], [6]]
7: [[4, 3, 7], [1, 2, 5, 0], [6]]
8: [[4, 3], [1, 2, 5, 0], [6, 7]]
9: [[4], [1, 2, 5, 0, 3], [6, 7]]
10: [[], [1, 2, 5, 0, 3, 4], [6, 7]]
11: [[7], [1, 2, 5, 0, 3, 4], [6]]
12: [[7, 6], [1, 2, 5, 0, 3, 4], []]
13: [[7, 6, 4], [1, 2, 5, 0, 3], []]
14: [[7, 6, 4, 3], [1, 2, 5, 0], []]
15: [[7, 6, 4, 3], [1, 2, 5], [0]]
16: [[7, 6, 4], [1, 2, 5], [0, 3]]
17: [[7, 6], [1, 2, 5], [0, 3, 4]]
18: [[7, 6, 5], [1, 2], [0, 3, 4]]
19: [[7, 6, 5, 4], [1, 2], [0, 3]]
20: [[7, 6, 5, 4, 3], [1, 2], [0]]
21: [[7, 6, 5, 4, 3, 2], [1], [0]]
22: [[7, 6, 5, 4, 3, 2, 1], [], [0]]
23: [[7, 6, 5, 4, 3, 2, 1, 0], [], []]
--------------------------

The beam width:                  25
The length of solution:          19
The number of nodes expanded:    447
The total CPU time of heuristic: 0.003030000000123323
The total CPU time of A*:        0.18775099999999156
The type of heuristic:           NonAdimissible
-----------path-----------
1: [[3, 2, 6, 7, 1, 4, 5, 0], [], []]
2: [[3, 2, 6, 7, 1, 4, 5], [], [0]]
3: [[3, 2, 6, 7, 1, 4], [], [0, 5]]
4: [[3, 2, 6, 7, 1], [4], [0, 5]]
5: [[3, 2, 6, 7, 1], [4, 5], [0]]
6: [[3, 2, 6, 7], [4, 5], [0, 1]]
7: [[3, 2, 6], [4, 5, 7], [0, 1]]
8: [[3, 2], [4, 5, 7, 6], [0, 1]]
9: [[3], [4, 5, 7, 6], [0, 1, 2]]
10: [[], [4, 5, 7, 6], [0, 1, 2, 3]]
11: [[], [4, 5, 7], [0, 1, 2, 3, 6]]
12: [[7], [4, 5], [0, 1, 2, 3, 6]]
13: [[7, 6], [4, 5], [0, 1, 2, 3]]
14: [[7, 6, 5], [4], [0, 1, 2, 3]]
15: [[7, 6, 5, 4], [], [0, 1, 2, 3]]
16: [[7, 6, 5, 4, 3], [], [0, 1, 2]]
17: [[7, 6, 5, 4, 3, 2], [], [0, 1]]
18: [[7, 6, 5, 4, 3, 2, 1], [], [0]]
19: [[7, 6, 5, 4, 3, 2, 1, 0], [], []]
--------------------------

The beam width:                  25
The length of solution:          21
The number of nodes expanded:    584
The total CPU time of heuristic: 0.004403999999269104
The total CPU time of A*:        0.285113999999993
The type of heuristic:           NonAdimissible
-----------path-----------
1: [[1, 6, 0, 5, 7, 3, 2, 4], [], []]
2: [[1, 6, 0, 5, 7, 3, 2], [], [4]]
3: [[1, 6, 0, 5, 7, 3], [2], [4]]
4: [[1, 6, 0, 5, 7], [2, 3], [4]]
5: [[1, 6, 0, 5, 7], [2, 3, 4], []]
6: [[1, 6, 0, 5], [2, 3, 4, 7], []]
7: [[1, 6, 0], [2, 3, 4, 7, 5], []]
8: [[1, 6], [2, 3, 4, 7, 5], [0]]
9: [[1], [2, 3, 4, 7, 5, 6], [0]]
10: [[], [2, 3, 4, 7, 5, 6], [0, 1]]
11: [[6], [2, 3, 4, 7, 5], [0, 1]]
12: [[6], [2, 3, 4, 7], [0, 1, 5]]
13: [[], [2, 3, 4, 7], [0, 1, 5, 6]]
14: [[7], [2, 3, 4], [0, 1, 5, 6]]
15: [[7, 6], [2, 3, 4], [0, 1, 5]]
16: [[7, 6, 5], [2, 3, 4], [0, 1]]
17: [[7, 6, 5, 4], [2, 3], [0, 1]]
18: [[7, 6, 5, 4, 3], [2], [0, 1]]
19: [[7, 6, 5, 4, 3, 2], [], [0, 1]]
20: [[7, 6, 5, 4, 3, 2, 1], [], [0]]
21: [[7, 6, 5, 4, 3, 2, 1, 0], [], []]
--------------------------

The beam width:                  25
The length of solution:          20
The number of nodes expanded:    517
The total CPU time of heuristic: 0.0035040000000350346
The total CPU time of A*:        0.2322149999999965
The type of heuristic:           NonAdimissible
-----------path-----------
1: [[4, 2, 6, 5, 1, 7, 0, 3], [], []]
2: [[4, 2, 6, 5, 1, 7, 0], [3], []]
3: [[4, 2, 6, 5, 1, 7], [3], [0]]
4: [[4, 2, 6, 5, 1], [3, 7], [0]]
5: [[4, 2, 6, 5], [3, 7], [0, 1]]
6: [[4, 2, 6], [3, 7, 5], [0, 1]]
7: [[4, 2], [3, 7, 5, 6], [0, 1]]
8: [[4], [3, 7, 5, 6], [0, 1, 2]]
9: [[], [3, 7, 5, 6], [0, 1, 2, 4]]
10: [[6], [3, 7, 5], [0, 1, 2, 4]]
11: [[6], [3, 7], [0, 1, 2, 4, 5]]
12: [[], [3, 7], [0, 1, 2, 4, 5, 6]]
13: [[7], [3], [0, 1, 2, 4, 5, 6]]
14: [[7, 6], [3], [0, 1, 2, 4, 5]]
15: [[7, 6, 5], [3], [0, 1, 2, 4]]
16: [[7, 6, 5, 4], [3], [0, 1, 2]]
17: [[7, 6, 5, 4, 3], [], [0, 1, 2]]
18: [[7, 6, 5, 4, 3, 2], [], [0, 1]]
19: [[7, 6, 5, 4, 3, 2, 1], [], [0]]
20: [[7, 6, 5, 4, 3, 2, 1, 0], [], []]
--------------------------

The beam width:                  25
The length of solution:          18
The number of nodes expanded:    584
The total CPU time of heuristic: 0.003886999999906493
The total CPU time of A*:        0.2896109999999936
The type of heuristic:           NonAdimissible
-----------path-----------
1: [[5, 4, 3, 2, 6, 7, 1, 0], [], []]
2: [[5, 4, 3, 2, 6, 7, 1], [0], []]
3: [[5, 4, 3, 2, 6, 7], [0, 1], []]
4: [[5, 4, 3, 2, 6], [0, 1], [7]]
5: [[5, 4, 3, 2], [0, 1, 6], [7]]
6: [[5, 4, 3, 2], [0, 1, 6, 7], []]
7: [[5, 4, 3], [0, 1, 6, 7], [2]]
8: [[5, 4], [0, 1, 6, 7], [2, 3]]
9: [[5], [0, 1, 6, 7], [2, 3, 4]]
10: [[], [0, 1, 6, 7], [2, 3, 4, 5]]
11: [[7], [0, 1, 6], [2, 3, 4, 5]]
12: [[7, 6], [0, 1], [2, 3, 4, 5]]
13: [[7, 6, 5], [0, 1], [2, 3, 4]]
14: [[7, 6, 5, 4], [0, 1], [2, 3]]
15: [[7, 6, 5, 4, 3], [0, 1], [2]]
16: [[7, 6, 5, 4, 3, 2], [0, 1], []]
17: [[7, 6, 5, 4, 3, 2, 1], [0], []]
18: [[7, 6, 5, 4, 3, 2, 1, 0], [], []]
--------------------------

The beam width:                  25
The length of solution:          22
The number of nodes expanded:    777
The total CPU time of heuristic: 0.005310000000491755
The total CPU time of A*:        0.42912699999999404
The type of heuristic:           NonAdimissible
-----------path-----------
1: [[1, 6, 7, 2, 5, 3, 4, 0], [], []]
2: [[1, 6, 7, 2, 5, 3, 4], [0], []]
3: [[1, 6, 7, 2, 5, 3], [0, 4], []]
4: [[1, 6, 7, 2, 5], [0, 4], [3]]
5: [[1, 6, 7, 2, 5], [0], [3, 4]]
6: [[1, 6, 7, 2], [0], [3, 4, 5]]
7: [[1, 6, 7], [0, 2], [3, 4, 5]]
8: [[1, 6], [0, 2], [3, 4, 5, 7]]
9: [[1], [0, 2, 6], [3, 4, 5, 7]]
10: [[], [0, 2, 6, 1], [3, 4, 5, 7]]
11: [[7], [0, 2, 6, 1], [3, 4, 5]]
12: [[7, 1], [0, 2, 6], [3, 4, 5]]
13: [[7, 1], [0, 2], [3, 4, 5, 6]]
14: [[7], [0, 2, 1], [3, 4, 5, 6]]
15: [[7, 6], [0, 2, 1], [3, 4, 5]]
16: [[7, 6, 5], [0, 2, 1], [3, 4]]
17: [[7, 6, 5, 4], [0, 2, 1], [3]]
18: [[7, 6, 5, 4, 3], [0, 2, 1], []]
19: [[7, 6, 5, 4, 3], [0, 2], [1]]
20: [[7, 6, 5, 4, 3, 2], [0], [1]]
21: [[7, 6, 5, 4, 3, 2, 1], [0], []]
22: [[7, 6, 5, 4, 3, 2, 1, 0], [], []]
--------------------------

The beam width:                  25
The length of solution:          18
The number of nodes expanded:    1004
The total CPU time of heuristic: 0.006958999999525872
The total CPU time of A*:        0.6582449999999938
The type of heuristic:           NonAdimissible
-----------path-----------
1: [[3, 4, 6, 5, 2, 1, 7, 0], [], []]
2: [[3, 4, 6, 5, 2, 1, 7], [0], []]
3: [[3, 4, 6, 5, 2, 1], [0], [7]]
4: [[3, 4, 6, 5, 2], [0, 1], [7]]
5: [[3, 4, 6, 5, 2], [0, 1, 7], []]
6: [[3, 4, 6, 5], [0, 1, 7], [2]]
7: [[3, 4, 6], [0, 1, 7], [2, 5]]
8: [[3, 4], [0, 1, 7], [2, 5, 6]]
9: [[3], [0, 1, 7, 4], [2, 5, 6]]
10: [[], [0, 1, 7, 4], [2, 5, 6, 3]]
11: [[4], [0, 1, 7], [2, 5, 6, 3]]
12: [[4, 3], [0, 1, 7], [2, 5, 6]]
13: [[4, 3], [0, 1], [2, 5, 6, 7]]
14: [[4], [0, 1, 3], [2, 5, 6, 7]]
15: [[], [0, 1, 3, 4], [2, 5, 6, 7]]
16: [[7], [0, 1, 3, 4], [2, 5, 6]]
17: [[7, 6], [0, 1, 3, 4], [2, 5]]
18: [[7, 6, 5], [0, 1, 3, 4], [2]]
--------------------------

The beam width:                  25
The length of solution:          22
The number of nodes expanded:    872
The total CPU time of heuristic: 0.00600099999978454
The total CPU time of A*:        0.5103790000000004
The type of heuristic:           NonAdimissible
-----------path-----------
1: [[7, 2, 3, 0, 6, 1, 4, 5], [], []]
2: [[7, 2, 3, 0, 6, 1, 4], [5], []]
3: [[7, 2, 3, 0, 6, 1], [5], [4]]
4: [[7, 2, 3, 0, 6, 1], [], [4, 5]]
5: [[7, 2, 3, 0, 6], [1], [4, 5]]
6: [[7, 2, 3, 0], [1], [4, 5, 6]]
7: [[7, 2, 3], [1, 0], [4, 5, 6]]
8: [[7, 2], [1, 0, 3], [4, 5, 6]]
9: [[7], [1, 0, 3], [4, 5, 6, 2]]
10: [[7, 3], [1, 0], [4, 5, 6, 2]]
11: [[7, 3, 0], [1], [4, 5, 6, 2]]
12: [[7, 3, 0], [1, 2], [4, 5, 6]]
13: [[7, 3], [1, 2, 0], [4, 5, 6]]
14: [[7], [1, 2, 0, 3], [4, 5, 6]]
15: [[7, 6], [1, 2, 0, 3], [4, 5]]
16: [[7, 6, 5], [1, 2, 0, 3], [4]]
17: [[7, 6, 5, 4], [1, 2, 0, 3], []]
18: [[7, 6, 5, 4, 3], [1, 2, 0], []]
19: [[7, 6, 5, 4, 3], [1, 2], [0]]
20: [[7, 6, 5, 4, 3, 2], [1], [0]]
21: [[7, 6, 5, 4, 3, 2, 1], [], [0]]
22: [[7, 6, 5, 4, 3, 2, 1, 0], [], []]
--------------------------

The beam width:                  25
The length of solution:          20
The number of nodes expanded:    507
The total CPU time of heuristic: 0.0034229999996995275
The total CPU time of A*:        0.23013400000000672
The type of heuristic:           NonAdimissible
-----------path-----------
1: [[3, 7, 6, 0, 4, 1, 5, 2], [], []]
2: [[3, 7, 6, 0, 4, 1, 5], [2], []]
3: [[3, 7, 6, 0, 4, 1], [2, 5], []]
4: [[3, 7, 6, 0, 4], [2, 5], [1]]
5: [[3, 7, 6, 0], [2, 5], [1, 4]]
6: [[3, 7, 6, 0], [2], [1, 4, 5]]
7: [[3, 7, 6], [2, 0], [1, 4, 5]]
8: [[3, 7], [2, 0], [1, 4, 5, 6]]
9: [[3], [2, 0], [1, 4, 5, 6, 7]]
10: [[], [2, 0, 3], [1, 4, 5, 6, 7]]
11: [[7], [2, 0, 3], [1, 4, 5, 6]]
12: [[7, 6], [2, 0, 3], [1, 4, 5]]
13: [[7, 6, 5], [2, 0, 3], [1, 4]]
14: [[7, 6, 5, 4], [2, 0, 3], [1]]
15: [[7, 6, 5, 4, 3], [2, 0], [1]]
16: [[7, 6, 5, 4, 3], [2], [1, 0]]
17: [[7, 6, 5, 4, 3, 2], [], [1, 0]]
18: [[7, 6, 5, 4, 3, 2], [0], [1]]
19: [[7, 6, 5, 4, 3, 2, 1], [0], []]
20: [[7, 6, 5, 4, 3, 2, 1, 0], [], []]
--------------------------

The beam width:                  25
The length of solution:          23
The number of nodes expanded:    1003
The total CPU time of heuristic: 0.006533000000572997
The total CPU time of A*:        0.634403000000006
The type of heuristic:           NonAdimissible
-----------path-----------
1: [[3, 4, 0, 2, 6, 1, 5, 7], [], []]
2: [[3, 4, 0, 2, 6, 1, 5], [7], []]
3: [[3, 4, 0, 2, 6, 1], [7, 5], []]
4: [[3, 4, 0, 2, 6], [7, 5], [1]]
5: [[3, 4, 0, 2], [7, 5, 6], [1]]
6: [[3, 4, 0], [7, 5, 6], [1, 2]]
7: [[3, 4, 0], [7, 5], [1, 2, 6]]
8: [[3, 4], [7, 5], [1, 2, 6, 0]]
9: [[3], [7, 5], [1, 2, 6, 0, 4]]
10: [[3, 5], [7], [1, 2, 6, 0, 4]]
11: [[3, 5, 4], [7], [1, 2, 6, 0]]
12: [[3, 5, 4, 0], [7], [1, 2, 6]]
13: [[3, 5, 4, 0], [], [1, 2, 6, 7]]
14: [[3, 5, 4], [0], [1, 2, 6, 7]]
15: [[3, 5], [0, 4], [1, 2, 6, 7]]
16: [[3], [0, 4, 5], [1, 2, 6, 7]]
17: [[], [0, 4, 5, 3], [1, 2, 6, 7]]
18: [[7], [0, 4, 5, 3], [1, 2, 6]]
19: [[7, 6], [0, 4, 5, 3], [1, 2]]
20: [[7, 6], [0, 4, 5], [1, 2, 3]]
21: [[7, 6, 5], [0, 4], [1, 2, 3]]
22: [[7, 6, 5, 4], [0], [1, 2, 3]]
23: [[7, 6, 5, 4, 3], [0], [1, 2]]
--------------------------

The beam width:                  25
The length of solution:          20
The number of nodes expanded:    578
The total CPU time of heuristic: 0.004053000000141083
The total CPU time of A*:        0.27258400000000904
The type of heuristic:           NonAdimissible
-----------path-----------
1: [[7, 1, 2, 3, 4, 6, 5, 0], [], []]
2: [[7, 1, 2, 3, 4, 6, 5], [0], []]
3: [[7, 1, 2, 3, 4, 6], [0, 5], []]
4: [[7, 1, 2, 3, 4], [0, 5, 6], []]
5: [[7, 1, 2, 3], [0, 5, 6, 4], []]
6: [[7, 1, 2], [0, 5, 6, 4], [3]]
7: [[7, 1, 2], [0, 5, 6], [3, 4]]
8: [[7, 1], [0, 5, 6, 2], [3, 4]]
9: [[7], [0, 5, 6, 2], [3, 4, 1]]
10: [[7], [0, 5, 6], [3, 4, 1, 2]]
11: [[7, 6], [0, 5], [3, 4, 1, 2]]
12: [[7, 6, 5], [0], [3, 4, 1, 2]]
13: [[7, 6, 5, 2], [0], [3, 4, 1]]
14: [[7, 6, 5, 2], [0, 1], [3, 4]]
15: [[7, 6, 5], [0, 1, 2], [3, 4]]
16: [[7, 6, 5, 4], [0, 1, 2], [3]]
17: [[7, 6, 5, 4, 3], [0, 1, 2], []]
18: [[7, 6, 5, 4, 3, 2], [0, 1], []]
19: [[7, 6, 5, 4, 3, 2, 1], [0], []]
20: [[7, 6, 5, 4, 3, 2, 1, 0], [], []]
--------------------------

The beam width:                  25
The length of solution:          22
The number of nodes expanded:    844
The total CPU time of heuristic: 0.005917000000295047
The total CPU time of A*:        0.524762999999993
The type of heuristic:           NonAdimissible
-----------path-----------
1: [[0, 6, 7, 5, 3, 1, 4, 2], [], []]
2: [[0, 6, 7, 5, 3, 1, 4], [], [2]]
3: [[0, 6, 7, 5, 3, 1], [], [2, 4]]
4: [[0, 6, 7, 5, 3], [1], [2, 4]]
5: [[0, 6, 7, 5], [1, 3], [2, 4]]
6: [[0, 6, 7, 5], [1, 3, 4], [2]]
7: [[0, 6, 7], [1, 3, 4, 5], [2]]
8: [[0, 6], [1, 3, 4, 5], [2, 7]]
9: [[0], [1, 3, 4, 5, 6], [2, 7]]
10: [[], [1, 3, 4, 5, 6, 0], [2, 7]]
11: [[7], [1, 3, 4, 5, 6, 0], [2]]
12: [[7], [1, 3, 4, 5, 6], [2, 0]]
13: [[7, 6], [1, 3, 4, 5], [2, 0]]
14: [[7, 6, 5], [1, 3, 4], [2, 0]]
15: [[7, 6, 5, 4], [1, 3], [2, 0]]
16: [[7, 6, 5, 4, 3], [1], [2, 0]]
17: [[7, 6, 5, 4, 3, 0], [1], [2]]
18: [[7, 6, 5, 4, 3, 0], [1, 2], []]
19: [[7, 6, 5, 4, 3], [1, 2], [0]]
20: [[7, 6, 5, 4, 3, 2], [1], [0]]
21: [[7, 6, 5, 4, 3, 2, 1], [], [0]]
22: [[7, 6, 5, 4, 3, 2, 1, 0], [], []]
--------------------------

The beam width:                  25
The length of solution:          19
The number of nodes expanded:    329
The total CPU time of heuristic: 0.0022700000000668297
The total CPU time of A*:        0.1277159999999924
The type of heuristic:           NonAdimissible
-----------path-----------
1: [[5, 7, 3, 0, 2, 4, 1, 6], [], []]
2: [[5, 7, 3, 0, 2, 4, 1], [6], []]
3: [[5, 7, 3, 0, 2, 4], [6], [1]]
4: [[5, 7, 3, 0, 2], [6], [1, 4]]
5: [[5, 7, 3, 0, 2], [], [1, 4, 6]]
6: [[5, 7, 3, 0], [], [1, 4, 6, 2]]
7: [[5, 7, 3], [0], [1, 4, 6, 2]]
8: [[5, 7, 3], [0, 2], [1, 4, 6]]
9: [[5, 7], [0, 2, 3], [1, 4, 6]]
10: [[5], [0, 2, 3], [1, 4, 6, 7]]
11: [[], [0, 2, 3, 5], [1, 4, 6, 7]]
12: [[7], [0, 2, 3, 5], [1, 4, 6]]
13: [[7, 6], [0, 2, 3, 5], [1, 4]]
14: [[7, 6, 5], [0, 2, 3], [1, 4]]
15: [[7, 6, 5, 4], [0, 2, 3], [1]]
16: [[7, 6, 5, 4, 3], [0, 2], [1]]
17: [[7, 6, 5, 4, 3, 2], [0], [1]]
18: [[7, 6, 5, 4, 3, 2, 1], [0], []]
19: [[7, 6, 5, 4, 3, 2, 1, 0], [], []]
--------------------------

