The beam width:                  5
The length of solution:          25
The number of nodes expanded:    246
The total CPU time of heuristic: 0.001869000000026766
The total CPU time of A*:        0.1278320000000006
The type of heuristic:           NonAdimissible
-----------path-----------
1: [[7, 6, 3, 0, 5, 8, 2, 1, 4], [], []]
2: [[7, 6, 3, 0, 5, 8, 2, 1], [], [4]]
3: [[7, 6, 3, 0, 5, 8, 2], [1], [4]]
4: [[7, 6, 3, 0, 5, 8], [1, 2], [4]]
5: [[7, 6, 3, 0, 5], [1, 2, 8], [4]]
6: [[7, 6, 3, 0], [1, 2, 8], [4, 5]]
7: [[7, 6, 3], [1, 2, 8, 0], [4, 5]]
8: [[7, 6], [1, 2, 8, 0, 3], [4, 5]]
9: [[7], [1, 2, 8, 0, 3], [4, 5, 6]]
10: [[], [1, 2, 8, 0, 3], [4, 5, 6, 7]]
11: [[3], [1, 2, 8, 0], [4, 5, 6, 7]]
12: [[3, 0], [1, 2, 8], [4, 5, 6, 7]]
13: [[3, 0], [1, 2], [4, 5, 6, 7, 8]]
14: [[3], [1, 2, 0], [4, 5, 6, 7, 8]]
15: [[], [1, 2, 0, 3], [4, 5, 6, 7, 8]]
16: [[8], [1, 2, 0, 3], [4, 5, 6, 7]]
17: [[8, 7], [1, 2, 0, 3], [4, 5, 6]]
18: [[8, 7, 6], [1, 2, 0, 3], [4, 5]]
19: [[8, 7, 6, 5], [1, 2, 0, 3], [4]]
20: [[8, 7, 6, 5, 4], [1, 2, 0, 3], []]
21: [[8, 7, 6, 5, 4, 3], [1, 2, 0], []]
22: [[8, 7, 6, 5, 4, 3], [1, 2], [0]]
23: [[8, 7, 6, 5, 4, 3, 2], [1], [0]]
24: [[8, 7, 6, 5, 4, 3, 2, 1], [], [0]]
25: [[8, 7, 6, 5, 4, 3, 2, 1, 0], [], []]
--------------------------

The beam width:                  5
The length of solution:          30
The number of nodes expanded:    387
The total CPU time of heuristic: 0.002731000000006034
The total CPU time of A*:        0.23033500000000107
The type of heuristic:           NonAdimissible
-----------path-----------
1: [[2, 7, 6, 3, 4, 5, 8, 1, 0], [], []]
2: [[2, 7, 6, 3, 4, 5, 8, 1], [], [0]]
3: [[2, 7, 6, 3, 4, 5, 8], [], [0, 1]]
4: [[2, 7, 6, 3, 4, 5], [8], [0, 1]]
5: [[2, 7, 6, 3, 4], [8], [0, 1, 5]]
6: [[2, 7, 6, 3], [8, 4], [0, 1, 5]]
7: [[2, 7, 6], [8, 4], [0, 1, 5, 3]]
8: [[2, 7], [8, 4, 6], [0, 1, 5, 3]]
9: [[2], [8, 4, 6, 7], [0, 1, 5, 3]]
10: [[2, 3], [8, 4, 6, 7], [0, 1, 5]]
11: [[2, 3, 7], [8, 4, 6], [0, 1, 5]]
12: [[2, 3, 7], [8, 4], [0, 1, 5, 6]]
13: [[2, 3], [8, 4], [0, 1, 5, 6, 7]]
14: [[2], [8, 4], [0, 1, 5, 6, 7, 3]]
15: [[2, 4], [8], [0, 1, 5, 6, 7, 3]]
16: [[2, 4, 3], [8], [0, 1, 5, 6, 7]]
17: [[2, 4, 3], [], [0, 1, 5, 6, 7, 8]]
18: [[2, 4], [3], [0, 1, 5, 6, 7, 8]]
19: [[2], [3, 4], [0, 1, 5, 6, 7, 8]]
20: [[], [3, 4, 2], [0, 1, 5, 6, 7, 8]]
21: [[8], [3, 4, 2], [0, 1, 5, 6, 7]]
22: [[8, 7], [3, 4, 2], [0, 1, 5, 6]]
23: [[8, 7, 6], [3, 4, 2], [0, 1, 5]]
24: [[8, 7, 6, 5], [3, 4, 2], [0, 1]]
25: [[8, 7, 6, 5], [3, 4], [0, 1, 2]]
26: [[8, 7, 6, 5, 4], [3], [0, 1, 2]]
27: [[8, 7, 6, 5, 4, 3], [], [0, 1, 2]]
28: [[8, 7, 6, 5, 4, 3, 2], [], [0, 1]]
29: [[8, 7, 6, 5, 4, 3, 2, 1], [], [0]]
30: [[8, 7, 6, 5, 4, 3, 2, 1, 0], [], []]
--------------------------

The beam width:                  5
The length of solution:          28
The number of nodes expanded:    293
The total CPU time of heuristic: 0.002009999999987855
The total CPU time of A*:        0.15141500000000008
The type of heuristic:           NonAdimissible
-----------path-----------
1: [[7, 3, 5, 2, 6, 8, 1, 0, 4], [], []]
2: [[7, 3, 5, 2, 6, 8, 1, 0], [], [4]]
3: [[7, 3, 5, 2, 6, 8, 1], [0], [4]]
4: [[7, 3, 5, 2, 6, 8], [0, 1], [4]]
5: [[7, 3, 5, 2, 6], [0, 1, 8], [4]]
6: [[7, 3, 5, 2], [0, 1, 8, 6], [4]]
7: [[7, 3, 5], [0, 1, 8, 6], [4, 2]]
8: [[7, 3], [0, 1, 8, 6], [4, 2, 5]]
9: [[7, 3, 6], [0, 1, 8], [4, 2, 5]]
10: [[7, 3, 6, 5], [0, 1, 8], [4, 2]]
11: [[7, 3, 6, 5, 2], [0, 1, 8], [4]]
12: [[7, 3, 6, 5, 2], [0, 1], [4, 8]]
13: [[7, 3, 6, 5], [0, 1, 2], [4, 8]]
14: [[7, 3, 6], [0, 1, 2, 5], [4, 8]]
15: [[7, 3], [0, 1, 2, 5, 6], [4, 8]]
16: [[7], [0, 1, 2, 5, 6, 3], [4, 8]]
17: [[], [0, 1, 2, 5, 6, 3, 7], [4, 8]]
18: [[8], [0, 1, 2, 5, 6, 3, 7], [4]]
19: [[8, 7], [0, 1, 2, 5, 6, 3], [4]]
20: [[8, 7], [0, 1, 2, 5, 6], [4, 3]]
21: [[8, 7, 6], [0, 1, 2, 5], [4, 3]]
22: [[8, 7, 6, 5], [0, 1, 2], [4, 3]]
23: [[8, 7, 6, 5], [0, 1, 2, 3], [4]]
24: [[8, 7, 6, 5, 4], [0, 1, 2, 3], []]
25: [[8, 7, 6, 5, 4, 3], [0, 1, 2], []]
26: [[8, 7, 6, 5, 4, 3, 2], [0, 1], []]
27: [[8, 7, 6, 5, 4, 3, 2, 1], [0], []]
28: [[8, 7, 6, 5, 4, 3, 2, 1, 0], [], []]
--------------------------

The beam width:                  5
The length of solution:          34
The number of nodes expanded:    417
The total CPU time of heuristic: 0.002892000000021433
The total CPU time of A*:        0.27351999999999954
The type of heuristic:           NonAdimissible
-----------path-----------
1: [[5, 7, 2, 1, 3, 4, 6, 0, 8], [], []]
2: [[5, 7, 2, 1, 3, 4, 6, 0], [], [8]]
3: [[5, 7, 2, 1, 3, 4, 6], [], [8, 0]]
4: [[5, 7, 2, 1, 3, 4], [6], [8, 0]]
5: [[5, 7, 2, 1, 3], [6, 4], [8, 0]]
6: [[5, 7, 2, 1], [6, 4], [8, 0, 3]]
7: [[5, 7, 2, 1, 4], [6], [8, 0, 3]]
8: [[5, 7, 2, 1, 4, 3], [6], [8, 0]]
9: [[5, 7, 2, 1, 4, 3, 0], [6], [8]]
10: [[5, 7, 2, 1, 4, 3, 0], [6, 8], []]
11: [[5, 7, 2, 1, 4, 3], [6, 8], [0]]
12: [[5, 7, 2, 1, 4], [6, 8, 3], [0]]
13: [[5, 7, 2, 1], [6, 8, 3, 4], [0]]
14: [[5, 7, 2], [6, 8, 3, 4], [0, 1]]
15: [[5, 7], [6, 8, 3, 4], [0, 1, 2]]
16: [[5, 7], [6, 8, 3], [0, 1, 2, 4]]
17: [[5], [6, 8, 3, 7], [0, 1, 2, 4]]
18: [[], [6, 8, 3, 7], [0, 1, 2, 4, 5]]
19: [[], [6, 8, 3], [0, 1, 2, 4, 5, 7]]
20: [[3], [6, 8], [0, 1, 2, 4, 5, 7]]
21: [[3], [6], [0, 1, 2, 4, 5, 7, 8]]
22: [[], [6, 3], [0, 1, 2, 4, 5, 7, 8]]
23: [[8], [6, 3], [0, 1, 2, 4, 5, 7]]
24: [[8, 7], [6, 3], [0, 1, 2, 4, 5]]
25: [[8, 7, 3], [6], [0, 1, 2, 4, 5]]
26: [[8, 7, 3], [], [0, 1, 2, 4, 5, 6]]
27: [[8, 7], [3], [0, 1, 2, 4, 5, 6]]
28: [[8, 7, 6], [3], [0, 1, 2, 4, 5]]
29: [[8, 7, 6, 5], [3], [0, 1, 2, 4]]
30: [[8, 7, 6, 5, 4], [3], [0, 1, 2]]
31: [[8, 7, 6, 5, 4, 3], [], [0, 1, 2]]
32: [[8, 7, 6, 5, 4, 3, 2], [], [0, 1]]
33: [[8, 7, 6, 5, 4, 3, 2, 1], [], [0]]
34: [[8, 7, 6, 5, 4, 3, 2, 1, 0], [], []]
--------------------------

The beam width:                  5
The length of solution:          35
The number of nodes expanded:    399
The total CPU time of heuristic: 0.0027550000000138297
The total CPU time of A*:        0.2706679999999997
The type of heuristic:           NonAdimissible
-----------path-----------
1: [[6, 0, 2, 8, 3, 5, 1, 7, 4], [], []]
2: [[6, 0, 2, 8, 3, 5, 1, 7], [4], []]
3: [[6, 0, 2, 8, 3, 5, 1], [4, 7], []]
4: [[6, 0, 2, 8, 3, 5], [4, 7], [1]]
5: [[6, 0, 2, 8, 3], [4, 7, 5], [1]]
6: [[6, 0, 2, 8], [4, 7, 5], [1, 3]]
7: [[6, 0, 2, 8], [4, 7], [1, 3, 5]]
8: [[6, 0, 2], [4, 7, 8], [1, 3, 5]]
9: [[6, 0], [4, 7, 8, 2], [1, 3, 5]]
10: [[6], [4, 7, 8, 2], [1, 3, 5, 0]]
11: [[], [4, 7, 8, 2, 6], [1, 3, 5, 0]]
12: [[0], [4, 7, 8, 2, 6], [1, 3, 5]]
13: [[0], [4, 7, 8, 2], [1, 3, 5, 6]]
14: [[], [4, 7, 8, 2], [1, 3, 5, 6, 0]]
15: [[2], [4, 7, 8], [1, 3, 5, 6, 0]]
16: [[2, 8], [4, 7], [1, 3, 5, 6, 0]]
17: [[2, 8, 0], [4, 7], [1, 3, 5, 6]]
18: [[2, 8, 0], [4], [1, 3, 5, 6, 7]]
19: [[2, 8], [4, 0], [1, 3, 5, 6, 7]]
20: [[2], [4, 0], [1, 3, 5, 6, 7, 8]]
21: [[], [4, 0, 2], [1, 3, 5, 6, 7, 8]]
22: [[8], [4, 0, 2], [1, 3, 5, 6, 7]]
23: [[8, 7], [4, 0, 2], [1, 3, 5, 6]]
24: [[8, 7, 6], [4, 0, 2], [1, 3, 5]]
25: [[8, 7, 6, 5], [4, 0, 2], [1, 3]]
26: [[8, 7, 6, 5, 2], [4, 0], [1, 3]]
27: [[8, 7, 6, 5, 2, 0], [4], [1, 3]]
28: [[8, 7, 6, 5, 2, 0], [], [1, 3, 4]]
29: [[8, 7, 6, 5, 2], [0], [1, 3, 4]]
30: [[8, 7, 6, 5], [0, 2], [1, 3, 4]]
31: [[8, 7, 6, 5, 4], [0, 2], [1, 3]]
32: [[8, 7, 6, 5, 4, 3], [0, 2], [1]]
33: [[8, 7, 6, 5, 4, 3, 2], [0], [1]]
34: [[8, 7, 6, 5, 4, 3, 2, 1], [0], []]
35: [[8, 7, 6, 5, 4, 3, 2, 1, 0], [], []]
--------------------------

The beam width:                  5
The length of solution:          23
The number of nodes expanded:    221
The total CPU time of heuristic: 0.0016889999999989413
The total CPU time of A*:        0.10161700000000007
The type of heuristic:           NonAdimissible
-----------path-----------
1: [[7, 5, 8, 2, 6, 4, 0, 1, 3], [], []]
2: [[7, 5, 8, 2, 6, 4, 0, 1], [3], []]
3: [[7, 5, 8, 2, 6, 4, 0], [3], [1]]
4: [[7, 5, 8, 2, 6, 4], [3, 0], [1]]
5: [[7, 5, 8, 2, 6], [3, 0], [1, 4]]
6: [[7, 5, 8, 2], [3, 0], [1, 4, 6]]
7: [[7, 5, 8], [3, 0, 2], [1, 4, 6]]
8: [[7, 5], [3, 0, 2], [1, 4, 6, 8]]
9: [[7], [3, 0, 2, 5], [1, 4, 6, 8]]
10: [[], [3, 0, 2, 5, 7], [1, 4, 6, 8]]
11: [[8], [3, 0, 2, 5, 7], [1, 4, 6]]
12: [[8, 7], [3, 0, 2, 5], [1, 4, 6]]
13: [[8, 7, 6], [3, 0, 2, 5], [1, 4]]
14: [[8, 7, 6, 5], [3, 0, 2], [1, 4]]
15: [[8, 7, 6, 5, 4], [3, 0, 2], [1]]
16: [[8, 7, 6, 5, 4], [3, 0], [1, 2]]
17: [[8, 7, 6, 5, 4, 0], [3], [1, 2]]
18: [[8, 7, 6, 5, 4, 0], [], [1, 2, 3]]
19: [[8, 7, 6, 5, 4], [0], [1, 2, 3]]
20: [[8, 7, 6, 5, 4, 3], [0], [1, 2]]
21: [[8, 7, 6, 5, 4, 3, 2], [0], [1]]
22: [[8, 7, 6, 5, 4, 3, 2, 1], [0], []]
23: [[8, 7, 6, 5, 4, 3, 2, 1, 0], [], []]
--------------------------

The beam width:                  5
The length of solution:          28
The number of nodes expanded:    370
The total CPU time of heuristic: 0.0026030000000014653
The total CPU time of A*:        0.214696
The type of heuristic:           NonAdimissible
-----------path-----------
1: [[8, 5, 0, 3, 6, 7, 2, 4, 1], [], []]
2: [[8, 5, 0, 3, 6, 7, 2, 4], [1], []]
3: [[8, 5, 0, 3, 6, 7, 2], [1], [4]]
4: [[8, 5, 0, 3, 6, 7], [1, 2], [4]]
5: [[8, 5, 0, 3, 6], [1, 2, 7], [4]]
6: [[8, 5, 0, 3], [1, 2, 7], [4, 6]]
7: [[8, 5, 0], [1, 2, 7, 3], [4, 6]]
8: [[8, 5], [1, 2, 7, 3], [4, 6, 0]]
9: [[8], [1, 2, 7, 3, 5], [4, 6, 0]]
10: [[8, 0], [1, 2, 7, 3, 5], [4, 6]]
11: [[8, 0, 5], [1, 2, 7, 3], [4, 6]]
12: [[8, 0, 5, 3], [1, 2, 7], [4, 6]]
13: [[8, 0, 5, 3], [1, 2], [4, 6, 7]]
14: [[8, 0, 5], [1, 2, 3], [4, 6, 7]]
15: [[8, 0], [1, 2, 3, 5], [4, 6, 7]]
16: [[8], [1, 2, 3, 5, 0], [4, 6, 7]]
17: [[8, 7], [1, 2, 3, 5, 0], [4, 6]]
18: [[8, 7, 6], [1, 2, 3, 5, 0], [4]]
19: [[8, 7, 6, 0], [1, 2, 3, 5], [4]]
20: [[8, 7, 6, 0], [1, 2, 3], [4, 5]]
21: [[8, 7, 6], [1, 2, 3, 0], [4, 5]]
22: [[8, 7, 6, 5], [1, 2, 3, 0], [4]]
23: [[8, 7, 6, 5, 4], [1, 2, 3, 0], []]
24: [[8, 7, 6, 5, 4], [1, 2, 3], [0]]
25: [[8, 7, 6, 5, 4, 3], [1, 2], [0]]
26: [[8, 7, 6, 5, 4, 3, 2], [1], [0]]
27: [[8, 7, 6, 5, 4, 3, 2, 1], [], [0]]
28: [[8, 7, 6, 5, 4, 3, 2, 1, 0], [], []]
--------------------------

The beam width:                  5
The length of solution:          28
The number of nodes expanded:    245
The total CPU time of heuristic: 0.00168600000002872
The total CPU time of A*:        0.11138500000000029
The type of heuristic:           NonAdimissible
-----------path-----------
1: [[7, 5, 3, 2, 6, 0, 4, 1, 8], [], []]
2: [[7, 5, 3, 2, 6, 0, 4, 1], [8], []]
3: [[7, 5, 3, 2, 6, 0, 4], [8], [1]]
4: [[7, 5, 3, 2, 6, 0], [8], [1, 4]]
5: [[7, 5, 3, 2, 6], [8, 0], [1, 4]]
6: [[7, 5, 3, 2], [8, 0], [1, 4, 6]]
7: [[7, 5, 3], [8, 0, 2], [1, 4, 6]]
8: [[7, 5], [8, 0, 2, 3], [1, 4, 6]]
9: [[7], [8, 0, 2, 3, 5], [1, 4, 6]]
10: [[], [8, 0, 2, 3, 5], [1, 4, 6, 7]]
11: [[5], [8, 0, 2, 3], [1, 4, 6, 7]]
12: [[5, 3], [8, 0, 2], [1, 4, 6, 7]]
13: [[5, 3, 2], [8, 0], [1, 4, 6, 7]]
14: [[5, 3, 2, 0], [8], [1, 4, 6, 7]]
15: [[5, 3, 2, 0], [], [1, 4, 6, 7, 8]]
16: [[5, 3, 2], [0], [1, 4, 6, 7, 8]]
17: [[5, 3], [0, 2], [1, 4, 6, 7, 8]]
18: [[5], [0, 2, 3], [1, 4, 6, 7, 8]]
19: [[], [0, 2, 3, 5], [1, 4, 6, 7, 8]]
20: [[8], [0, 2, 3, 5], [1, 4, 6, 7]]
21: [[8, 7], [0, 2, 3, 5], [1, 4, 6]]
22: [[8, 7, 6], [0, 2, 3, 5], [1, 4]]
23: [[8, 7, 6, 5], [0, 2, 3], [1, 4]]
24: [[8, 7, 6, 5, 4], [0, 2, 3], [1]]
25: [[8, 7, 6, 5, 4, 3], [0, 2], [1]]
26: [[8, 7, 6, 5, 4, 3, 2], [0], [1]]
27: [[8, 7, 6, 5, 4, 3, 2, 1], [0], []]
28: [[8, 7, 6, 5, 4, 3, 2, 1, 0], [], []]
--------------------------

The beam width:                  5
The length of solution:          62
The number of nodes expanded:    1004
The total CPU time of heuristic: 0.007668999999971504
The total CPU time of A*:        1.4768049999999988
The type of heuristic:           NonAdimissible
-----------path-----------
1: [[0, 1, 4, 8, 2, 6, 7, 3, 5], [], []]
2: [[0, 1, 4, 8, 2, 6, 7, 3], [5], []]
3: [[0, 1, 4, 8, 2, 6, 7], [5], [3]]
4: [[0, 1, 4, 8, 2, 6], [5], [3, 7]]
5: [[0, 1, 4, 8, 2], [5, 6], [3, 7]]
6: [[0, 1, 4, 8], [5, 6, 2], [3, 7]]
7: [[0, 1, 4], [5, 6, 2, 8], [3, 7]]
8: [[0, 1], [5, 6, 2, 8], [3, 7, 4]]
9: [[0, 1, 8], [5, 6, 2], [3, 7, 4]]
10: [[0, 1, 8, 2], [5, 6], [3, 7, 4]]
11: [[0, 1, 8, 2, 4], [5, 6], [3, 7]]
12: [[0, 1, 8, 2, 4], [5, 6, 7], [3]]
13: [[0, 1, 8, 2], [5, 6, 7], [3, 4]]
14: [[0, 1, 8], [5, 6, 7, 2], [3, 4]]
15: [[0, 1], [5, 6, 7, 2], [3, 4, 8]]
16: [[0], [5, 6, 7, 2], [3, 4, 8, 1]]
17: [[0, 2], [5, 6, 7], [3, 4, 8, 1]]
18: [[0, 2, 1], [5, 6, 7], [3, 4, 8]]
19: [[0, 2, 1], [5, 6, 7, 8], [3, 4]]
20: [[0, 2], [5, 6, 7, 8, 1], [3, 4]]
21: [[0], [5, 6, 7, 8, 1, 2], [3, 4]]
22: [[], [5, 6, 7, 8, 1, 2], [3, 4, 0]]
23: [[2], [5, 6, 7, 8, 1], [3, 4, 0]]
24: [[2, 1], [5, 6, 7, 8], [3, 4, 0]]
25: [[2, 1, 0], [5, 6, 7, 8], [3, 4]]
26: [[2, 1, 0], [5, 6, 7], [3, 4, 8]]
27: [[2, 1], [5, 6, 7, 0], [3, 4, 8]]
28: [[2], [5, 6, 7, 0, 1], [3, 4, 8]]
29: [[], [5, 6, 7, 0, 1, 2], [3, 4, 8]]
30: [[8], [5, 6, 7, 0, 1, 2], [3, 4]]
31: [[8], [5, 6, 7, 0, 1], [3, 4, 2]]
32: [[8], [5, 6, 7, 0], [3, 4, 2, 1]]
33: [[8, 0], [5, 6, 7], [3, 4, 2, 1]]
34: [[8, 0, 1], [5, 6, 7], [3, 4, 2]]
35: [[8, 0, 1, 2], [5, 6, 7], [3, 4]]
36: [[8, 0, 1, 2, 7], [5, 6], [3, 4]]
37: [[8, 0, 1, 2, 7], [5], [3, 4, 6]]
38: [[8, 0, 1, 2], [5, 7], [3, 4, 6]]
39: [[8, 0, 1], [5, 7, 2], [3, 4, 6]]
40: [[8, 0], [5, 7, 2, 1], [3, 4, 6]]
41: [[8], [5, 7, 2, 1], [3, 4, 6, 0]]
42: [[8, 1], [5, 7, 2], [3, 4, 6, 0]]
43: [[8, 1, 2], [5, 7], [3, 4, 6, 0]]
44: [[8, 1, 2, 0], [5, 7], [3, 4, 6]]
45: [[8, 1, 2, 0], [5], [3, 4, 6, 7]]
46: [[8, 1, 2], [5, 0], [3, 4, 6, 7]]
47: [[8, 1], [5, 0, 2], [3, 4, 6, 7]]
48: [[8], [5, 0, 2], [3, 4, 6, 7, 1]]
49: [[8, 2], [5, 0], [3, 4, 6, 7, 1]]
50: [[8, 2], [5, 0, 1], [3, 4, 6, 7]]
51: [[8], [5, 0, 1, 2], [3, 4, 6, 7]]
52: [[8, 7], [5, 0, 1, 2], [3, 4, 6]]
53: [[8, 7, 6], [5, 0, 1, 2], [3, 4]]
54: [[8, 7, 6, 2], [5, 0, 1], [3, 4]]
55: [[8, 7, 6, 2, 1], [5, 0], [3, 4]]
56: [[8, 7, 6, 2, 1, 0], [5], [3, 4]]
57: [[8, 7, 6, 2, 1, 0], [], [3, 4, 5]]
58: [[8, 7, 6, 2, 1], [0], [3, 4, 5]]
59: [[8, 7, 6, 2], [0, 1], [3, 4, 5]]
60: [[8, 7, 6], [0, 1, 2], [3, 4, 5]]
61: [[8, 7, 6, 5], [0, 1, 2], [3, 4]]
62: [[8, 7, 6, 5, 4], [0, 1, 2], [3]]
--------------------------

The beam width:                  5
The length of solution:          25
The number of nodes expanded:    246
The total CPU time of heuristic: 0.0018049999999938393
The total CPU time of A*:        0.1313980000000008
The type of heuristic:           NonAdimissible
-----------path-----------
1: [[6, 2, 4, 5, 8, 3, 0, 7, 1], [], []]
2: [[6, 2, 4, 5, 8, 3, 0, 7], [], [1]]
3: [[6, 2, 4, 5, 8, 3, 0], [], [1, 7]]
4: [[6, 2, 4, 5, 8, 3], [0], [1, 7]]
5: [[6, 2, 4, 5, 8], [0, 3], [1, 7]]
6: [[6, 2, 4, 5], [0, 3, 8], [1, 7]]
7: [[6, 2, 4], [0, 3, 8, 5], [1, 7]]
8: [[6, 2], [0, 3, 8, 5], [1, 7, 4]]
9: [[6, 2, 5], [0, 3, 8], [1, 7, 4]]
10: [[6, 2, 5, 4], [0, 3, 8], [1, 7]]
11: [[6, 2, 5, 4], [0, 3], [1, 7, 8]]
12: [[6, 2, 5], [0, 3, 4], [1, 7, 8]]
13: [[6, 2], [0, 3, 4, 5], [1, 7, 8]]
14: [[6], [0, 3, 4, 5, 2], [1, 7, 8]]
15: [[], [0, 3, 4, 5, 2, 6], [1, 7, 8]]
16: [[8], [0, 3, 4, 5, 2, 6], [1, 7]]
17: [[8, 7], [0, 3, 4, 5, 2, 6], [1]]
18: [[8, 7, 6], [0, 3, 4, 5, 2], [1]]
19: [[8, 7, 6], [0, 3, 4, 5], [1, 2]]
20: [[8, 7, 6, 5], [0, 3, 4], [1, 2]]
21: [[8, 7, 6, 5, 4], [0, 3], [1, 2]]
22: [[8, 7, 6, 5, 4, 3], [0], [1, 2]]
23: [[8, 7, 6, 5, 4, 3, 2], [0], [1]]
24: [[8, 7, 6, 5, 4, 3, 2, 1], [0], []]
25: [[8, 7, 6, 5, 4, 3, 2, 1, 0], [], []]
--------------------------

The beam width:                  5
The length of solution:          33
The number of nodes expanded:    391
The total CPU time of heuristic: 0.0028389999999873794
The total CPU time of A*:        0.26740600000000114
The type of heuristic:           NonAdimissible
-----------path-----------
1: [[5, 1, 3, 8, 2, 0, 4, 7, 6], [], []]
2: [[5, 1, 3, 8, 2, 0, 4, 7], [6], []]
3: [[5, 1, 3, 8, 2, 0, 4], [6, 7], []]
4: [[5, 1, 3, 8, 2, 0], [6, 7, 4], []]
5: [[5, 1, 3, 8, 2], [6, 7, 4], [0]]
6: [[5, 1, 3, 8], [6, 7, 4], [0, 2]]
7: [[5, 1, 3], [6, 7, 4, 8], [0, 2]]
8: [[5, 1], [6, 7, 4, 8], [0, 2, 3]]
9: [[5], [6, 7, 4, 8], [0, 2, 3, 1]]
10: [[], [6, 7, 4, 8], [0, 2, 3, 1, 5]]
11: [[8], [6, 7, 4], [0, 2, 3, 1, 5]]
12: [[8], [6, 7, 4, 5], [0, 2, 3, 1]]
13: [[8, 1], [6, 7, 4, 5], [0, 2, 3]]
14: [[8, 1, 5], [6, 7, 4], [0, 2, 3]]
15: [[8, 1, 5], [6, 7], [0, 2, 3, 4]]
16: [[8, 1], [6, 7, 5], [0, 2, 3, 4]]
17: [[8], [6, 7, 5], [0, 2, 3, 4, 1]]
18: [[8, 5], [6, 7], [0, 2, 3, 4, 1]]
19: [[8, 5, 1], [6, 7], [0, 2, 3, 4]]
20: [[8, 5, 1], [6], [0, 2, 3, 4, 7]]
21: [[8, 5], [6, 1], [0, 2, 3, 4, 7]]
22: [[8], [6, 1, 5], [0, 2, 3, 4, 7]]
23: [[8, 7], [6, 1, 5], [0, 2, 3, 4]]
24: [[8, 7], [6, 1], [0, 2, 3, 4, 5]]
25: [[8, 7], [6], [0, 2, 3, 4, 5, 1]]
26: [[8, 7, 6], [], [0, 2, 3, 4, 5, 1]]
27: [[8, 7, 6], [1], [0, 2, 3, 4, 5]]
28: [[8, 7, 6, 5], [1], [0, 2, 3, 4]]
29: [[8, 7, 6, 5, 4], [1], [0, 2, 3]]
30: [[8, 7, 6, 5, 4, 3], [1], [0, 2]]
31: [[8, 7, 6, 5, 4, 3, 2], [1], [0]]
32: [[8, 7, 6, 5, 4, 3, 2, 1], [], [0]]
33: [[8, 7, 6, 5, 4, 3, 2, 1, 0], [], []]
--------------------------

The beam width:                  5
The length of solution:          59
The number of nodes expanded:    901
The total CPU time of heuristic: 0.00661799999995516
The total CPU time of A*:        1.146416000000002
The type of heuristic:           NonAdimissible
-----------path-----------
1: [[6, 2, 1, 3, 4, 5, 7, 8, 0], [], []]
2: [[6, 2, 1, 3, 4, 5, 7, 8], [], [0]]
3: [[6, 2, 1, 3, 4, 5, 7], [], [0, 8]]
4: [[6, 2, 1, 3, 4, 5], [7], [0, 8]]
5: [[6, 2, 1, 3, 4], [7, 5], [0, 8]]
6: [[6, 2, 1, 3], [7, 5], [0, 8, 4]]
7: [[6, 2, 1, 3, 5], [7], [0, 8, 4]]
8: [[6, 2, 1, 3, 5, 4], [7], [0, 8]]
9: [[6, 2, 1, 3, 5, 4], [7, 8], [0]]
10: [[6, 2, 1, 3, 5], [7, 8], [0, 4]]
11: [[6, 2, 1, 3], [7, 8], [0, 4, 5]]
12: [[6, 2, 1], [7, 8, 3], [0, 4, 5]]
13: [[6, 2], [7, 8, 3], [0, 4, 5, 1]]
14: [[6], [7, 8, 3], [0, 4, 5, 1, 2]]
15: [[], [7, 8, 3, 6], [0, 4, 5, 1, 2]]
16: [[2], [7, 8, 3, 6], [0, 4, 5, 1]]
17: [[2, 6], [7, 8, 3], [0, 4, 5, 1]]
18: [[2, 6, 3], [7, 8], [0, 4, 5, 1]]
19: [[2, 6, 3, 1], [7, 8], [0, 4, 5]]
20: [[2, 6, 3, 1], [7], [0, 4, 5, 8]]
21: [[2, 6, 3], [7, 1], [0, 4, 5, 8]]
22: [[2, 6], [7, 1, 3], [0, 4, 5, 8]]
23: [[2], [7, 1, 3, 6], [0, 4, 5, 8]]
24: [[], [7, 1, 3, 6], [0, 4, 5, 8, 2]]
25: [[6], [7, 1, 3], [0, 4, 5, 8, 2]]
26: [[6, 3], [7, 1], [0, 4, 5, 8, 2]]
27: [[6, 3, 1], [7], [0, 4, 5, 8, 2]]
28: [[6, 3, 1, 2], [7], [0, 4, 5, 8]]
29: [[6, 3, 1, 2], [7, 8], [0, 4, 5]]
30: [[6, 3, 1], [7, 8, 2], [0, 4, 5]]
31: [[6, 3], [7, 8, 2], [0, 4, 5, 1]]
32: [[6], [7, 8, 2, 3], [0, 4, 5, 1]]
33: [[], [7, 8, 2, 3, 6], [0, 4, 5, 1]]
34: [[1], [7, 8, 2, 3, 6], [0, 4, 5]]
35: [[1], [7, 8, 2, 3], [0, 4, 5, 6]]
36: [[], [7, 8, 2, 3], [0, 4, 5, 6, 1]]
37: [[3], [7, 8, 2], [0, 4, 5, 6, 1]]
38: [[3, 2], [7, 8], [0, 4, 5, 6, 1]]
39: [[3, 2, 1], [7, 8], [0, 4, 5, 6]]
40: [[3, 2, 1], [7], [0, 4, 5, 6, 8]]
41: [[3, 2], [7, 1], [0, 4, 5, 6, 8]]
42: [[3], [7, 1, 2], [0, 4, 5, 6, 8]]
43: [[], [7, 1, 2, 3], [0, 4, 5, 6, 8]]
44: [[8], [7, 1, 2, 3], [0, 4, 5, 6]]
45: [[8, 3], [7, 1, 2], [0, 4, 5, 6]]
46: [[8, 3, 2], [7, 1], [0, 4, 5, 6]]
47: [[8, 3, 2, 1], [7], [0, 4, 5, 6]]
48: [[8, 3, 2, 1], [], [0, 4, 5, 6, 7]]
49: [[8, 3, 2], [1], [0, 4, 5, 6, 7]]
50: [[8, 3], [1, 2], [0, 4, 5, 6, 7]]
51: [[8], [1, 2, 3], [0, 4, 5, 6, 7]]
52: [[8, 7], [1, 2, 3], [0, 4, 5, 6]]
53: [[8, 7, 6], [1, 2, 3], [0, 4, 5]]
54: [[8, 7, 6, 5], [1, 2, 3], [0, 4]]
55: [[8, 7, 6, 5, 4], [1, 2, 3], [0]]
56: [[8, 7, 6, 5, 4, 3], [1, 2], [0]]
57: [[8, 7, 6, 5, 4, 3, 2], [1], [0]]
58: [[8, 7, 6, 5, 4, 3, 2, 1], [], [0]]
59: [[8, 7, 6, 5, 4, 3, 2, 1, 0], [], []]
--------------------------

The beam width:                  5
The length of solution:          30
The number of nodes expanded:    387
The total CPU time of heuristic: 0.002719000000009686
The total CPU time of A*:        0.24085099999999926
The type of heuristic:           NonAdimissible
-----------path-----------
1: [[8, 4, 0, 6, 2, 1, 7, 5, 3], [], []]
2: [[8, 4, 0, 6, 2, 1, 7, 5], [], [3]]
3: [[8, 4, 0, 6, 2, 1, 7], [], [3, 5]]
4: [[8, 4, 0, 6, 2, 1], [7], [3, 5]]
5: [[8, 4, 0, 6, 2], [7, 1], [3, 5]]
6: [[8, 4, 0, 6], [7, 1, 2], [3, 5]]
7: [[8, 4, 0], [7, 1, 2], [3, 5, 6]]
8: [[8, 4], [7, 1, 2], [3, 5, 6, 0]]
9: [[8], [7, 1, 2, 4], [3, 5, 6, 0]]
10: [[8, 0], [7, 1, 2, 4], [3, 5, 6]]
11: [[8, 0, 4], [7, 1, 2], [3, 5, 6]]
12: [[8, 0, 4, 2], [7, 1], [3, 5, 6]]
13: [[8, 0, 4, 2, 1], [7], [3, 5, 6]]
14: [[8, 0, 4, 2, 1], [], [3, 5, 6, 7]]
15: [[8, 0, 4, 2], [1], [3, 5, 6, 7]]
16: [[8, 0, 4], [1, 2], [3, 5, 6, 7]]
17: [[8, 0], [1, 2, 4], [3, 5, 6, 7]]
18: [[8], [1, 2, 4, 0], [3, 5, 6, 7]]
19: [[8, 7], [1, 2, 4, 0], [3, 5, 6]]
20: [[8, 7, 6], [1, 2, 4, 0], [3, 5]]
21: [[8, 7, 6, 5], [1, 2, 4, 0], [3]]
22: [[8, 7, 6, 5, 0], [1, 2, 4], [3]]
23: [[8, 7, 6, 5, 0], [1, 2], [3, 4]]
24: [[8, 7, 6, 5], [1, 2, 0], [3, 4]]
25: [[8, 7, 6, 5, 4], [1, 2, 0], [3]]
26: [[8, 7, 6, 5, 4, 3], [1, 2, 0], []]
27: [[8, 7, 6, 5, 4, 3], [1, 2], [0]]
28: [[8, 7, 6, 5, 4, 3, 2], [1], [0]]
29: [[8, 7, 6, 5, 4, 3, 2, 1], [], [0]]
30: [[8, 7, 6, 5, 4, 3, 2, 1, 0], [], []]
--------------------------

The beam width:                  5
The length of solution:          28
The number of nodes expanded:    298
The total CPU time of heuristic: 0.0020530000000036353
The total CPU time of A*:        0.15634499999999996
The type of heuristic:           NonAdimissible
-----------path-----------
1: [[2, 1, 8, 5, 6, 7, 3, 0, 4], [], []]
2: [[2, 1, 8, 5, 6, 7, 3, 0], [], [4]]
3: [[2, 1, 8, 5, 6, 7, 3], [0], [4]]
4: [[2, 1, 8, 5, 6, 7], [0, 3], [4]]
5: [[2, 1, 8, 5, 6], [0, 3, 7], [4]]
6: [[2, 1, 8, 5], [0, 3, 7, 6], [4]]
7: [[2, 1, 8], [0, 3, 7, 6], [4, 5]]
8: [[2, 1, 8], [0, 3, 7], [4, 5, 6]]
9: [[2, 1], [0, 3, 7], [4, 5, 6, 8]]
10: [[2], [0, 3, 7, 1], [4, 5, 6, 8]]
11: [[], [0, 3, 7, 1, 2], [4, 5, 6, 8]]
12: [[8], [0, 3, 7, 1, 2], [4, 5, 6]]
13: [[8, 2], [0, 3, 7, 1], [4, 5, 6]]
14: [[8, 2, 1], [0, 3, 7], [4, 5, 6]]
15: [[8, 2, 1], [0, 3], [4, 5, 6, 7]]
16: [[8, 2], [0, 3, 1], [4, 5, 6, 7]]
17: [[8], [0, 3, 1, 2], [4, 5, 6, 7]]
18: [[8, 7], [0, 3, 1, 2], [4, 5, 6]]
19: [[8, 7, 6], [0, 3, 1, 2], [4, 5]]
20: [[8, 7, 6, 5], [0, 3, 1, 2], [4]]
21: [[8, 7, 6, 5, 4], [0, 3, 1, 2], []]
22: [[8, 7, 6, 5, 4, 2], [0, 3, 1], []]
23: [[8, 7, 6, 5, 4, 2], [0, 3], [1]]
24: [[8, 7, 6, 5, 4], [0, 3], [1, 2]]
25: [[8, 7, 6, 5, 4, 3], [0], [1, 2]]
26: [[8, 7, 6, 5, 4, 3, 2], [0], [1]]
27: [[8, 7, 6, 5, 4, 3, 2, 1], [0], []]
28: [[8, 7, 6, 5, 4, 3, 2, 1, 0], [], []]
--------------------------

The beam width:                  5
The length of solution:          34
The number of nodes expanded:    430
The total CPU time of heuristic: 0.003080000000036165
The total CPU time of A*:        0.30184000000000033
The type of heuristic:           NonAdimissible
-----------path-----------
1: [[7, 5, 0, 3, 1, 4, 6, 8, 2], [], []]
2: [[7, 5, 0, 3, 1, 4, 6, 8], [], [2]]
3: [[7, 5, 0, 3, 1, 4, 6], [8], [2]]
4: [[7, 5, 0, 3, 1, 4], [8, 6], [2]]
5: [[7, 5, 0, 3, 1], [8, 6], [2, 4]]
6: [[7, 5, 0, 3], [8, 6], [2, 4, 1]]
7: [[7, 5, 0], [8, 6], [2, 4, 1, 3]]
8: [[7, 5, 0, 6], [8], [2, 4, 1, 3]]
9: [[7, 5, 0, 6, 3], [8], [2, 4, 1]]
10: [[7, 5, 0, 6, 3, 1], [8], [2, 4]]
11: [[7, 5, 0, 6, 3, 1], [], [2, 4, 8]]
12: [[7, 5, 0, 6, 3], [1], [2, 4, 8]]
13: [[7, 5, 0, 6], [1, 3], [2, 4, 8]]
14: [[7, 5, 0], [1, 3, 6], [2, 4, 8]]
15: [[7, 5], [1, 3, 6, 0], [2, 4, 8]]
16: [[7], [1, 3, 6, 0, 5], [2, 4, 8]]
17: [[], [1, 3, 6, 0, 5, 7], [2, 4, 8]]
18: [[8], [1, 3, 6, 0, 5, 7], [2, 4]]
19: [[8, 7], [1, 3, 6, 0, 5], [2, 4]]
20: [[8, 7, 5], [1, 3, 6, 0], [2, 4]]
21: [[8, 7, 5, 0], [1, 3, 6], [2, 4]]
22: [[8, 7, 5, 0], [1, 3], [2, 4, 6]]
23: [[8, 7, 5], [1, 3, 0], [2, 4, 6]]
24: [[8, 7], [1, 3, 0, 5], [2, 4, 6]]
25: [[8, 7, 6], [1, 3, 0, 5], [2, 4]]
26: [[8, 7, 6, 5], [1, 3, 0], [2, 4]]
27: [[8, 7, 6, 5, 4], [1, 3, 0], [2]]
28: [[8, 7, 6, 5, 4], [1, 3], [2, 0]]
29: [[8, 7, 6, 5, 4, 3], [1], [2, 0]]
30: [[8, 7, 6, 5, 4, 3], [1, 0], [2]]
31: [[8, 7, 6, 5, 4, 3, 2], [1, 0], []]
32: [[8, 7, 6, 5, 4, 3, 2], [1], [0]]
33: [[8, 7, 6, 5, 4, 3, 2, 1], [], [0]]
34: [[8, 7, 6, 5, 4, 3, 2, 1, 0], [], []]
--------------------------

The beam width:                  5
The length of solution:          31
The number of nodes expanded:    377
The total CPU time of heuristic: 0.0026650000000039142
The total CPU time of A*:        0.22034900000000057
The type of heuristic:           NonAdimissible
-----------path-----------
1: [[8, 0, 1, 3, 7, 5, 4, 6, 2], [], []]
2: [[8, 0, 1, 3, 7, 5, 4, 6], [2], []]
3: [[8, 0, 1, 3, 7, 5, 4], [2], [6]]
4: [[8, 0, 1, 3, 7, 5], [2, 4], [6]]
5: [[8, 0, 1, 3, 7], [2, 4, 5], [6]]
6: [[8, 0, 1, 3], [2, 4, 5, 7], [6]]
7: [[8, 0, 1], [2, 4, 5, 7, 3], [6]]
8: [[8, 0], [2, 4, 5, 7, 3], [6, 1]]
9: [[8, 0, 3], [2, 4, 5, 7], [6, 1]]
10: [[8, 0, 3, 1], [2, 4, 5, 7], [6]]
11: [[8, 0, 3, 1, 6], [2, 4, 5, 7], []]
12: [[8, 0, 3, 1, 6], [2, 4, 5], [7]]
13: [[8, 0, 3, 1], [2, 4, 5, 6], [7]]
14: [[8, 0, 3], [2, 4, 5, 6, 1], [7]]
15: [[8, 0], [2, 4, 5, 6, 1, 3], [7]]
16: [[8], [2, 4, 5, 6, 1, 3], [7, 0]]
17: [[8, 3], [2, 4, 5, 6, 1], [7, 0]]
18: [[8, 3, 1], [2, 4, 5, 6], [7, 0]]
19: [[8, 3, 1, 0], [2, 4, 5, 6], [7]]
20: [[8, 3, 1, 0], [2, 4, 5, 6, 7], []]
21: [[8, 3, 1], [2, 4, 5, 6, 7], [0]]
22: [[8, 3], [2, 4, 5, 6, 7], [0, 1]]
23: [[8], [2, 4, 5, 6, 7], [0, 1, 3]]
24: [[8, 7], [2, 4, 5, 6], [0, 1, 3]]
25: [[8, 7, 6], [2, 4, 5], [0, 1, 3]]
26: [[8, 7, 6, 5], [2, 4], [0, 1, 3]]
27: [[8, 7, 6, 5, 4], [2], [0, 1, 3]]
28: [[8, 7, 6, 5, 4, 3], [2], [0, 1]]
29: [[8, 7, 6, 5, 4, 3, 2], [], [0, 1]]
30: [[8, 7, 6, 5, 4, 3, 2, 1], [], [0]]
31: [[8, 7, 6, 5, 4, 3, 2, 1, 0], [], []]
--------------------------

The beam width:                  5
The length of solution:          32
The number of nodes expanded:    352
The total CPU time of heuristic: 0.0023319999999795726
The total CPU time of A*:        0.20321200000000061
The type of heuristic:           NonAdimissible
-----------path-----------
1: [[3, 2, 5, 6, 4, 0, 8, 7, 1], [], []]
2: [[3, 2, 5, 6, 4, 0, 8, 7], [1], []]
3: [[3, 2, 5, 6, 4, 0, 8], [1, 7], []]
4: [[3, 2, 5, 6, 4, 0], [1, 7, 8], []]
5: [[3, 2, 5, 6, 4], [1, 7, 8], [0]]
6: [[3, 2, 5, 6], [1, 7, 8], [0, 4]]
7: [[3, 2, 5], [1, 7, 8, 6], [0, 4]]
8: [[3, 2], [1, 7, 8, 6], [0, 4, 5]]
9: [[3], [1, 7, 8, 6], [0, 4, 5, 2]]
10: [[], [1, 7, 8, 6], [0, 4, 5, 2, 3]]
11: [[6], [1, 7, 8], [0, 4, 5, 2, 3]]
12: [[6, 3], [1, 7, 8], [0, 4, 5, 2]]
13: [[6, 3, 2], [1, 7, 8], [0, 4, 5]]
14: [[6, 3, 2], [1, 7], [0, 4, 5, 8]]
15: [[6, 3], [1, 7, 2], [0, 4, 5, 8]]
16: [[6], [1, 7, 2, 3], [0, 4, 5, 8]]
17: [[], [1, 7, 2, 3, 6], [0, 4, 5, 8]]
18: [[8], [1, 7, 2, 3, 6], [0, 4, 5]]
19: [[8], [1, 7, 2, 3], [0, 4, 5, 6]]
20: [[8, 3], [1, 7, 2], [0, 4, 5, 6]]
21: [[8, 3, 2], [1, 7], [0, 4, 5, 6]]
22: [[8, 3, 2], [1], [0, 4, 5, 6, 7]]
23: [[8, 3], [1, 2], [0, 4, 5, 6, 7]]
24: [[8], [1, 2, 3], [0, 4, 5, 6, 7]]
25: [[8, 7], [1, 2, 3], [0, 4, 5, 6]]
26: [[8, 7, 6], [1, 2, 3], [0, 4, 5]]
27: [[8, 7, 6, 5], [1, 2, 3], [0, 4]]
28: [[8, 7, 6, 5, 4], [1, 2, 3], [0]]
29: [[8, 7, 6, 5, 4, 3], [1, 2], [0]]
30: [[8, 7, 6, 5, 4, 3, 2], [1], [0]]
31: [[8, 7, 6, 5, 4, 3, 2, 1], [], [0]]
32: [[8, 7, 6, 5, 4, 3, 2, 1, 0], [], []]
--------------------------

The beam width:                  5
The length of solution:          27
The number of nodes expanded:    289
The total CPU time of heuristic: 0.0020869999999870714
The total CPU time of A*:        0.1568719999999999
The type of heuristic:           NonAdimissible
-----------path-----------
1: [[7, 5, 0, 8, 2, 4, 1, 6, 3], [], []]
2: [[7, 5, 0, 8, 2, 4, 1, 6], [3], []]
3: [[7, 5, 0, 8, 2, 4, 1], [3, 6], []]
4: [[7, 5, 0, 8, 2, 4], [3, 6], [1]]
5: [[7, 5, 0, 8, 2], [3, 6, 4], [1]]
6: [[7, 5, 0, 8], [3, 6, 4], [1, 2]]
7: [[7, 5, 0, 8], [3, 6], [1, 2, 4]]
8: [[7, 5, 0], [3, 6], [1, 2, 4, 8]]
9: [[7, 5], [3, 6, 0], [1, 2, 4, 8]]
10: [[7], [3, 6, 0, 5], [1, 2, 4, 8]]
11: [[], [3, 6, 0, 5, 7], [1, 2, 4, 8]]
12: [[8], [3, 6, 0, 5, 7], [1, 2, 4]]
13: [[8, 7], [3, 6, 0, 5], [1, 2, 4]]
14: [[8, 7, 5], [3, 6, 0], [1, 2, 4]]
15: [[8, 7, 5, 0], [3, 6], [1, 2, 4]]
16: [[8, 7, 5, 0], [3], [1, 2, 4, 6]]
17: [[8, 7, 5], [3, 0], [1, 2, 4, 6]]
18: [[8, 7], [3, 0, 5], [1, 2, 4, 6]]
19: [[8, 7, 6], [3, 0, 5], [1, 2, 4]]
20: [[8, 7, 6, 5], [3, 0], [1, 2, 4]]
21: [[8, 7, 6, 5, 4], [3, 0], [1, 2]]
22: [[8, 7, 6, 5, 4], [3], [1, 2, 0]]
23: [[8, 7, 6, 5, 4, 3], [], [1, 2, 0]]
24: [[8, 7, 6, 5, 4, 3], [0], [1, 2]]
25: [[8, 7, 6, 5, 4, 3, 2], [0], [1]]
26: [[8, 7, 6, 5, 4, 3, 2, 1], [0], []]
27: [[8, 7, 6, 5, 4, 3, 2, 1, 0], [], []]
--------------------------

The beam width:                  5
The length of solution:          43
The number of nodes expanded:    588
The total CPU time of heuristic: 0.004326999999966219
The total CPU time of A*:        0.5179290000000005
The type of heuristic:           NonAdimissible
-----------path-----------
1: [[6, 5, 0, 2, 1, 8, 7, 3, 4], [], []]
2: [[6, 5, 0, 2, 1, 8, 7, 3], [], [4]]
3: [[6, 5, 0, 2, 1, 8, 7], [3], [4]]
4: [[6, 5, 0, 2, 1, 8], [3, 7], [4]]
5: [[6, 5, 0, 2, 1], [3, 7, 8], [4]]
6: [[6, 5, 0, 2], [3, 7, 8, 1], [4]]
7: [[6, 5, 0], [3, 7, 8, 1, 2], [4]]
8: [[6, 5], [3, 7, 8, 1, 2], [4, 0]]
9: [[6], [3, 7, 8, 1, 2, 5], [4, 0]]
10: [[], [3, 7, 8, 1, 2, 5, 6], [4, 0]]
11: [[0], [3, 7, 8, 1, 2, 5, 6], [4]]
12: [[0, 6], [3, 7, 8, 1, 2, 5], [4]]
13: [[0, 6], [3, 7, 8, 1, 2], [4, 5]]
14: [[0], [3, 7, 8, 1, 2], [4, 5, 6]]
15: [[], [3, 7, 8, 1, 2], [4, 5, 6, 0]]
16: [[2], [3, 7, 8, 1], [4, 5, 6, 0]]
17: [[2, 1], [3, 7, 8], [4, 5, 6, 0]]
18: [[2, 1, 0], [3, 7, 8], [4, 5, 6]]
19: [[2, 1, 0], [3, 7], [4, 5, 6, 8]]
20: [[2, 1], [3, 7, 0], [4, 5, 6, 8]]
21: [[2], [3, 7, 0, 1], [4, 5, 6, 8]]
22: [[], [3, 7, 0, 1, 2], [4, 5, 6, 8]]
23: [[8], [3, 7, 0, 1, 2], [4, 5, 6]]
24: [[8, 2], [3, 7, 0, 1], [4, 5, 6]]
25: [[8, 2, 1], [3, 7, 0], [4, 5, 6]]
26: [[8, 2, 1, 0], [3, 7], [4, 5, 6]]
27: [[8, 2, 1, 0], [3], [4, 5, 6, 7]]
28: [[8, 2, 1], [3, 0], [4, 5, 6, 7]]
29: [[8, 2], [3, 0, 1], [4, 5, 6, 7]]
30: [[8], [3, 0, 1, 2], [4, 5, 6, 7]]
31: [[8, 7], [3, 0, 1, 2], [4, 5, 6]]
32: [[8, 7, 6], [3, 0, 1, 2], [4, 5]]
33: [[8, 7, 6, 5], [3, 0, 1, 2], [4]]
34: [[8, 7, 6, 5, 4], [3, 0, 1, 2], []]
35: [[8, 7, 6, 5, 4, 2], [3, 0, 1], []]
36: [[8, 7, 6, 5, 4, 2, 1], [3, 0], []]
37: [[8, 7, 6, 5, 4, 2, 1], [3], [0]]
38: [[8, 7, 6, 5, 4, 2], [3], [0, 1]]
39: [[8, 7, 6, 5, 4], [3], [0, 1, 2]]
40: [[8, 7, 6, 5, 4, 3], [], [0, 1, 2]]
41: [[8, 7, 6, 5, 4, 3, 2], [], [0, 1]]
42: [[8, 7, 6, 5, 4, 3, 2, 1], [], [0]]
43: [[8, 7, 6, 5, 4, 3, 2, 1, 0], [], []]
--------------------------

The beam width:                  5
The length of solution:          32
The number of nodes expanded:    361
The total CPU time of heuristic: 0.002846000000033655
The total CPU time of A*:        0.23011400000000037
The type of heuristic:           NonAdimissible
-----------path-----------
1: [[1, 4, 6, 8, 2, 3, 0, 7, 5], [], []]
2: [[1, 4, 6, 8, 2, 3, 0, 7], [5], []]
3: [[1, 4, 6, 8, 2, 3, 0], [5, 7], []]
4: [[1, 4, 6, 8, 2, 3], [5, 7], [0]]
5: [[1, 4, 6, 8, 2], [5, 7, 3], [0]]
6: [[1, 4, 6, 8], [5, 7, 3], [0, 2]]
7: [[1, 4, 6, 8], [5, 7], [0, 2, 3]]
8: [[1, 4, 6], [5, 7, 8], [0, 2, 3]]
9: [[1, 4], [5, 7, 8, 6], [0, 2, 3]]
10: [[1], [5, 7, 8, 6], [0, 2, 3, 4]]
11: [[], [5, 7, 8, 6], [0, 2, 3, 4, 1]]
12: [[6], [5, 7, 8], [0, 2, 3, 4, 1]]
13: [[6, 1], [5, 7, 8], [0, 2, 3, 4]]
14: [[6, 1], [5, 7], [0, 2, 3, 4, 8]]
15: [[6], [5, 7, 1], [0, 2, 3, 4, 8]]
16: [[], [5, 7, 1, 6], [0, 2, 3, 4, 8]]
17: [[8], [5, 7, 1, 6], [0, 2, 3, 4]]
18: [[8], [5, 7, 1], [0, 2, 3, 4, 6]]
19: [[8, 1], [5, 7], [0, 2, 3, 4, 6]]
20: [[8, 1], [5], [0, 2, 3, 4, 6, 7]]
21: [[8], [5, 1], [0, 2, 3, 4, 6, 7]]
22: [[8, 7], [5, 1], [0, 2, 3, 4, 6]]
23: [[8, 7, 6], [5, 1], [0, 2, 3, 4]]
24: [[8, 7, 6, 1], [5], [0, 2, 3, 4]]
25: [[8, 7, 6, 1], [], [0, 2, 3, 4, 5]]
26: [[8, 7, 6], [1], [0, 2, 3, 4, 5]]
27: [[8, 7, 6, 5], [1], [0, 2, 3, 4]]
28: [[8, 7, 6, 5, 4], [1], [0, 2, 3]]
29: [[8, 7, 6, 5, 4, 3], [1], [0, 2]]
30: [[8, 7, 6, 5, 4, 3, 2], [1], [0]]
31: [[8, 7, 6, 5, 4, 3, 2, 1], [], [0]]
32: [[8, 7, 6, 5, 4, 3, 2, 1, 0], [], []]
--------------------------

