The beam width:                  100
The length of solution:          20
The number of nodes expanded:    866
The total CPU time of heuristic: 0.006021999999546779
The total CPU time of A*:        0.47737300000000005
The type of heuristic:           NonAdimissible
-----------path-----------
1: [[1, 3, 0, 6, 5, 2, 4, 7], [], []]
2: [[1, 3, 0, 6, 5, 2, 4], [], [7]]
3: [[1, 3, 0, 6, 5, 2], [], [7, 4]]
4: [[1, 3, 0, 6, 5], [2], [7, 4]]
5: [[1, 3, 0, 6, 5], [2, 4], [7]]
6: [[1, 3, 0, 6], [2, 4, 5], [7]]
7: [[1, 3, 0], [2, 4, 5, 6], [7]]
8: [[1, 3, 0], [2, 4, 5, 6, 7], []]
9: [[1, 3], [2, 4, 5, 6, 7], [0]]
10: [[1], [2, 4, 5, 6, 7, 3], [0]]
11: [[], [2, 4, 5, 6, 7, 3], [0, 1]]
12: [[], [2, 4, 5, 6, 7], [0, 1, 3]]
13: [[7], [2, 4, 5, 6], [0, 1, 3]]
14: [[7, 6], [2, 4, 5], [0, 1, 3]]
15: [[7, 6, 5], [2, 4], [0, 1, 3]]
16: [[7, 6, 5, 4], [2], [0, 1, 3]]
17: [[7, 6, 5, 4, 3], [2], [0, 1]]
18: [[7, 6, 5, 4, 3, 2], [], [0, 1]]
19: [[7, 6, 5, 4, 3, 2, 1], [], [0]]
20: [[7, 6, 5, 4, 3, 2, 1, 0], [], []]
--------------------------

The beam width:                  100
The length of solution:          18
The number of nodes expanded:    312
The total CPU time of heuristic: 0.0020710000000576656
The total CPU time of A*:        0.12495099999999582
The type of heuristic:           NonAdimissible
-----------path-----------
1: [[5, 4, 6, 1, 7, 0, 3, 2], [], []]
2: [[5, 4, 6, 1, 7, 0, 3], [], [2]]
3: [[5, 4, 6, 1, 7, 0], [], [2, 3]]
4: [[5, 4, 6, 1, 7], [0], [2, 3]]
5: [[5, 4, 6, 1], [0], [2, 3, 7]]
6: [[5, 4, 6], [0, 1], [2, 3, 7]]
7: [[5, 4], [0, 1, 6], [2, 3, 7]]
8: [[5, 4], [0, 1, 6, 7], [2, 3]]
9: [[5], [0, 1, 6, 7], [2, 3, 4]]
10: [[], [0, 1, 6, 7], [2, 3, 4, 5]]
11: [[7], [0, 1, 6], [2, 3, 4, 5]]
12: [[7, 6], [0, 1], [2, 3, 4, 5]]
13: [[7, 6, 5], [0, 1], [2, 3, 4]]
14: [[7, 6, 5, 4], [0, 1], [2, 3]]
15: [[7, 6, 5, 4, 3], [0, 1], [2]]
16: [[7, 6, 5, 4, 3, 2], [0, 1], []]
17: [[7, 6, 5, 4, 3, 2, 1], [0], []]
18: [[7, 6, 5, 4, 3, 2, 1, 0], [], []]
--------------------------

The beam width:                  100
The length of solution:          11
The number of nodes expanded:    1004
The total CPU time of heuristic: 0.007091999999985887
The total CPU time of A*:        0.6168059999999969
The type of heuristic:           NonAdimissible
-----------path-----------
1: [[0, 5, 3, 4, 2, 1, 6, 7], [], []]
2: [[0, 5, 3, 4, 2, 1, 6], [7], []]
3: [[0, 5, 3, 4, 2, 1], [7, 6], []]
4: [[0, 5, 3, 4, 2], [7, 6], [1]]
5: [[0, 5, 3, 4], [7, 6], [1, 2]]
6: [[0, 5, 3], [7, 6, 4], [1, 2]]
7: [[0, 5], [7, 6, 4], [1, 2, 3]]
8: [[0, 5], [7, 6], [1, 2, 3, 4]]
9: [[0, 5], [7], [1, 2, 3, 4, 6]]
10: [[0, 5], [], [1, 2, 3, 4, 6, 7]]
11: [[0], [5], [1, 2, 3, 4, 6, 7]]
--------------------------

The beam width:                  100
The length of solution:          19
The number of nodes expanded:    842
The total CPU time of heuristic: 0.005923000000024103
The total CPU time of A*:        0.46387800000000823
The type of heuristic:           NonAdimissible
-----------path-----------
1: [[2, 4, 3, 5, 7, 6, 0, 1], [], []]
2: [[2, 4, 3, 5, 7, 6, 0], [], [1]]
3: [[2, 4, 3, 5, 7, 6], [0], [1]]
4: [[2, 4, 3, 5, 7], [0], [1, 6]]
5: [[2, 4, 3, 5], [0], [1, 6, 7]]
6: [[2, 4, 3], [0], [1, 6, 7, 5]]
7: [[2, 4], [0, 3], [1, 6, 7, 5]]
8: [[2], [0, 3, 4], [1, 6, 7, 5]]
9: [[2], [0, 3, 4, 5], [1, 6, 7]]
10: [[], [0, 3, 4, 5, 2], [1, 6, 7]]
11: [[7], [0, 3, 4, 5, 2], [1, 6]]
12: [[7, 6], [0, 3, 4, 5, 2], [1]]
13: [[7, 6], [0, 3, 4, 5], [1, 2]]
14: [[7, 6, 5], [0, 3, 4], [1, 2]]
15: [[7, 6, 5, 4], [0, 3], [1, 2]]
16: [[7, 6, 5, 4, 3], [0], [1, 2]]
17: [[7, 6, 5, 4, 3, 2], [0], [1]]
18: [[7, 6, 5, 4, 3, 2, 1], [0], []]
19: [[7, 6, 5, 4, 3, 2, 1, 0], [], []]
--------------------------

The beam width:                  100
The length of solution:          18
The number of nodes expanded:    580
The total CPU time of heuristic: 0.004074999999943429
The total CPU time of A*:        0.3012729999999948
The type of heuristic:           NonAdimissible
-----------path-----------
1: [[5, 4, 2, 6, 3, 7, 1, 0], [], []]
2: [[5, 4, 2, 6, 3, 7, 1], [], [0]]
3: [[5, 4, 2, 6, 3, 7], [], [0, 1]]
4: [[5, 4, 2, 6, 3], [], [0, 1, 7]]
5: [[5, 4, 2, 6], [3], [0, 1, 7]]
6: [[5, 4, 2], [3, 6], [0, 1, 7]]
7: [[5, 4, 2], [3, 6, 7], [0, 1]]
8: [[5, 4], [3, 6, 7], [0, 1, 2]]
9: [[5], [3, 6, 7], [0, 1, 2, 4]]
10: [[], [3, 6, 7], [0, 1, 2, 4, 5]]
11: [[7], [3, 6], [0, 1, 2, 4, 5]]
12: [[7, 6], [3], [0, 1, 2, 4, 5]]
13: [[7, 6, 5], [3], [0, 1, 2, 4]]
14: [[7, 6, 5, 4], [3], [0, 1, 2]]
15: [[7, 6, 5, 4, 3], [], [0, 1, 2]]
16: [[7, 6, 5, 4, 3, 2], [], [0, 1]]
17: [[7, 6, 5, 4, 3, 2, 1], [], [0]]
18: [[7, 6, 5, 4, 3, 2, 1, 0], [], []]
--------------------------

The beam width:                  100
The length of solution:          7
The number of nodes expanded:    1002
The total CPU time of heuristic: 0.007055000000079303
The total CPU time of A*:        0.5719040000000035
The type of heuristic:           NonAdimissible
-----------path-----------
1: [[1, 4, 0, 3, 7, 2, 6, 5], [], []]
2: [[1, 4, 0, 3, 7, 2, 6], [], [5]]
3: [[1, 4, 0, 3, 7, 2], [6], [5]]
4: [[1, 4, 0, 3, 7], [6], [5, 2]]
5: [[1, 4, 0, 3], [6], [5, 2, 7]]
6: [[1, 4, 0], [6, 3], [5, 2, 7]]
7: [[1, 4, 0, 7], [6, 3], [5, 2]]
--------------------------

The beam width:                  100
The length of solution:          9
The number of nodes expanded:    1001
The total CPU time of heuristic: 0.007326000000176691
The total CPU time of A*:        0.5753470000000078
The type of heuristic:           NonAdimissible
-----------path-----------
1: [[1, 3, 0, 6, 2, 7, 4, 5], [], []]
2: [[1, 3, 0, 6, 2, 7, 4], [5], []]
3: [[1, 3, 0, 6, 2, 7], [5], [4]]
4: [[1, 3, 0, 6, 2], [5], [4, 7]]
5: [[1, 3, 0, 6], [5], [4, 7, 2]]
6: [[1, 3, 0], [5, 6], [4, 7, 2]]
7: [[1, 3, 0, 2], [5, 6], [4, 7]]
8: [[1, 3, 0, 2], [5, 6, 7], [4]]
9: [[1, 3, 0], [5, 6, 7, 2], [4]]
--------------------------

The beam width:                  100
The length of solution:          19
The number of nodes expanded:    391
The total CPU time of heuristic: 0.0025400000001525314
The total CPU time of A*:        0.15406099999998446
The type of heuristic:           NonAdimissible
-----------path-----------
1: [[4, 3, 7, 0, 5, 1, 2, 6], [], []]
2: [[4, 3, 7, 0, 5, 1, 2], [], [6]]
3: [[4, 3, 7, 0, 5, 1], [], [6, 2]]
4: [[4, 3, 7, 0, 5], [1], [6, 2]]
5: [[4, 3, 7, 0, 5], [1, 2], [6]]
6: [[4, 3, 7, 0], [1, 2, 5], [6]]
7: [[4, 3, 7, 0], [1, 2, 5, 6], []]
8: [[4, 3, 7], [1, 2, 5, 6], [0]]
9: [[4, 3], [1, 2, 5, 6, 7], [0]]
10: [[4], [1, 2, 5, 6, 7], [0, 3]]
11: [[], [1, 2, 5, 6, 7], [0, 3, 4]]
12: [[7], [1, 2, 5, 6], [0, 3, 4]]
13: [[7, 6], [1, 2, 5], [0, 3, 4]]
14: [[7, 6, 5], [1, 2], [0, 3, 4]]
15: [[7, 6, 5, 4], [1, 2], [0, 3]]
16: [[7, 6, 5, 4, 3], [1, 2], [0]]
17: [[7, 6, 5, 4, 3, 2], [1], [0]]
18: [[7, 6, 5, 4, 3, 2, 1], [], [0]]
19: [[7, 6, 5, 4, 3, 2, 1, 0], [], []]
--------------------------

The beam width:                  100
The length of solution:          14
The number of nodes expanded:    1001
The total CPU time of heuristic: 0.007141000000558506
The total CPU time of A*:        0.5877099999999871
The type of heuristic:           NonAdimissible
-----------path-----------
1: [[3, 2, 6, 7, 1, 4, 5, 0], [], []]
2: [[3, 2, 6, 7, 1, 4, 5], [0], []]
3: [[3, 2, 6, 7, 1, 4], [0], [5]]
4: [[3, 2, 6, 7, 1], [0, 4], [5]]
5: [[3, 2, 6, 7, 1], [0, 4, 5], []]
6: [[3, 2, 6, 7], [0, 4, 5], [1]]
7: [[3, 2, 6], [0, 4, 5, 7], [1]]
8: [[3, 2], [0, 4, 5, 7, 6], [1]]
9: [[3], [0, 4, 5, 7, 6], [1, 2]]
10: [[], [0, 4, 5, 7, 6], [1, 2, 3]]
11: [[], [0, 4, 5, 7], [1, 2, 3, 6]]
12: [[7], [0, 4, 5], [1, 2, 3, 6]]
13: [[7, 6], [0, 4, 5], [1, 2, 3]]
14: [[7, 6, 5], [0, 4], [1, 2, 3]]
--------------------------

The beam width:                  100
The length of solution:          6
The number of nodes expanded:    1004
The total CPU time of heuristic: 0.007637000000130456
The total CPU time of A*:        0.6038770000000113
The type of heuristic:           NonAdimissible
-----------path-----------
1: [[1, 6, 0, 5, 7, 3, 2, 4], [], []]
2: [[1, 6, 0, 5, 7, 3, 2], [], [4]]
3: [[1, 6, 0, 5, 7, 3], [], [4, 2]]
4: [[1, 6, 0, 5, 7], [], [4, 2, 3]]
5: [[1, 6, 0, 5], [7], [4, 2, 3]]
6: [[1, 6, 0], [7, 5], [4, 2, 3]]
--------------------------

The beam width:                  100
The length of solution:          8
The number of nodes expanded:    1003
The total CPU time of heuristic: 0.0073620000009100295
The total CPU time of A*:        0.6036850000000129
The type of heuristic:           NonAdimissible
-----------path-----------
1: [[4, 2, 6, 5, 1, 7, 0, 3], [], []]
2: [[4, 2, 6, 5, 1, 7, 0], [3], []]
3: [[4, 2, 6, 5, 1, 7], [3], [0]]
4: [[4, 2, 6, 5, 1, 7], [], [0, 3]]
5: [[4, 2, 6, 5, 1], [7], [0, 3]]
6: [[4, 2, 6, 5], [7, 1], [0, 3]]
7: [[4, 2, 6], [7, 1], [0, 3, 5]]
8: [[4, 2], [7, 1, 6], [0, 3, 5]]
--------------------------

The beam width:                  100
The length of solution:          18
The number of nodes expanded:    666
The total CPU time of heuristic: 0.004784000000654487
The total CPU time of A*:        0.39002699999997503
The type of heuristic:           NonAdimissible
-----------path-----------
1: [[5, 4, 3, 2, 6, 7, 1, 0], [], []]
2: [[5, 4, 3, 2, 6, 7, 1], [0], []]
3: [[5, 4, 3, 2, 6, 7], [0], [1]]
4: [[5, 4, 3, 2, 6], [0], [1, 7]]
5: [[5, 4, 3, 2], [0, 6], [1, 7]]
6: [[5, 4, 3, 2], [0, 6, 7], [1]]
7: [[5, 4, 3], [0, 6, 7], [1, 2]]
8: [[5, 4], [0, 6, 7], [1, 2, 3]]
9: [[5], [0, 6, 7], [1, 2, 3, 4]]
10: [[], [0, 6, 7], [1, 2, 3, 4, 5]]
11: [[7], [0, 6], [1, 2, 3, 4, 5]]
12: [[7, 6], [0], [1, 2, 3, 4, 5]]
13: [[7, 6, 5], [0], [1, 2, 3, 4]]
14: [[7, 6, 5, 4], [0], [1, 2, 3]]
15: [[7, 6, 5, 4, 3], [0], [1, 2]]
16: [[7, 6, 5, 4, 3, 2], [0], [1]]
17: [[7, 6, 5, 4, 3, 2, 1], [0], []]
18: [[7, 6, 5, 4, 3, 2, 1, 0], [], []]
--------------------------

The beam width:                  100
The length of solution:          9
The number of nodes expanded:    1002
The total CPU time of heuristic: 0.006808999999918797
The total CPU time of A*:        0.5520849999999768
The type of heuristic:           NonAdimissible
-----------path-----------
1: [[1, 6, 7, 2, 5, 3, 4, 0], [], []]
2: [[1, 6, 7, 2, 5, 3, 4], [], [0]]
3: [[1, 6, 7, 2, 5, 3], [4], [0]]
4: [[1, 6, 7, 2, 5], [4], [0, 3]]
5: [[1, 6, 7, 2], [4, 5], [0, 3]]
6: [[1, 6, 7], [4, 5], [0, 3, 2]]
7: [[1, 6], [4, 5], [0, 3, 2, 7]]
8: [[1], [4, 5, 6], [0, 3, 2, 7]]
9: [[1], [4, 5, 6, 7], [0, 3, 2]]
--------------------------

The beam width:                  100
The length of solution:          12
The number of nodes expanded:    1004
The total CPU time of heuristic: 0.006563999999940506
The total CPU time of A*:        0.5497610000000179
The type of heuristic:           NonAdimissible
-----------path-----------
1: [[3, 4, 6, 5, 2, 1, 7, 0], [], []]
2: [[3, 4, 6, 5, 2, 1, 7], [], [0]]
3: [[3, 4, 6, 5, 2, 1], [7], [0]]
4: [[3, 4, 6, 5, 2], [7], [0, 1]]
5: [[3, 4, 6, 5], [7], [0, 1, 2]]
6: [[3, 4, 6], [7], [0, 1, 2, 5]]
7: [[3, 4], [7], [0, 1, 2, 5, 6]]
8: [[3, 4], [], [0, 1, 2, 5, 6, 7]]
9: [[3], [], [0, 1, 2, 5, 6, 7, 4]]
10: [[], [3], [0, 1, 2, 5, 6, 7, 4]]
11: [[], [3, 4], [0, 1, 2, 5, 6, 7]]
12: [[7], [3, 4], [0, 1, 2, 5, 6]]
--------------------------

The beam width:                  100
The length of solution:          18
The number of nodes expanded:    840
The total CPU time of heuristic: 0.006100000000259342
The total CPU time of A*:        0.4497910000000047
The type of heuristic:           NonAdimissible
-----------path-----------
1: [[7, 2, 3, 0, 6, 1, 4, 5], [], []]
2: [[7, 2, 3, 0, 6, 1, 4], [5], []]
3: [[7, 2, 3, 0, 6, 1], [5, 4], []]
4: [[7, 2, 3, 0, 6], [5, 4], [1]]
5: [[7, 2, 3, 0, 6], [5], [1, 4]]
6: [[7, 2, 3, 0, 6], [], [1, 4, 5]]
7: [[7, 2, 3, 0], [], [1, 4, 5, 6]]
8: [[7, 2, 3], [0], [1, 4, 5, 6]]
9: [[7, 2], [0, 3], [1, 4, 5, 6]]
10: [[7], [0, 3, 2], [1, 4, 5, 6]]
11: [[7, 6], [0, 3, 2], [1, 4, 5]]
12: [[7, 6, 5], [0, 3, 2], [1, 4]]
13: [[7, 6, 5, 4], [0, 3, 2], [1]]
14: [[7, 6, 5, 4], [0, 3], [1, 2]]
15: [[7, 6, 5, 4, 3], [0], [1, 2]]
16: [[7, 6, 5, 4, 3, 2], [0], [1]]
17: [[7, 6, 5, 4, 3, 2, 1], [0], []]
18: [[7, 6, 5, 4, 3, 2, 1, 0], [], []]
--------------------------

The beam width:                  100
The length of solution:          12
The number of nodes expanded:    1004
The total CPU time of heuristic: 0.007149000000367778
The total CPU time of A*:        0.5977019999999982
The type of heuristic:           NonAdimissible
-----------path-----------
1: [[3, 7, 6, 0, 4, 1, 5, 2], [], []]
2: [[3, 7, 6, 0, 4, 1, 5], [], [2]]
3: [[3, 7, 6, 0, 4, 1], [], [2, 5]]
4: [[3, 7, 6, 0, 4], [1], [2, 5]]
5: [[3, 7, 6, 0], [1, 4], [2, 5]]
6: [[3, 7, 6, 0], [1, 4, 5], [2]]
7: [[3, 7, 6], [1, 4, 5, 0], [2]]
8: [[3, 7], [1, 4, 5, 0], [2, 6]]
9: [[3], [1, 4, 5, 0], [2, 6, 7]]
10: [[], [1, 4, 5, 0, 3], [2, 6, 7]]
11: [[7], [1, 4, 5, 0, 3], [2, 6]]
12: [[7, 6], [1, 4, 5, 0, 3], [2]]
--------------------------

The beam width:                  100
The length of solution:          9
The number of nodes expanded:    1001
The total CPU time of heuristic: 0.007342000000306825
The total CPU time of A*:        0.5925959999999861
The type of heuristic:           NonAdimissible
-----------path-----------
1: [[3, 4, 0, 2, 6, 1, 5, 7], [], []]
2: [[3, 4, 0, 2, 6, 1, 5], [7], []]
3: [[3, 4, 0, 2, 6, 1], [7, 5], []]
4: [[3, 4, 0, 2, 6], [7, 5], [1]]
5: [[3, 4, 0, 2, 6], [7], [1, 5]]
6: [[3, 4, 0, 2, 6], [], [1, 5, 7]]
7: [[3, 4, 0, 2], [6], [1, 5, 7]]
8: [[3, 4, 0], [6, 2], [1, 5, 7]]
9: [[3, 4], [6, 2], [1, 5, 7, 0]]
--------------------------

The beam width:                  100
The length of solution:          18
The number of nodes expanded:    911
The total CPU time of heuristic: 0.006545999999588048
The total CPU time of A*:        0.5045220000000086
The type of heuristic:           NonAdimissible
-----------path-----------
1: [[7, 1, 2, 3, 4, 6, 5, 0], [], []]
2: [[7, 1, 2, 3, 4, 6, 5], [], [0]]
3: [[7, 1, 2, 3, 4, 6], [], [0, 5]]
4: [[7, 1, 2, 3, 4], [], [0, 5, 6]]
5: [[7, 1, 2, 3], [], [0, 5, 6, 4]]
6: [[7, 1, 2], [], [0, 5, 6, 4, 3]]
7: [[7, 1], [2], [0, 5, 6, 4, 3]]
8: [[7, 1], [2, 3], [0, 5, 6, 4]]
9: [[7, 1], [2, 3, 4], [0, 5, 6]]
10: [[7], [2, 3, 4, 1], [0, 5, 6]]
11: [[7, 6], [2, 3, 4, 1], [0, 5]]
12: [[7, 6, 5], [2, 3, 4, 1], [0]]
13: [[7, 6, 5], [2, 3, 4], [0, 1]]
14: [[7, 6, 5, 4], [2, 3], [0, 1]]
15: [[7, 6, 5, 4, 3], [2], [0, 1]]
16: [[7, 6, 5, 4, 3, 2], [], [0, 1]]
17: [[7, 6, 5, 4, 3, 2, 1], [], [0]]
18: [[7, 6, 5, 4, 3, 2, 1, 0], [], []]
--------------------------

The beam width:                  100
The length of solution:          10
The number of nodes expanded:    1003
The total CPU time of heuristic: 0.007237999999830436
The total CPU time of A*:        0.6051129999999887
The type of heuristic:           NonAdimissible
-----------path-----------
1: [[0, 6, 7, 5, 3, 1, 4, 2], [], []]
2: [[0, 6, 7, 5, 3, 1, 4], [2], []]
3: [[0, 6, 7, 5, 3, 1], [2, 4], []]
4: [[0, 6, 7, 5, 3], [2, 4], [1]]
5: [[0, 6, 7, 5], [2, 4], [1, 3]]
6: [[0, 6, 7], [2, 4, 5], [1, 3]]
7: [[0, 6], [2, 4, 5, 7], [1, 3]]
8: [[0], [2, 4, 5, 7, 6], [1, 3]]
9: [[], [2, 4, 5, 7, 6], [1, 3, 0]]
10: [[6], [2, 4, 5, 7], [1, 3, 0]]
--------------------------

The beam width:                  100
The length of solution:          19
The number of nodes expanded:    475
The total CPU time of heuristic: 0.003188999999764519
The total CPU time of A*:        0.21983399999999165
The type of heuristic:           NonAdimissible
-----------path-----------
1: [[5, 7, 3, 0, 2, 4, 1, 6], [], []]
2: [[5, 7, 3, 0, 2, 4, 1], [6], []]
3: [[5, 7, 3, 0, 2, 4], [6], [1]]
4: [[5, 7, 3, 0, 2], [6, 4], [1]]
5: [[5, 7, 3, 0], [6, 4], [1, 2]]
6: [[5, 7, 3, 0], [6], [1, 2, 4]]
7: [[5, 7, 3, 0], [], [1, 2, 4, 6]]
8: [[5, 7, 3], [0], [1, 2, 4, 6]]
9: [[5, 7], [0, 3], [1, 2, 4, 6]]
10: [[5], [0, 3], [1, 2, 4, 6, 7]]
11: [[], [0, 3, 5], [1, 2, 4, 6, 7]]
12: [[7], [0, 3, 5], [1, 2, 4, 6]]
13: [[7, 6], [0, 3, 5], [1, 2, 4]]
14: [[7, 6, 5], [0, 3], [1, 2, 4]]
15: [[7, 6, 5, 4], [0, 3], [1, 2]]
16: [[7, 6, 5, 4, 3], [0], [1, 2]]
17: [[7, 6, 5, 4, 3, 2], [0], [1]]
18: [[7, 6, 5, 4, 3, 2, 1], [0], []]
19: [[7, 6, 5, 4, 3, 2, 1, 0], [], []]
--------------------------

