The beam width:                  20
The length of solution:          19
The number of nodes expanded:    370
The total CPU time of heuristic: 0.00249400000009814
The total CPU time of A*:        0.13970100000003072
The type of heuristic:           Adimissible
-----------path-----------
1: [[2, 1, 0, 4, 3, 5, 6], [], []]
2: [[2, 1, 0, 4, 3, 5], [], [6]]
3: [[2, 1, 0, 4, 3], [5], [6]]
4: [[2, 1, 0, 4, 3], [5, 6], []]
5: [[2, 1, 0, 4], [5, 6, 3], []]
6: [[2, 1, 0], [5, 6, 3, 4], []]
7: [[2, 1], [5, 6, 3, 4], [0]]
8: [[2], [5, 6, 3, 4], [0, 1]]
9: [[], [5, 6, 3, 4], [0, 1, 2]]
10: [[4], [5, 6, 3], [0, 1, 2]]
11: [[4], [5, 6], [0, 1, 2, 3]]
12: [[], [5, 6], [0, 1, 2, 3, 4]]
13: [[6], [5], [0, 1, 2, 3, 4]]
14: [[6, 5], [], [0, 1, 2, 3, 4]]
15: [[6, 5, 4], [], [0, 1, 2, 3]]
16: [[6, 5, 4, 3], [], [0, 1, 2]]
17: [[6, 5, 4, 3, 2], [], [0, 1]]
18: [[6, 5, 4, 3, 2, 1], [], [0]]
19: [[6, 5, 4, 3, 2, 1, 0], [], []]
--------------------------

The beam width:                  20
The length of solution:          18
The number of nodes expanded:    414
The total CPU time of heuristic: 0.002888999999981934
The total CPU time of A*:        0.16175800000002027
The type of heuristic:           Adimissible
-----------path-----------
1: [[1, 2, 5, 6, 3, 0, 4], [], []]
2: [[1, 2, 5, 6, 3, 0], [], [4]]
3: [[1, 2, 5, 6, 3], [0], [4]]
4: [[1, 2, 5, 6], [0, 3], [4]]
5: [[1, 2, 5, 6], [0, 3, 4], []]
6: [[1, 2, 5], [0, 3, 4], [6]]
7: [[1, 2], [0, 3, 4, 5], [6]]
8: [[1], [0, 3, 4, 5, 2], [6]]
9: [[], [0, 3, 4, 5, 2, 1], [6]]
10: [[6], [0, 3, 4, 5, 2, 1], []]
11: [[6], [0, 3, 4, 5, 2], [1]]
12: [[6], [0, 3, 4, 5], [1, 2]]
13: [[6, 5], [0, 3, 4], [1, 2]]
14: [[6, 5, 4], [0, 3], [1, 2]]
15: [[6, 5, 4, 3], [0], [1, 2]]
16: [[6, 5, 4, 3, 2], [0], [1]]
17: [[6, 5, 4, 3, 2, 1], [0], []]
18: [[6, 5, 4, 3, 2, 1, 0], [], []]
--------------------------

The beam width:                  20
The length of solution:          16
The number of nodes expanded:    286
The total CPU time of heuristic: 0.0021189999997943687
The total CPU time of A*:        0.10699999999999932
The type of heuristic:           Adimissible
-----------path-----------
1: [[5, 6, 0, 3, 4, 2, 1], [], []]
2: [[5, 6, 0, 3, 4, 2], [1], []]
3: [[5, 6, 0, 3, 4], [1, 2], []]
4: [[5, 6, 0, 3], [1, 2, 4], []]
5: [[5, 6, 0], [1, 2, 4, 3], []]
6: [[5, 6], [1, 2, 4, 3], [0]]
7: [[5, 6], [1, 2, 4], [0, 3]]
8: [[5], [1, 2, 4], [0, 3, 6]]
9: [[], [1, 2, 4, 5], [0, 3, 6]]
10: [[6], [1, 2, 4, 5], [0, 3]]
11: [[6, 5], [1, 2, 4], [0, 3]]
12: [[6, 5, 4], [1, 2], [0, 3]]
13: [[6, 5, 4, 3], [1, 2], [0]]
14: [[6, 5, 4, 3, 2], [1], [0]]
15: [[6, 5, 4, 3, 2, 1], [], [0]]
16: [[6, 5, 4, 3, 2, 1, 0], [], []]
--------------------------

The beam width:                  20
The length of solution:          16
The number of nodes expanded:    292
The total CPU time of heuristic: 0.0019910000002312245
The total CPU time of A*:        0.09998200000001134
The type of heuristic:           Adimissible
-----------path-----------
1: [[2, 4, 6, 3, 1, 5, 0], [], []]
2: [[2, 4, 6, 3, 1, 5], [], [0]]
3: [[2, 4, 6, 3, 1], [], [0, 5]]
4: [[2, 4, 6, 3], [1], [0, 5]]
5: [[2, 4, 6], [1, 3], [0, 5]]
6: [[2, 4], [1, 3], [0, 5, 6]]
7: [[2], [1, 3, 4], [0, 5, 6]]
8: [[], [1, 3, 4, 2], [0, 5, 6]]
9: [[6], [1, 3, 4, 2], [0, 5]]
10: [[6, 5], [1, 3, 4, 2], [0]]
11: [[6, 5], [1, 3, 4], [0, 2]]
12: [[6, 5, 4], [1, 3], [0, 2]]
13: [[6, 5, 4, 3], [1], [0, 2]]
14: [[6, 5, 4, 3, 2], [1], [0]]
15: [[6, 5, 4, 3, 2, 1], [], [0]]
16: [[6, 5, 4, 3, 2, 1, 0], [], []]
--------------------------

The beam width:                  20
The length of solution:          16
The number of nodes expanded:    272
The total CPU time of heuristic: 0.0018630000003838632
The total CPU time of A*:        0.10113000000001193
The type of heuristic:           Adimissible
-----------path-----------
1: [[4, 6, 2, 3, 0, 5, 1], [], []]
2: [[4, 6, 2, 3, 0, 5], [1], []]
3: [[4, 6, 2, 3, 0], [1, 5], []]
4: [[4, 6, 2, 3], [1, 5], [0]]
5: [[4, 6, 2], [1, 5], [0, 3]]
6: [[4, 6, 2], [1], [0, 3, 5]]
7: [[4, 6], [1, 2], [0, 3, 5]]
8: [[4], [1, 2], [0, 3, 5, 6]]
9: [[], [1, 2, 4], [0, 3, 5, 6]]
10: [[6], [1, 2, 4], [0, 3, 5]]
11: [[6, 5], [1, 2, 4], [0, 3]]
12: [[6, 5, 4], [1, 2], [0, 3]]
13: [[6, 5, 4, 3], [1, 2], [0]]
14: [[6, 5, 4, 3, 2], [1], [0]]
15: [[6, 5, 4, 3, 2, 1], [], [0]]
16: [[6, 5, 4, 3, 2, 1, 0], [], []]
--------------------------

The beam width:                  20
The length of solution:          17
The number of nodes expanded:    282
The total CPU time of heuristic: 0.0019850000000189993
The total CPU time of A*:        0.10454199999998082
The type of heuristic:           Adimissible
-----------path-----------
1: [[5, 2, 1, 3, 4, 0, 6], [], []]
2: [[5, 2, 1, 3, 4, 0], [6], []]
3: [[5, 2, 1, 3, 4], [6], [0]]
4: [[5, 2, 1, 3], [6, 4], [0]]
5: [[5, 2, 1], [6, 4, 3], [0]]
6: [[5, 2], [6, 4, 3], [0, 1]]
7: [[5], [6, 4, 3], [0, 1, 2]]
8: [[5], [6, 4], [0, 1, 2, 3]]
9: [[5], [6], [0, 1, 2, 3, 4]]
10: [[], [6], [0, 1, 2, 3, 4, 5]]
11: [[6], [], [0, 1, 2, 3, 4, 5]]
12: [[6, 5], [], [0, 1, 2, 3, 4]]
13: [[6, 5, 4], [], [0, 1, 2, 3]]
14: [[6, 5, 4, 3], [], [0, 1, 2]]
15: [[6, 5, 4, 3, 2], [], [0, 1]]
16: [[6, 5, 4, 3, 2, 1], [], [0]]
17: [[6, 5, 4, 3, 2, 1, 0], [], []]
--------------------------

The beam width:                  20
The length of solution:          21
The number of nodes expanded:    539
The total CPU time of heuristic: 0.0035619999998175444
The total CPU time of A*:        0.25383099999999104
The type of heuristic:           Adimissible
-----------path-----------
1: [[3, 1, 0, 5, 2, 4, 6], [], []]
2: [[3, 1, 0, 5, 2, 4], [], [6]]
3: [[3, 1, 0, 5, 2], [], [6, 4]]
4: [[3, 1, 0, 5], [2], [6, 4]]
5: [[3, 1, 0, 5], [2, 4], [6]]
6: [[3, 1, 0], [2, 4, 5], [6]]
7: [[3, 1], [2, 4, 5, 0], [6]]
8: [[3], [2, 4, 5, 0, 1], [6]]
9: [[], [2, 4, 5, 0, 1, 3], [6]]
10: [[6], [2, 4, 5, 0, 1, 3], []]
11: [[6, 3], [2, 4, 5, 0, 1], []]
12: [[6, 3, 1], [2, 4, 5, 0], []]
13: [[6, 3, 1], [2, 4, 5], [0]]
14: [[6, 3], [2, 4, 5], [0, 1]]
15: [[6], [2, 4, 5], [0, 1, 3]]
16: [[6, 5], [2, 4], [0, 1, 3]]
17: [[6, 5, 4], [2], [0, 1, 3]]
18: [[6, 5, 4, 3], [2], [0, 1]]
19: [[6, 5, 4, 3, 2], [], [0, 1]]
20: [[6, 5, 4, 3, 2, 1], [], [0]]
21: [[6, 5, 4, 3, 2, 1, 0], [], []]
--------------------------

The beam width:                  20
The length of solution:          19
The number of nodes expanded:    485
The total CPU time of heuristic: 0.003456999999770005
The total CPU time of A*:        0.22787299999998822
The type of heuristic:           Adimissible
-----------path-----------
1: [[4, 1, 0, 6, 2, 3, 5], [], []]
2: [[4, 1, 0, 6, 2, 3], [5], []]
3: [[4, 1, 0, 6, 2], [5], [3]]
4: [[4, 1, 0, 6, 2], [], [3, 5]]
5: [[4, 1, 0, 6], [2], [3, 5]]
6: [[4, 1, 0], [2], [3, 5, 6]]
7: [[4, 1], [2, 0], [3, 5, 6]]
8: [[4], [2, 0, 1], [3, 5, 6]]
9: [[], [2, 0, 1, 4], [3, 5, 6]]
10: [[6], [2, 0, 1, 4], [3, 5]]
11: [[6, 5], [2, 0, 1, 4], [3]]
12: [[6, 5, 4], [2, 0, 1], [3]]
13: [[6, 5, 4, 3], [2, 0, 1], []]
14: [[6, 5, 4, 3, 1], [2, 0], []]
15: [[6, 5, 4, 3, 1], [2], [0]]
16: [[6, 5, 4, 3], [2], [0, 1]]
17: [[6, 5, 4, 3, 2], [], [0, 1]]
18: [[6, 5, 4, 3, 2, 1], [], [0]]
19: [[6, 5, 4, 3, 2, 1, 0], [], []]
--------------------------

The beam width:                  20
The length of solution:          19
The number of nodes expanded:    452
The total CPU time of heuristic: 0.003117000000202097
The total CPU time of A*:        0.18640999999999508
The type of heuristic:           Adimissible
-----------path-----------
1: [[0, 3, 5, 4, 2, 1, 6], [], []]
2: [[0, 3, 5, 4, 2, 1], [6], []]
3: [[0, 3, 5, 4, 2], [6], [1]]
4: [[0, 3, 5, 4], [6], [1, 2]]
5: [[0, 3, 5], [6], [1, 2, 4]]
6: [[0, 3], [6], [1, 2, 4, 5]]
7: [[0, 3], [], [1, 2, 4, 5, 6]]
8: [[0], [3], [1, 2, 4, 5, 6]]
9: [[], [3, 0], [1, 2, 4, 5, 6]]
10: [[6], [3, 0], [1, 2, 4, 5]]
11: [[6, 5], [3, 0], [1, 2, 4]]
12: [[6, 5, 4], [3, 0], [1, 2]]
13: [[6, 5, 4, 0], [3], [1, 2]]
14: [[6, 5, 4, 0], [], [1, 2, 3]]
15: [[6, 5, 4], [0], [1, 2, 3]]
16: [[6, 5, 4, 3], [0], [1, 2]]
17: [[6, 5, 4, 3, 2], [0], [1]]
18: [[6, 5, 4, 3, 2, 1], [0], []]
19: [[6, 5, 4, 3, 2, 1, 0], [], []]
--------------------------

The beam width:                  20
The length of solution:          17
The number of nodes expanded:    281
The total CPU time of heuristic: 0.00181600000038884
The total CPU time of A*:        0.09208799999998973
The type of heuristic:           Adimissible
-----------path-----------
1: [[1, 3, 0, 6, 4, 2, 5], [], []]
2: [[1, 3, 0, 6, 4, 2], [], [5]]
3: [[1, 3, 0, 6, 4], [2], [5]]
4: [[1, 3, 0, 6], [2, 4], [5]]
5: [[1, 3, 0, 6], [2, 4, 5], []]
6: [[1, 3, 0], [2, 4, 5, 6], []]
7: [[1, 3], [2, 4, 5, 6], [0]]
8: [[1], [2, 4, 5, 6, 3], [0]]
9: [[], [2, 4, 5, 6, 3], [0, 1]]
10: [[], [2, 4, 5, 6], [0, 1, 3]]
11: [[6], [2, 4, 5], [0, 1, 3]]
12: [[6, 5], [2, 4], [0, 1, 3]]
13: [[6, 5, 4], [2], [0, 1, 3]]
14: [[6, 5, 4, 3], [2], [0, 1]]
15: [[6, 5, 4, 3, 2], [], [0, 1]]
16: [[6, 5, 4, 3, 2, 1], [], [0]]
17: [[6, 5, 4, 3, 2, 1, 0], [], []]
--------------------------

The beam width:                  20
The length of solution:          16
The number of nodes expanded:    332
The total CPU time of heuristic: 0.0021790000003250043
The total CPU time of A*:        0.11140199999999822
The type of heuristic:           Adimissible
-----------path-----------
1: [[3, 2, 0, 6, 1, 5, 4], [], []]
2: [[3, 2, 0, 6, 1, 5], [], [4]]
3: [[3, 2, 0, 6, 1], [], [4, 5]]
4: [[3, 2, 0, 6], [1], [4, 5]]
5: [[3, 2, 0], [1], [4, 5, 6]]
6: [[3, 2], [1, 0], [4, 5, 6]]
7: [[3], [1, 0, 2], [4, 5, 6]]
8: [[], [1, 0, 2, 3], [4, 5, 6]]
9: [[6], [1, 0, 2, 3], [4, 5]]
10: [[6, 5], [1, 0, 2, 3], [4]]
11: [[6, 5, 4], [1, 0, 2, 3], []]
12: [[6, 5, 4, 3], [1, 0, 2], []]
13: [[6, 5, 4, 3, 2], [1, 0], []]
14: [[6, 5, 4, 3, 2], [1], [0]]
15: [[6, 5, 4, 3, 2, 1], [], [0]]
16: [[6, 5, 4, 3, 2, 1, 0], [], []]
--------------------------

The beam width:                  20
The length of solution:          17
The number of nodes expanded:    296
The total CPU time of heuristic: 0.0018930000001944336
The total CPU time of A*:        0.09836799999999357
The type of heuristic:           Adimissible
-----------path-----------
1: [[4, 0, 3, 1, 2, 6, 5], [], []]
2: [[4, 0, 3, 1, 2, 6], [], [5]]
3: [[4, 0, 3, 1, 2], [], [5, 6]]
4: [[4, 0, 3, 1], [], [5, 6, 2]]
5: [[4, 0, 3], [1], [5, 6, 2]]
6: [[4, 0, 3], [1, 2], [5, 6]]
7: [[4, 0], [1, 2, 3], [5, 6]]
8: [[4], [1, 2, 3, 0], [5, 6]]
9: [[], [1, 2, 3, 0, 4], [5, 6]]
10: [[6], [1, 2, 3, 0, 4], [5]]
11: [[6, 5], [1, 2, 3, 0, 4], []]
12: [[6, 5, 4], [1, 2, 3, 0], []]
13: [[6, 5, 4], [1, 2, 3], [0]]
14: [[6, 5, 4, 3], [1, 2], [0]]
15: [[6, 5, 4, 3, 2], [1], [0]]
16: [[6, 5, 4, 3, 2, 1], [], [0]]
17: [[6, 5, 4, 3, 2, 1, 0], [], []]
--------------------------

The beam width:                  20
The length of solution:          15
The number of nodes expanded:    208
The total CPU time of heuristic: 0.0013450000000148066
The total CPU time of A*:        0.058574999999990496
The type of heuristic:           Adimissible
-----------path-----------
1: [[6, 0, 1, 3, 2, 5, 4], [], []]
2: [[6, 0, 1, 3, 2, 5], [], [4]]
3: [[6, 0, 1, 3, 2], [], [4, 5]]
4: [[6, 0, 1, 3], [2], [4, 5]]
5: [[6, 0, 1], [2, 3], [4, 5]]
6: [[6, 0], [2, 3, 1], [4, 5]]
7: [[6], [2, 3, 1, 0], [4, 5]]
8: [[6, 5], [2, 3, 1, 0], [4]]
9: [[6, 5, 4], [2, 3, 1, 0], []]
10: [[6, 5, 4], [2, 3, 1], [0]]
11: [[6, 5, 4], [2, 3], [0, 1]]
12: [[6, 5, 4, 3], [2], [0, 1]]
13: [[6, 5, 4, 3, 2], [], [0, 1]]
14: [[6, 5, 4, 3, 2, 1], [], [0]]
15: [[6, 5, 4, 3, 2, 1, 0], [], []]
--------------------------

The beam width:                  20
The length of solution:          17
The number of nodes expanded:    374
The total CPU time of heuristic: 0.0023879999999394386
The total CPU time of A*:        0.14818299999998885
The type of heuristic:           Adimissible
-----------path-----------
1: [[2, 3, 6, 5, 0, 1, 4], [], []]
2: [[2, 3, 6, 5, 0, 1], [4], []]
3: [[2, 3, 6, 5, 0], [4], [1]]
4: [[2, 3, 6, 5, 0], [], [1, 4]]
5: [[2, 3, 6, 5], [0], [1, 4]]
6: [[2, 3, 6], [0], [1, 4, 5]]
7: [[2, 3], [0], [1, 4, 5, 6]]
8: [[2], [0, 3], [1, 4, 5, 6]]
9: [[], [0, 3, 2], [1, 4, 5, 6]]
10: [[6], [0, 3, 2], [1, 4, 5]]
11: [[6, 5], [0, 3, 2], [1, 4]]
12: [[6, 5, 4], [0, 3, 2], [1]]
13: [[6, 5, 4], [0, 3], [1, 2]]
14: [[6, 5, 4, 3], [0], [1, 2]]
15: [[6, 5, 4, 3, 2], [0], [1]]
16: [[6, 5, 4, 3, 2, 1], [0], []]
17: [[6, 5, 4, 3, 2, 1, 0], [], []]
--------------------------

The beam width:                  20
The length of solution:          16
The number of nodes expanded:    225
The total CPU time of heuristic: 0.0015389999998376425
The total CPU time of A*:        0.06879399999999691
The type of heuristic:           Adimissible
-----------path-----------
1: [[1, 6, 2, 5, 0, 4, 3], [], []]
2: [[1, 6, 2, 5, 0, 4], [], [3]]
3: [[1, 6, 2, 5, 0], [], [3, 4]]
4: [[1, 6, 2, 5], [0], [3, 4]]
5: [[1, 6, 2], [0], [3, 4, 5]]
6: [[1, 6], [0, 2], [3, 4, 5]]
7: [[1], [0, 2], [3, 4, 5, 6]]
8: [[], [0, 2, 1], [3, 4, 5, 6]]
9: [[6], [0, 2, 1], [3, 4, 5]]
10: [[6, 5], [0, 2, 1], [3, 4]]
11: [[6, 5, 4], [0, 2, 1], [3]]
12: [[6, 5, 4, 3], [0, 2, 1], []]
13: [[6, 5, 4, 3], [0, 2], [1]]
14: [[6, 5, 4, 3, 2], [0], [1]]
15: [[6, 5, 4, 3, 2, 1], [0], []]
16: [[6, 5, 4, 3, 2, 1, 0], [], []]
--------------------------

The beam width:                  20
The length of solution:          14
The number of nodes expanded:    244
The total CPU time of heuristic: 0.001769999999993388
The total CPU time of A*:        0.08116900000001692
The type of heuristic:           Adimissible
-----------path-----------
1: [[6, 3, 4, 2, 1, 0, 5], [], []]
2: [[6, 3, 4, 2, 1, 0], [], [5]]
3: [[6, 3, 4, 2, 1], [0], [5]]
4: [[6, 3, 4, 2], [0, 1], [5]]
5: [[6, 3, 4], [0, 1, 2], [5]]
6: [[6, 3], [0, 1, 2], [5, 4]]
7: [[6], [0, 1, 2, 3], [5, 4]]
8: [[6], [0, 1, 2, 3, 4], [5]]
9: [[6, 5], [0, 1, 2, 3, 4], []]
10: [[6, 5, 4], [0, 1, 2, 3], []]
11: [[6, 5, 4, 3], [0, 1, 2], []]
12: [[6, 5, 4, 3, 2], [0, 1], []]
13: [[6, 5, 4, 3, 2, 1], [0], []]
14: [[6, 5, 4, 3, 2, 1, 0], [], []]
--------------------------

The beam width:                  20
The length of solution:          16
The number of nodes expanded:    313
The total CPU time of heuristic: 0.0021009999998113926
The total CPU time of A*:        0.1003949999999918
The type of heuristic:           Adimissible
-----------path-----------
1: [[4, 0, 6, 1, 5, 3, 2], [], []]
2: [[4, 0, 6, 1, 5, 3], [], [2]]
3: [[4, 0, 6, 1, 5], [], [2, 3]]
4: [[4, 0, 6, 1], [], [2, 3, 5]]
5: [[4, 0, 6], [1], [2, 3, 5]]
6: [[4, 0], [1], [2, 3, 5, 6]]
7: [[4], [1, 0], [2, 3, 5, 6]]
8: [[], [1, 0, 4], [2, 3, 5, 6]]
9: [[6], [1, 0, 4], [2, 3, 5]]
10: [[6, 5], [1, 0, 4], [2, 3]]
11: [[6, 5, 4], [1, 0], [2, 3]]
12: [[6, 5, 4, 3], [1, 0], [2]]
13: [[6, 5, 4, 3, 2], [1, 0], []]
14: [[6, 5, 4, 3, 2], [1], [0]]
15: [[6, 5, 4, 3, 2, 1], [], [0]]
16: [[6, 5, 4, 3, 2, 1, 0], [], []]
--------------------------

The beam width:                  20
The length of solution:          17
The number of nodes expanded:    378
The total CPU time of heuristic: 0.002567000000283315
The total CPU time of A*:        0.14160699999999338
The type of heuristic:           Adimissible
-----------path-----------
1: [[0, 6, 2, 3, 5, 4, 1], [], []]
2: [[0, 6, 2, 3, 5, 4], [1], []]
3: [[0, 6, 2, 3, 5], [1], [4]]
4: [[0, 6, 2, 3], [1], [4, 5]]
5: [[0, 6, 2], [1], [4, 5, 3]]
6: [[0, 6], [1, 2], [4, 5, 3]]
7: [[0, 6], [1, 2, 3], [4, 5]]
8: [[0], [1, 2, 3], [4, 5, 6]]
9: [[], [1, 2, 3, 0], [4, 5, 6]]
10: [[6], [1, 2, 3, 0], [4, 5]]
11: [[6, 5], [1, 2, 3, 0], [4]]
12: [[6, 5, 4], [1, 2, 3, 0], []]
13: [[6, 5, 4], [1, 2, 3], [0]]
14: [[6, 5, 4, 3], [1, 2], [0]]
15: [[6, 5, 4, 3, 2], [1], [0]]
16: [[6, 5, 4, 3, 2, 1], [], [0]]
17: [[6, 5, 4, 3, 2, 1, 0], [], []]
--------------------------

The beam width:                  20
The length of solution:          18
The number of nodes expanded:    454
The total CPU time of heuristic: 0.0030750000003649802
The total CPU time of A*:        0.1887060000000247
The type of heuristic:           Adimissible
-----------path-----------
1: [[2, 3, 6, 4, 1, 5, 0], [], []]
2: [[2, 3, 6, 4, 1, 5], [0], []]
3: [[2, 3, 6, 4, 1], [0, 5], []]
4: [[2, 3, 6, 4], [0, 5], [1]]
5: [[2, 3, 6, 4], [0], [1, 5]]
6: [[2, 3, 6], [0, 4], [1, 5]]
7: [[2, 3], [0, 4], [1, 5, 6]]
8: [[2], [0, 4, 3], [1, 5, 6]]
9: [[], [0, 4, 3, 2], [1, 5, 6]]
10: [[6], [0, 4, 3, 2], [1, 5]]
11: [[6, 5], [0, 4, 3, 2], [1]]
12: [[6, 5], [0, 4, 3], [1, 2]]
13: [[6, 5], [0, 4], [1, 2, 3]]
14: [[6, 5, 4], [0], [1, 2, 3]]
15: [[6, 5, 4, 3], [0], [1, 2]]
16: [[6, 5, 4, 3, 2], [0], [1]]
17: [[6, 5, 4, 3, 2, 1], [0], []]
18: [[6, 5, 4, 3, 2, 1, 0], [], []]
--------------------------

The beam width:                  20
The length of solution:          15
The number of nodes expanded:    122
The total CPU time of heuristic: 0.0008420000001194694
The total CPU time of A*:        0.04167599999999538
The type of heuristic:           Adimissible
-----------path-----------
1: [[5, 4, 6, 2, 0, 3, 1], [], []]
2: [[5, 4, 6, 2, 0, 3], [], [1]]
3: [[5, 4, 6, 2, 0], [], [1, 3]]
4: [[5, 4, 6, 2], [0], [1, 3]]
5: [[5, 4, 6], [0, 2], [1, 3]]
6: [[5, 4], [0, 2, 6], [1, 3]]
7: [[5], [0, 2, 6], [1, 3, 4]]
8: [[], [0, 2, 6], [1, 3, 4, 5]]
9: [[6], [0, 2], [1, 3, 4, 5]]
10: [[6, 5], [0, 2], [1, 3, 4]]
11: [[6, 5, 4], [0, 2], [1, 3]]
12: [[6, 5, 4, 3], [0, 2], [1]]
13: [[6, 5, 4, 3, 2], [0], [1]]
14: [[6, 5, 4, 3, 2, 1], [0], []]
15: [[6, 5, 4, 3, 2, 1, 0], [], []]
--------------------------

