The beam width:                  100
The length of solution:          21
The number of nodes expanded:    889
The total CPU time of heuristic: 0.006174000001180957
The total CPU time of A*:        0.5049879999999689
The type of heuristic:           Adimissible
-----------path-----------
1: [[7, 6, 3, 0, 5, 8, 2, 1, 4], [], []]
2: [[7, 6, 3, 0, 5, 8, 2, 1], [], [4]]
3: [[7, 6, 3, 0, 5, 8, 2], [1], [4]]
4: [[7, 6, 3, 0, 5, 8], [1, 2], [4]]
5: [[7, 6, 3, 0, 5, 8], [1, 2, 4], []]
6: [[7, 6, 3, 0, 5], [1, 2, 4, 8], []]
7: [[7, 6, 3, 0], [1, 2, 4, 8, 5], []]
8: [[7, 6, 3], [1, 2, 4, 8, 5], [0]]
9: [[7, 6], [1, 2, 4, 8, 5], [0, 3]]
10: [[7, 6], [1, 2, 4, 8], [0, 3, 5]]
11: [[7], [1, 2, 4, 8], [0, 3, 5, 6]]
12: [[], [1, 2, 4, 8], [0, 3, 5, 6, 7]]
13: [[8], [1, 2, 4], [0, 3, 5, 6, 7]]
14: [[8, 7], [1, 2, 4], [0, 3, 5, 6]]
15: [[8, 7, 6], [1, 2, 4], [0, 3, 5]]
16: [[8, 7, 6, 5], [1, 2, 4], [0, 3]]
17: [[8, 7, 6, 5, 4], [1, 2], [0, 3]]
18: [[8, 7, 6, 5, 4, 3], [1, 2], [0]]
19: [[8, 7, 6, 5, 4, 3, 2], [1], [0]]
20: [[8, 7, 6, 5, 4, 3, 2, 1], [], [0]]
21: [[8, 7, 6, 5, 4, 3, 2, 1, 0], [], []]
--------------------------

The beam width:                  100
The length of solution:          9
The number of nodes expanded:    1003
The total CPU time of heuristic: 0.007180000000971631
The total CPU time of A*:        0.5804239999999936
The type of heuristic:           Adimissible
-----------path-----------
1: [[2, 7, 6, 3, 4, 5, 8, 1, 0], [], []]
2: [[2, 7, 6, 3, 4, 5, 8, 1], [0], []]
3: [[2, 7, 6, 3, 4, 5, 8], [0, 1], []]
4: [[2, 7, 6, 3, 4, 5], [0, 1, 8], []]
5: [[2, 7, 6, 3, 4], [0, 1, 8], [5]]
6: [[2, 7, 6, 3, 4], [0, 1], [5, 8]]
7: [[2, 7, 6, 3], [0, 1], [5, 8, 4]]
8: [[2, 7, 6], [0, 1, 3], [5, 8, 4]]
9: [[2, 7, 6], [0, 1, 3, 4], [5, 8]]
--------------------------

The beam width:                  100
The length of solution:          21
The number of nodes expanded:    960
The total CPU time of heuristic: 0.007094999998628282
The total CPU time of A*:        0.595546000000013
The type of heuristic:           Adimissible
-----------path-----------
1: [[7, 3, 5, 2, 6, 8, 1, 0, 4], [], []]
2: [[7, 3, 5, 2, 6, 8, 1, 0], [4], []]
3: [[7, 3, 5, 2, 6, 8, 1], [4], [0]]
4: [[7, 3, 5, 2, 6, 8], [4], [0, 1]]
5: [[7, 3, 5, 2, 6], [4, 8], [0, 1]]
6: [[7, 3, 5, 2], [4, 8, 6], [0, 1]]
7: [[7, 3, 5], [4, 8, 6], [0, 1, 2]]
8: [[7, 3], [4, 8, 6, 5], [0, 1, 2]]
9: [[7], [4, 8, 6, 5], [0, 1, 2, 3]]
10: [[7], [4, 8, 6], [0, 1, 2, 3, 5]]
11: [[7], [4, 8], [0, 1, 2, 3, 5, 6]]
12: [[], [4, 8], [0, 1, 2, 3, 5, 6, 7]]
13: [[8], [4], [0, 1, 2, 3, 5, 6, 7]]
14: [[8, 7], [4], [0, 1, 2, 3, 5, 6]]
15: [[8, 7, 6], [4], [0, 1, 2, 3, 5]]
16: [[8, 7, 6, 5], [4], [0, 1, 2, 3]]
17: [[8, 7, 6, 5, 4], [], [0, 1, 2, 3]]
18: [[8, 7, 6, 5, 4, 3], [], [0, 1, 2]]
19: [[8, 7, 6, 5, 4, 3, 2], [], [0, 1]]
20: [[8, 7, 6, 5, 4, 3, 2, 1], [], [0]]
21: [[8, 7, 6, 5, 4, 3, 2, 1, 0], [], []]
--------------------------

The beam width:                  100
The length of solution:          8
The number of nodes expanded:    1002
The total CPU time of heuristic: 0.00696699999843986
The total CPU time of A*:        0.6017060000000356
The type of heuristic:           Adimissible
-----------path-----------
1: [[5, 7, 2, 1, 3, 4, 6, 0, 8], [], []]
2: [[5, 7, 2, 1, 3, 4, 6, 0], [], [8]]
3: [[5, 7, 2, 1, 3, 4, 6], [0], [8]]
4: [[5, 7, 2, 1, 3, 4], [0], [8, 6]]
5: [[5, 7, 2, 1, 3], [0, 4], [8, 6]]
6: [[5, 7, 2, 1], [0, 4], [8, 6, 3]]
7: [[5, 7, 2], [0, 4, 1], [8, 6, 3]]
8: [[5, 7], [0, 4, 1, 2], [8, 6, 3]]
--------------------------

The beam width:                  100
The length of solution:          8
The number of nodes expanded:    1004
The total CPU time of heuristic: 0.006923000000540469
The total CPU time of A*:        0.576658000000009
The type of heuristic:           Adimissible
-----------path-----------
1: [[6, 0, 2, 8, 3, 5, 1, 7, 4], [], []]
2: [[6, 0, 2, 8, 3, 5, 1, 7], [], [4]]
3: [[6, 0, 2, 8, 3, 5, 1], [], [4, 7]]
4: [[6, 0, 2, 8, 3, 5], [], [4, 7, 1]]
5: [[6, 0, 2, 8, 3], [5], [4, 7, 1]]
6: [[6, 0, 2, 8], [5], [4, 7, 1, 3]]
7: [[6, 0, 2], [5, 8], [4, 7, 1, 3]]
8: [[6, 0], [5, 8, 2], [4, 7, 1, 3]]
--------------------------

The beam width:                  100
The length of solution:          20
The number of nodes expanded:    378
The total CPU time of heuristic: 0.0027029999997694176
The total CPU time of A*:        0.1874740000000088
The type of heuristic:           Adimissible
-----------path-----------
1: [[7, 5, 8, 2, 6, 4, 0, 1, 3], [], []]
2: [[7, 5, 8, 2, 6, 4, 0, 1], [3], []]
3: [[7, 5, 8, 2, 6, 4, 0], [3, 1], []]
4: [[7, 5, 8, 2, 6, 4], [3, 1], [0]]
5: [[7, 5, 8, 2, 6, 4], [3], [0, 1]]
6: [[7, 5, 8, 2, 6], [3, 4], [0, 1]]
7: [[7, 5, 8, 2], [3, 4, 6], [0, 1]]
8: [[7, 5, 8], [3, 4, 6], [0, 1, 2]]
9: [[7, 5], [3, 4, 6, 8], [0, 1, 2]]
10: [[7], [3, 4, 6, 8], [0, 1, 2, 5]]
11: [[], [3, 4, 6, 8], [0, 1, 2, 5, 7]]
12: [[8], [3, 4, 6], [0, 1, 2, 5, 7]]
13: [[8, 7], [3, 4, 6], [0, 1, 2, 5]]
14: [[8, 7, 6], [3, 4], [0, 1, 2, 5]]
15: [[8, 7, 6, 5], [3, 4], [0, 1, 2]]
16: [[8, 7, 6, 5, 4], [3], [0, 1, 2]]
17: [[8, 7, 6, 5, 4, 3], [], [0, 1, 2]]
18: [[8, 7, 6, 5, 4, 3, 2], [], [0, 1]]
19: [[8, 7, 6, 5, 4, 3, 2, 1], [], [0]]
20: [[8, 7, 6, 5, 4, 3, 2, 1, 0], [], []]
--------------------------

The beam width:                  100
The length of solution:          9
The number of nodes expanded:    1002
The total CPU time of heuristic: 0.007012000000258922
The total CPU time of A*:        0.5552739999999972
The type of heuristic:           Adimissible
-----------path-----------
1: [[8, 5, 0, 3, 6, 7, 2, 4, 1], [], []]
2: [[8, 5, 0, 3, 6, 7, 2, 4], [], [1]]
3: [[8, 5, 0, 3, 6, 7, 2], [4], [1]]
4: [[8, 5, 0, 3, 6, 7], [4], [1, 2]]
5: [[8, 5, 0, 3, 6], [4], [1, 2, 7]]
6: [[8, 5, 0, 3], [4, 6], [1, 2, 7]]
7: [[8, 5, 0, 3], [4, 6, 7], [1, 2]]
8: [[8, 5, 0], [4, 6, 7, 3], [1, 2]]
9: [[8, 5], [4, 6, 7, 3, 0], [1, 2]]
--------------------------

The beam width:                  100
The length of solution:          21
The number of nodes expanded:    486
The total CPU time of heuristic: 0.0032889999997109953
The total CPU time of A*:        0.2179770000000758
The type of heuristic:           Adimissible
-----------path-----------
1: [[7, 5, 3, 2, 6, 0, 4, 1, 8], [], []]
2: [[7, 5, 3, 2, 6, 0, 4, 1], [], [8]]
3: [[7, 5, 3, 2, 6, 0, 4], [1], [8]]
4: [[7, 5, 3, 2, 6, 0], [1, 4], [8]]
5: [[7, 5, 3, 2, 6, 0], [1, 4, 8], []]
6: [[7, 5, 3, 2, 6], [1, 4, 8], [0]]
7: [[7, 5, 3, 2], [1, 4, 8, 6], [0]]
8: [[7, 5, 3], [1, 4, 8, 6], [0, 2]]
9: [[7, 5], [1, 4, 8, 6], [0, 2, 3]]
10: [[7], [1, 4, 8, 6], [0, 2, 3, 5]]
11: [[7], [1, 4, 8], [0, 2, 3, 5, 6]]
12: [[], [1, 4, 8], [0, 2, 3, 5, 6, 7]]
13: [[8], [1, 4], [0, 2, 3, 5, 6, 7]]
14: [[8, 7], [1, 4], [0, 2, 3, 5, 6]]
15: [[8, 7, 6], [1, 4], [0, 2, 3, 5]]
16: [[8, 7, 6, 5], [1, 4], [0, 2, 3]]
17: [[8, 7, 6, 5, 4], [1], [0, 2, 3]]
18: [[8, 7, 6, 5, 4, 3], [1], [0, 2]]
19: [[8, 7, 6, 5, 4, 3, 2], [1], [0]]
20: [[8, 7, 6, 5, 4, 3, 2, 1], [], [0]]
21: [[8, 7, 6, 5, 4, 3, 2, 1, 0], [], []]
--------------------------

The beam width:                  100
The length of solution:          9
The number of nodes expanded:    1002
The total CPU time of heuristic: 0.006967000000997814
The total CPU time of A*:        0.5678819999999973
The type of heuristic:           Adimissible
-----------path-----------
1: [[0, 1, 4, 8, 2, 6, 7, 3, 5], [], []]
2: [[0, 1, 4, 8, 2, 6, 7, 3], [], [5]]
3: [[0, 1, 4, 8, 2, 6, 7], [3], [5]]
4: [[0, 1, 4, 8, 2, 6, 7], [3, 5], []]
5: [[0, 1, 4, 8, 2, 6], [3, 5, 7], []]
6: [[0, 1, 4, 8, 2], [3, 5, 7, 6], []]
7: [[0, 1, 4, 8], [3, 5, 7, 6], [2]]
8: [[0, 1, 4], [3, 5, 7, 6], [2, 8]]
9: [[0, 1], [3, 5, 7, 6, 4], [2, 8]]
--------------------------

The beam width:                  100
The length of solution:          10
The number of nodes expanded:    1001
The total CPU time of heuristic: 0.006939999999815427
The total CPU time of A*:        0.5736099999999738
The type of heuristic:           Adimissible
-----------path-----------
1: [[6, 2, 4, 5, 8, 3, 0, 7, 1], [], []]
2: [[6, 2, 4, 5, 8, 3, 0, 7], [], [1]]
3: [[6, 2, 4, 5, 8, 3, 0], [], [1, 7]]
4: [[6, 2, 4, 5, 8, 3], [0], [1, 7]]
5: [[6, 2, 4, 5, 8, 3], [0, 7], [1]]
6: [[6, 2, 4, 5, 8], [0, 7], [1, 3]]
7: [[6, 2, 4, 5], [0, 7, 8], [1, 3]]
8: [[6, 2, 4], [0, 7, 8], [1, 3, 5]]
9: [[6, 2], [0, 7, 8, 4], [1, 3, 5]]
10: [[6], [0, 7, 8, 4, 2], [1, 3, 5]]
--------------------------

The beam width:                  100
The length of solution:          10
The number of nodes expanded:    1001
The total CPU time of heuristic: 0.006745000000194068
The total CPU time of A*:        0.5755190000000425
The type of heuristic:           Adimissible
-----------path-----------
1: [[5, 1, 3, 8, 2, 0, 4, 7, 6], [], []]
2: [[5, 1, 3, 8, 2, 0, 4, 7], [], [6]]
3: [[5, 1, 3, 8, 2, 0, 4], [7], [6]]
4: [[5, 1, 3, 8, 2, 0, 4], [7, 6], []]
5: [[5, 1, 3, 8, 2, 0], [7, 6, 4], []]
6: [[5, 1, 3, 8, 2], [7, 6, 4], [0]]
7: [[5, 1, 3, 8], [7, 6, 4], [0, 2]]
8: [[5, 1, 3, 8], [7, 6], [0, 2, 4]]
9: [[5, 1, 3, 8], [7], [0, 2, 4, 6]]
10: [[5, 1, 3], [7, 8], [0, 2, 4, 6]]
--------------------------

The beam width:                  100
The length of solution:          8
The number of nodes expanded:    1003
The total CPU time of heuristic: 0.0068200000001752414
The total CPU time of A*:        0.5802490000000375
The type of heuristic:           Adimissible
-----------path-----------
1: [[6, 2, 1, 3, 4, 5, 7, 8, 0], [], []]
2: [[6, 2, 1, 3, 4, 5, 7, 8], [0], []]
3: [[6, 2, 1, 3, 4, 5, 7], [0], [8]]
4: [[6, 2, 1, 3, 4, 5], [0], [8, 7]]
5: [[6, 2, 1, 3, 4], [0, 5], [8, 7]]
6: [[6, 2, 1, 3], [0, 5, 4], [8, 7]]
7: [[6, 2, 1], [0, 5, 4, 3], [8, 7]]
8: [[6, 2], [0, 5, 4, 3, 1], [8, 7]]
--------------------------

The beam width:                  100
The length of solution:          9
The number of nodes expanded:    1003
The total CPU time of heuristic: 0.007028000001298551
The total CPU time of A*:        0.5617209999999773
The type of heuristic:           Adimissible
-----------path-----------
1: [[8, 4, 0, 6, 2, 1, 7, 5, 3], [], []]
2: [[8, 4, 0, 6, 2, 1, 7, 5], [], [3]]
3: [[8, 4, 0, 6, 2, 1, 7], [], [3, 5]]
4: [[8, 4, 0, 6, 2, 1], [], [3, 5, 7]]
5: [[8, 4, 0, 6, 2], [1], [3, 5, 7]]
6: [[8, 4, 0, 6, 2], [1, 7], [3, 5]]
7: [[8, 4, 0, 6], [1, 7, 2], [3, 5]]
8: [[8, 4, 0], [1, 7, 2], [3, 5, 6]]
9: [[8, 4], [1, 7, 2, 0], [3, 5, 6]]
--------------------------

The beam width:                  100
The length of solution:          10
The number of nodes expanded:    1004
The total CPU time of heuristic: 0.006778000000679185
The total CPU time of A*:        0.5673079999999686
The type of heuristic:           Adimissible
-----------path-----------
1: [[2, 1, 8, 5, 6, 7, 3, 0, 4], [], []]
2: [[2, 1, 8, 5, 6, 7, 3, 0], [4], []]
3: [[2, 1, 8, 5, 6, 7, 3], [4], [0]]
4: [[2, 1, 8, 5, 6, 7], [4], [0, 3]]
5: [[2, 1, 8, 5, 6, 7], [], [0, 3, 4]]
6: [[2, 1, 8, 5, 6], [], [0, 3, 4, 7]]
7: [[2, 1, 8, 5], [], [0, 3, 4, 7, 6]]
8: [[2, 1, 8], [5], [0, 3, 4, 7, 6]]
9: [[2, 1, 8], [5, 6], [0, 3, 4, 7]]
10: [[2, 1], [5, 6], [0, 3, 4, 7, 8]]
--------------------------

The beam width:                  100
The length of solution:          8
The number of nodes expanded:    1003
The total CPU time of heuristic: 0.006701000000816748
The total CPU time of A*:        0.5601900000000342
The type of heuristic:           Adimissible
-----------path-----------
1: [[7, 5, 0, 3, 1, 4, 6, 8, 2], [], []]
2: [[7, 5, 0, 3, 1, 4, 6, 8], [2], []]
3: [[7, 5, 0, 3, 1, 4, 6], [2, 8], []]
4: [[7, 5, 0, 3, 1, 4], [2, 8, 6], []]
5: [[7, 5, 0, 3, 1], [2, 8, 6], [4]]
6: [[7, 5, 0, 3], [2, 8, 6], [4, 1]]
7: [[7, 5, 0], [2, 8, 6, 3], [4, 1]]
8: [[7, 5], [2, 8, 6, 3, 0], [4, 1]]
--------------------------

The beam width:                  100
The length of solution:          8
The number of nodes expanded:    1001
The total CPU time of heuristic: 0.006741999998951087
The total CPU time of A*:        0.5515300000000707
The type of heuristic:           Adimissible
-----------path-----------
1: [[8, 0, 1, 3, 7, 5, 4, 6, 2], [], []]
2: [[8, 0, 1, 3, 7, 5, 4, 6], [], [2]]
3: [[8, 0, 1, 3, 7, 5, 4], [6], [2]]
4: [[8, 0, 1, 3, 7, 5], [6], [2, 4]]
5: [[8, 0, 1, 3, 7], [6, 5], [2, 4]]
6: [[8, 0, 1, 3], [6, 5], [2, 4, 7]]
7: [[8, 0, 1], [6, 5, 3], [2, 4, 7]]
8: [[8, 0], [6, 5, 3, 1], [2, 4, 7]]
--------------------------

The beam width:                  100
The length of solution:          9
The number of nodes expanded:    1001
The total CPU time of heuristic: 0.006916000000160238
The total CPU time of A*:        0.5482860000000187
The type of heuristic:           Adimissible
-----------path-----------
1: [[3, 2, 5, 6, 4, 0, 8, 7, 1], [], []]
2: [[3, 2, 5, 6, 4, 0, 8, 7], [1], []]
3: [[3, 2, 5, 6, 4, 0, 8], [1, 7], []]
4: [[3, 2, 5, 6, 4, 0], [1, 7, 8], []]
5: [[3, 2, 5, 6, 4], [1, 7, 8], [0]]
6: [[3, 2, 5, 6], [1, 7, 8, 4], [0]]
7: [[3, 2, 5], [1, 7, 8, 4, 6], [0]]
8: [[3, 2], [1, 7, 8, 4, 6], [0, 5]]
9: [[3], [1, 7, 8, 4, 6, 2], [0, 5]]
--------------------------

The beam width:                  100
The length of solution:          9
The number of nodes expanded:    1002
The total CPU time of heuristic: 0.006632000000365679
The total CPU time of A*:        0.5578729999999723
The type of heuristic:           Adimissible
-----------path-----------
1: [[7, 5, 0, 8, 2, 4, 1, 6, 3], [], []]
2: [[7, 5, 0, 8, 2, 4, 1, 6], [], [3]]
3: [[7, 5, 0, 8, 2, 4, 1], [], [3, 6]]
4: [[7, 5, 0, 8, 2, 4], [1], [3, 6]]
5: [[7, 5, 0, 8, 2], [1, 4], [3, 6]]
6: [[7, 5, 0, 8, 2], [1, 4, 6], [3]]
7: [[7, 5, 0, 8], [1, 4, 6], [3, 2]]
8: [[7, 5, 0], [1, 4, 6, 8], [3, 2]]
9: [[7, 5], [1, 4, 6, 8, 0], [3, 2]]
--------------------------

The beam width:                  100
The length of solution:          7
The number of nodes expanded:    1004
The total CPU time of heuristic: 0.0068439999996030565
The total CPU time of A*:        0.5526409999999373
The type of heuristic:           Adimissible
-----------path-----------
1: [[6, 5, 0, 2, 1, 8, 7, 3, 4], [], []]
2: [[6, 5, 0, 2, 1, 8, 7, 3], [4], []]
3: [[6, 5, 0, 2, 1, 8, 7], [4, 3], []]
4: [[6, 5, 0, 2, 1, 8], [4, 3], [7]]
5: [[6, 5, 0, 2, 1, 8], [4], [7, 3]]
6: [[6, 5, 0, 2, 1], [4, 8], [7, 3]]
7: [[6, 5, 0, 2], [4, 8, 1], [7, 3]]
--------------------------

The beam width:                  100
The length of solution:          11
The number of nodes expanded:    1002
The total CPU time of heuristic: 0.006784999999410957
The total CPU time of A*:        0.5655079999999657
The type of heuristic:           Adimissible
-----------path-----------
1: [[1, 4, 6, 8, 2, 3, 0, 7, 5], [], []]
2: [[1, 4, 6, 8, 2, 3, 0, 7], [5], []]
3: [[1, 4, 6, 8, 2, 3, 0], [5, 7], []]
4: [[1, 4, 6, 8, 2, 3], [5, 7], [0]]
5: [[1, 4, 6, 8, 2], [5, 7, 3], [0]]
6: [[1, 4, 6, 8], [5, 7, 3], [0, 2]]
7: [[1, 4, 6, 8], [5, 7], [0, 2, 3]]
8: [[1, 4, 6], [5, 7, 8], [0, 2, 3]]
9: [[1, 4], [5, 7, 8, 6], [0, 2, 3]]
10: [[1], [5, 7, 8, 6], [0, 2, 3, 4]]
11: [[], [5, 7, 8, 6, 1], [0, 2, 3, 4]]
--------------------------

