The beam width:                  5
The length of solution:          24
The number of nodes expanded:    244
The total CPU time of heuristic: 0.001714000000077931
The total CPU time of A*:        0.11009199999998032
The type of heuristic:           Adimissible
-----------path-----------
1: [[1, 3, 0, 6, 5, 2, 4, 7], [], []]
2: [[1, 3, 0, 6, 5, 2, 4], [], [7]]
3: [[1, 3, 0, 6, 5, 2], [], [7, 4]]
4: [[1, 3, 0, 6, 5], [2], [7, 4]]
5: [[1, 3, 0, 6, 5], [2, 4], [7]]
6: [[1, 3, 0, 6], [2, 4, 5], [7]]
7: [[1, 3, 0], [2, 4, 5, 6], [7]]
8: [[1, 3], [2, 4, 5, 6, 0], [7]]
9: [[1], [2, 4, 5, 6, 0, 3], [7]]
10: [[], [2, 4, 5, 6, 0, 3, 1], [7]]
11: [[7], [2, 4, 5, 6, 0, 3, 1], []]
12: [[7, 1], [2, 4, 5, 6, 0, 3], []]
13: [[7, 1, 3], [2, 4, 5, 6, 0], []]
14: [[7, 1, 3], [2, 4, 5, 6], [0]]
15: [[7, 1], [2, 4, 5, 6, 3], [0]]
16: [[7], [2, 4, 5, 6, 3], [0, 1]]
17: [[7], [2, 4, 5, 6], [0, 1, 3]]
18: [[7, 6], [2, 4, 5], [0, 1, 3]]
19: [[7, 6, 5], [2, 4], [0, 1, 3]]
20: [[7, 6, 5, 4], [2], [0, 1, 3]]
21: [[7, 6, 5, 4, 3], [2], [0, 1]]
22: [[7, 6, 5, 4, 3, 2], [], [0, 1]]
23: [[7, 6, 5, 4, 3, 2, 1], [], [0]]
24: [[7, 6, 5, 4, 3, 2, 1, 0], [], []]
--------------------------

The beam width:                  5
The length of solution:          18
The number of nodes expanded:    123
The total CPU time of heuristic: 0.0007809999999324191
The total CPU time of A*:        0.03578799999996818
The type of heuristic:           Adimissible
-----------path-----------
1: [[5, 4, 6, 1, 7, 0, 3, 2], [], []]
2: [[5, 4, 6, 1, 7, 0, 3], [2], []]
3: [[5, 4, 6, 1, 7, 0], [2, 3], []]
4: [[5, 4, 6, 1, 7], [2, 3], [0]]
5: [[5, 4, 6, 1], [2, 3, 7], [0]]
6: [[5, 4, 6], [2, 3, 7], [0, 1]]
7: [[5, 4], [2, 3, 7, 6], [0, 1]]
8: [[5], [2, 3, 7, 6], [0, 1, 4]]
9: [[], [2, 3, 7, 6], [0, 1, 4, 5]]
10: [[], [2, 3, 7], [0, 1, 4, 5, 6]]
11: [[7], [2, 3], [0, 1, 4, 5, 6]]
12: [[7, 6], [2, 3], [0, 1, 4, 5]]
13: [[7, 6, 5], [2, 3], [0, 1, 4]]
14: [[7, 6, 5, 4], [2, 3], [0, 1]]
15: [[7, 6, 5, 4, 3], [2], [0, 1]]
16: [[7, 6, 5, 4, 3, 2], [], [0, 1]]
17: [[7, 6, 5, 4, 3, 2, 1], [], [0]]
18: [[7, 6, 5, 4, 3, 2, 1, 0], [], []]
--------------------------

The beam width:                  5
The length of solution:          22
The number of nodes expanded:    203
The total CPU time of heuristic: 0.0012939999996888218
The total CPU time of A*:        0.07934100000002786
The type of heuristic:           Adimissible
-----------path-----------
1: [[0, 5, 3, 4, 2, 1, 6, 7], [], []]
2: [[0, 5, 3, 4, 2, 1, 6], [], [7]]
3: [[0, 5, 3, 4, 2, 1], [], [7, 6]]
4: [[0, 5, 3, 4, 2], [1], [7, 6]]
5: [[0, 5, 3, 4], [1, 2], [7, 6]]
6: [[0, 5, 3], [1, 2, 4], [7, 6]]
7: [[0, 5, 3], [1, 2, 4, 6], [7]]
8: [[0, 5], [1, 2, 4, 6, 3], [7]]
9: [[0], [1, 2, 4, 6, 3, 5], [7]]
10: [[], [1, 2, 4, 6, 3, 5, 0], [7]]
11: [[7], [1, 2, 4, 6, 3, 5, 0], []]
12: [[7], [1, 2, 4, 6, 3, 5], [0]]
13: [[7, 5], [1, 2, 4, 6, 3], [0]]
14: [[7, 5], [1, 2, 4, 6], [0, 3]]
15: [[7], [1, 2, 4, 6], [0, 3, 5]]
16: [[7, 6], [1, 2, 4], [0, 3, 5]]
17: [[7, 6, 5], [1, 2, 4], [0, 3]]
18: [[7, 6, 5, 4], [1, 2], [0, 3]]
19: [[7, 6, 5, 4, 3], [1, 2], [0]]
20: [[7, 6, 5, 4, 3, 2], [1], [0]]
21: [[7, 6, 5, 4, 3, 2, 1], [], [0]]
22: [[7, 6, 5, 4, 3, 2, 1, 0], [], []]
--------------------------

The beam width:                  5
The length of solution:          22
The number of nodes expanded:    207
The total CPU time of heuristic: 0.0012440000006961327
The total CPU time of A*:        0.07298399999999106
The type of heuristic:           Adimissible
-----------path-----------
1: [[2, 4, 3, 5, 7, 6, 0, 1], [], []]
2: [[2, 4, 3, 5, 7, 6, 0], [], [1]]
3: [[2, 4, 3, 5, 7, 6], [0], [1]]
4: [[2, 4, 3, 5, 7], [0, 6], [1]]
5: [[2, 4, 3, 5], [0, 6, 7], [1]]
6: [[2, 4, 3], [0, 6, 7, 5], [1]]
7: [[2, 4], [0, 6, 7, 5], [1, 3]]
8: [[2, 4], [0, 6, 7], [1, 3, 5]]
9: [[2], [0, 6, 7, 4], [1, 3, 5]]
10: [[], [0, 6, 7, 4], [1, 3, 5, 2]]
11: [[], [0, 6, 7], [1, 3, 5, 2, 4]]
12: [[7], [0, 6], [1, 3, 5, 2, 4]]
13: [[7, 6], [0], [1, 3, 5, 2, 4]]
14: [[7, 6, 4], [0], [1, 3, 5, 2]]
15: [[7, 6, 4], [0, 2], [1, 3, 5]]
16: [[7, 6], [0, 2, 4], [1, 3, 5]]
17: [[7, 6, 5], [0, 2, 4], [1, 3]]
18: [[7, 6, 5, 4], [0, 2], [1, 3]]
19: [[7, 6, 5, 4, 3], [0, 2], [1]]
20: [[7, 6, 5, 4, 3, 2], [0], [1]]
21: [[7, 6, 5, 4, 3, 2, 1], [0], []]
22: [[7, 6, 5, 4, 3, 2, 1, 0], [], []]
--------------------------

The beam width:                  5
The length of solution:          22
The number of nodes expanded:    200
The total CPU time of heuristic: 0.0013300000001095214
The total CPU time of A*:        0.07583699999997862
The type of heuristic:           Adimissible
-----------path-----------
1: [[5, 4, 2, 6, 3, 7, 1, 0], [], []]
2: [[5, 4, 2, 6, 3, 7, 1], [0], []]
3: [[5, 4, 2, 6, 3, 7], [0, 1], []]
4: [[5, 4, 2, 6, 3], [0, 1], [7]]
5: [[5, 4, 2, 6], [0, 1, 3], [7]]
6: [[5, 4, 2], [0, 1, 3, 6], [7]]
7: [[5, 4], [0, 1, 3, 6, 2], [7]]
8: [[5], [0, 1, 3, 6, 2, 4], [7]]
9: [[], [0, 1, 3, 6, 2, 4, 5], [7]]
10: [[7], [0, 1, 3, 6, 2, 4, 5], []]
11: [[7, 5], [0, 1, 3, 6, 2, 4], []]
12: [[7, 5, 4], [0, 1, 3, 6, 2], []]
13: [[7, 5, 4], [0, 1, 3, 6], [2]]
14: [[7, 5], [0, 1, 3, 6], [2, 4]]
15: [[7], [0, 1, 3, 6], [2, 4, 5]]
16: [[7, 6], [0, 1, 3], [2, 4, 5]]
17: [[7, 6, 5], [0, 1, 3], [2, 4]]
18: [[7, 6, 5, 4], [0, 1, 3], [2]]
19: [[7, 6, 5, 4, 3], [0, 1], [2]]
20: [[7, 6, 5, 4, 3, 2], [0, 1], []]
21: [[7, 6, 5, 4, 3, 2, 1], [0], []]
22: [[7, 6, 5, 4, 3, 2, 1, 0], [], []]
--------------------------

The beam width:                  5
The length of solution:          20
The number of nodes expanded:    151
The total CPU time of heuristic: 0.0010329999999498796
The total CPU time of A*:        0.057386999999977206
The type of heuristic:           Adimissible
-----------path-----------
1: [[1, 4, 0, 3, 7, 2, 6, 5], [], []]
2: [[1, 4, 0, 3, 7, 2, 6], [], [5]]
3: [[1, 4, 0, 3, 7, 2], [], [5, 6]]
4: [[1, 4, 0, 3, 7], [2], [5, 6]]
5: [[1, 4, 0, 3], [2], [5, 6, 7]]
6: [[1, 4, 0], [2, 3], [5, 6, 7]]
7: [[1, 4], [2, 3, 0], [5, 6, 7]]
8: [[1], [2, 3, 0, 4], [5, 6, 7]]
9: [[], [2, 3, 0, 4, 1], [5, 6, 7]]
10: [[7], [2, 3, 0, 4, 1], [5, 6]]
11: [[7, 6], [2, 3, 0, 4, 1], [5]]
12: [[7, 6, 5], [2, 3, 0, 4, 1], []]
13: [[7, 6, 5], [2, 3, 0, 4], [1]]
14: [[7, 6, 5, 4], [2, 3, 0], [1]]
15: [[7, 6, 5, 4], [2, 3], [1, 0]]
16: [[7, 6, 5, 4, 3], [2], [1, 0]]
17: [[7, 6, 5, 4, 3, 2], [], [1, 0]]
18: [[7, 6, 5, 4, 3, 2], [0], [1]]
19: [[7, 6, 5, 4, 3, 2, 1], [0], []]
20: [[7, 6, 5, 4, 3, 2, 1, 0], [], []]
--------------------------

The beam width:                  5
The length of solution:          31
The number of nodes expanded:    369
The total CPU time of heuristic: 0.002433999999681191
The total CPU time of A*:        0.21876199999999812
The type of heuristic:           Adimissible
-----------path-----------
1: [[1, 3, 0, 6, 2, 7, 4, 5], [], []]
2: [[1, 3, 0, 6, 2, 7, 4], [5], []]
3: [[1, 3, 0, 6, 2, 7], [5], [4]]
4: [[1, 3, 0, 6, 2], [5], [4, 7]]
5: [[1, 3, 0, 6], [5, 2], [4, 7]]
6: [[1, 3, 0], [5, 2, 6], [4, 7]]
7: [[1, 3], [5, 2, 6, 0], [4, 7]]
8: [[1], [5, 2, 6, 0, 3], [4, 7]]
9: [[], [5, 2, 6, 0, 3, 1], [4, 7]]
10: [[7], [5, 2, 6, 0, 3, 1], [4]]
11: [[7, 1], [5, 2, 6, 0, 3], [4]]
12: [[7, 1, 3], [5, 2, 6, 0], [4]]
13: [[7, 1, 3, 0], [5, 2, 6], [4]]
14: [[7, 1, 3, 0, 6], [5, 2], [4]]
15: [[7, 1, 3, 0, 6, 2], [5], [4]]
16: [[7, 1, 3, 0, 6, 2], [], [4, 5]]
17: [[7, 1, 3, 0, 6], [2], [4, 5]]
18: [[7, 1, 3, 0], [2], [4, 5, 6]]
19: [[7, 1, 3], [2, 0], [4, 5, 6]]
20: [[7, 1], [2, 0, 3], [4, 5, 6]]
21: [[7], [2, 0, 3, 1], [4, 5, 6]]
22: [[7, 6], [2, 0, 3, 1], [4, 5]]
23: [[7, 6, 5], [2, 0, 3, 1], [4]]
24: [[7, 6, 5, 4], [2, 0, 3, 1], []]
25: [[7, 6, 5, 4], [2, 0, 3], [1]]
26: [[7, 6, 5, 4, 3], [2, 0], [1]]
27: [[7, 6, 5, 4, 3], [2], [1, 0]]
28: [[7, 6, 5, 4, 3, 2], [], [1, 0]]
29: [[7, 6, 5, 4, 3, 2], [0], [1]]
30: [[7, 6, 5, 4, 3, 2, 1], [0], []]
31: [[7, 6, 5, 4, 3, 2, 1, 0], [], []]
--------------------------

The beam width:                  5
The length of solution:          23
The number of nodes expanded:    224
The total CPU time of heuristic: 0.001591000000104259
The total CPU time of A*:        0.10030199999999923
The type of heuristic:           Adimissible
-----------path-----------
1: [[4, 3, 7, 0, 5, 1, 2, 6], [], []]
2: [[4, 3, 7, 0, 5, 1, 2], [], [6]]
3: [[4, 3, 7, 0, 5, 1], [], [6, 2]]
4: [[4, 3, 7, 0, 5], [1], [6, 2]]
5: [[4, 3, 7, 0, 5], [1, 2], [6]]
6: [[4, 3, 7, 0], [1, 2, 5], [6]]
7: [[4, 3, 7], [1, 2, 5, 0], [6]]
8: [[4, 3], [1, 2, 5, 0], [6, 7]]
9: [[4], [1, 2, 5, 0, 3], [6, 7]]
10: [[], [1, 2, 5, 0, 3, 4], [6, 7]]
11: [[7], [1, 2, 5, 0, 3, 4], [6]]
12: [[7, 6], [1, 2, 5, 0, 3, 4], []]
13: [[7, 6, 4], [1, 2, 5, 0, 3], []]
14: [[7, 6, 4, 3], [1, 2, 5, 0], []]
15: [[7, 6, 4, 3], [1, 2, 5], [0]]
16: [[7, 6, 4], [1, 2, 5], [0, 3]]
17: [[7, 6], [1, 2, 5], [0, 3, 4]]
18: [[7, 6, 5], [1, 2], [0, 3, 4]]
19: [[7, 6, 5, 4], [1, 2], [0, 3]]
20: [[7, 6, 5, 4, 3], [1, 2], [0]]
21: [[7, 6, 5, 4, 3, 2], [1], [0]]
22: [[7, 6, 5, 4, 3, 2, 1], [], [0]]
23: [[7, 6, 5, 4, 3, 2, 1, 0], [], []]
--------------------------

The beam width:                  5
The length of solution:          21
The number of nodes expanded:    203
The total CPU time of heuristic: 0.0014299999999423108
The total CPU time of A*:        0.07665099999999825
The type of heuristic:           Adimissible
-----------path-----------
1: [[3, 2, 6, 7, 1, 4, 5, 0], [], []]
2: [[3, 2, 6, 7, 1, 4, 5], [], [0]]
3: [[3, 2, 6, 7, 1, 4], [5], [0]]
4: [[3, 2, 6, 7, 1], [5, 4], [0]]
5: [[3, 2, 6, 7], [5, 4], [0, 1]]
6: [[3, 2, 6], [5, 4], [0, 1, 7]]
7: [[3, 2], [5, 4, 6], [0, 1, 7]]
8: [[3], [5, 4, 6, 2], [0, 1, 7]]
9: [[], [5, 4, 6, 2, 3], [0, 1, 7]]
10: [[7], [5, 4, 6, 2, 3], [0, 1]]
11: [[7, 3], [5, 4, 6, 2], [0, 1]]
12: [[7, 3], [5, 4, 6], [0, 1, 2]]
13: [[7], [5, 4, 6], [0, 1, 2, 3]]
14: [[7, 6], [5, 4], [0, 1, 2, 3]]
15: [[7, 6], [5], [0, 1, 2, 3, 4]]
16: [[7, 6, 5], [], [0, 1, 2, 3, 4]]
17: [[7, 6, 5, 4], [], [0, 1, 2, 3]]
18: [[7, 6, 5, 4, 3], [], [0, 1, 2]]
19: [[7, 6, 5, 4, 3, 2], [], [0, 1]]
20: [[7, 6, 5, 4, 3, 2, 1], [], [0]]
21: [[7, 6, 5, 4, 3, 2, 1, 0], [], []]
--------------------------

The beam width:                  5
The length of solution:          25
The number of nodes expanded:    268
The total CPU time of heuristic: 0.0019529999997018876
The total CPU time of A*:        0.14477899999999977
The type of heuristic:           Adimissible
-----------path-----------
1: [[1, 6, 0, 5, 7, 3, 2, 4], [], []]
2: [[1, 6, 0, 5, 7, 3, 2], [], [4]]
3: [[1, 6, 0, 5, 7, 3], [2], [4]]
4: [[1, 6, 0, 5, 7], [2, 3], [4]]
5: [[1, 6, 0, 5], [2, 3], [4, 7]]
6: [[1, 6, 0], [2, 3, 5], [4, 7]]
7: [[1, 6], [2, 3, 5, 0], [4, 7]]
8: [[1], [2, 3, 5, 0, 6], [4, 7]]
9: [[], [2, 3, 5, 0, 6, 1], [4, 7]]
10: [[7], [2, 3, 5, 0, 6, 1], [4]]
11: [[7], [2, 3, 5, 0, 6], [4, 1]]
12: [[7, 6], [2, 3, 5, 0], [4, 1]]
13: [[7, 6, 0], [2, 3, 5], [4, 1]]
14: [[7, 6, 0, 1], [2, 3, 5], [4]]
15: [[7, 6, 0, 1], [2, 3], [4, 5]]
16: [[7, 6, 0], [2, 3, 1], [4, 5]]
17: [[7, 6], [2, 3, 1, 0], [4, 5]]
18: [[7, 6, 5], [2, 3, 1, 0], [4]]
19: [[7, 6, 5, 4], [2, 3, 1, 0], []]
20: [[7, 6, 5, 4], [2, 3, 1], [0]]
21: [[7, 6, 5, 4], [2, 3], [0, 1]]
22: [[7, 6, 5, 4, 3], [2], [0, 1]]
23: [[7, 6, 5, 4, 3, 2], [], [0, 1]]
24: [[7, 6, 5, 4, 3, 2, 1], [], [0]]
25: [[7, 6, 5, 4, 3, 2, 1, 0], [], []]
--------------------------

The beam width:                  5
The length of solution:          21
The number of nodes expanded:    186
The total CPU time of heuristic: 0.001294999999885249
The total CPU time of A*:        0.07592999999999961
The type of heuristic:           Adimissible
-----------path-----------
1: [[4, 2, 6, 5, 1, 7, 0, 3], [], []]
2: [[4, 2, 6, 5, 1, 7, 0], [], [3]]
3: [[4, 2, 6, 5, 1, 7], [0], [3]]
4: [[4, 2, 6, 5, 1], [0], [3, 7]]
5: [[4, 2, 6, 5], [0, 1], [3, 7]]
6: [[4, 2, 6], [0, 1, 5], [3, 7]]
7: [[4, 2], [0, 1, 5, 6], [3, 7]]
8: [[4], [0, 1, 5, 6, 2], [3, 7]]
9: [[], [0, 1, 5, 6, 2, 4], [3, 7]]
10: [[7], [0, 1, 5, 6, 2, 4], [3]]
11: [[7, 4], [0, 1, 5, 6, 2], [3]]
12: [[7, 4], [0, 1, 5, 6], [3, 2]]
13: [[7], [0, 1, 5, 6], [3, 2, 4]]
14: [[7, 6], [0, 1, 5], [3, 2, 4]]
15: [[7, 6, 5], [0, 1], [3, 2, 4]]
16: [[7, 6, 5, 4], [0, 1], [3, 2]]
17: [[7, 6, 5, 4], [0, 1, 2], [3]]
18: [[7, 6, 5, 4, 3], [0, 1, 2], []]
19: [[7, 6, 5, 4, 3, 2], [0, 1], []]
20: [[7, 6, 5, 4, 3, 2, 1], [0], []]
21: [[7, 6, 5, 4, 3, 2, 1, 0], [], []]
--------------------------

The beam width:                  5
The length of solution:          25
The number of nodes expanded:    260
The total CPU time of heuristic: 0.0018929999995123126
The total CPU time of A*:        0.13503700000001118
The type of heuristic:           Adimissible
-----------path-----------
1: [[5, 4, 3, 2, 6, 7, 1, 0], [], []]
2: [[5, 4, 3, 2, 6, 7, 1], [0], []]
3: [[5, 4, 3, 2, 6, 7], [0, 1], []]
4: [[5, 4, 3, 2, 6], [0, 1], [7]]
5: [[5, 4, 3, 2], [0, 1, 6], [7]]
6: [[5, 4, 3], [0, 1, 6, 2], [7]]
7: [[5, 4], [0, 1, 6, 2, 3], [7]]
8: [[5], [0, 1, 6, 2, 3, 4], [7]]
9: [[], [0, 1, 6, 2, 3, 4, 5], [7]]
10: [[7], [0, 1, 6, 2, 3, 4, 5], []]
11: [[7, 5], [0, 1, 6, 2, 3, 4], []]
12: [[7, 5], [0, 1, 6, 2, 3], [4]]
13: [[7], [0, 1, 6, 2, 3], [4, 5]]
14: [[7, 3], [0, 1, 6, 2], [4, 5]]
15: [[7, 3, 2], [0, 1, 6], [4, 5]]
16: [[7, 3, 2], [0, 1], [4, 5, 6]]
17: [[7, 3], [0, 1, 2], [4, 5, 6]]
18: [[7], [0, 1, 2, 3], [4, 5, 6]]
19: [[7, 6], [0, 1, 2, 3], [4, 5]]
20: [[7, 6, 5], [0, 1, 2, 3], [4]]
21: [[7, 6, 5, 4], [0, 1, 2, 3], []]
22: [[7, 6, 5, 4, 3], [0, 1, 2], []]
23: [[7, 6, 5, 4, 3, 2], [0, 1], []]
24: [[7, 6, 5, 4, 3, 2, 1], [0], []]
25: [[7, 6, 5, 4, 3, 2, 1, 0], [], []]
--------------------------

The beam width:                  5
The length of solution:          22
The number of nodes expanded:    251
The total CPU time of heuristic: 0.0016470000000481377
The total CPU time of A*:        0.10026700000000233
The type of heuristic:           Adimissible
-----------path-----------
1: [[1, 6, 7, 2, 5, 3, 4, 0], [], []]
2: [[1, 6, 7, 2, 5, 3, 4], [], [0]]
3: [[1, 6, 7, 2, 5, 3], [], [0, 4]]
4: [[1, 6, 7, 2, 5], [3], [0, 4]]
5: [[1, 6, 7, 2], [3], [0, 4, 5]]
6: [[1, 6, 7], [3, 2], [0, 4, 5]]
7: [[1, 6], [3, 2], [0, 4, 5, 7]]
8: [[1], [3, 2, 6], [0, 4, 5, 7]]
9: [[], [3, 2, 6, 1], [0, 4, 5, 7]]
10: [[7], [3, 2, 6, 1], [0, 4, 5]]
11: [[7, 1], [3, 2, 6], [0, 4, 5]]
12: [[7, 1], [3, 2], [0, 4, 5, 6]]
13: [[7], [3, 2, 1], [0, 4, 5, 6]]
14: [[7, 6], [3, 2, 1], [0, 4, 5]]
15: [[7, 6, 5], [3, 2, 1], [0, 4]]
16: [[7, 6, 5, 4], [3, 2, 1], [0]]
17: [[7, 6, 5, 4], [3, 2], [0, 1]]
18: [[7, 6, 5, 4], [3], [0, 1, 2]]
19: [[7, 6, 5, 4, 3], [], [0, 1, 2]]
20: [[7, 6, 5, 4, 3, 2], [], [0, 1]]
21: [[7, 6, 5, 4, 3, 2, 1], [], [0]]
22: [[7, 6, 5, 4, 3, 2, 1, 0], [], []]
--------------------------

The beam width:                  5
The length of solution:          19
The number of nodes expanded:    174
The total CPU time of heuristic: 0.0011609999999393494
The total CPU time of A*:        0.06772599999999329
The type of heuristic:           Adimissible
-----------path-----------
1: [[3, 4, 6, 5, 2, 1, 7, 0], [], []]
2: [[3, 4, 6, 5, 2, 1, 7], [0], []]
3: [[3, 4, 6, 5, 2, 1], [0], [7]]
4: [[3, 4, 6, 5, 2], [0, 1], [7]]
5: [[3, 4, 6, 5], [0, 1, 2], [7]]
6: [[3, 4, 6], [0, 1, 2, 5], [7]]
7: [[3, 4], [0, 1, 2, 5, 6], [7]]
8: [[3], [0, 1, 2, 5, 6, 4], [7]]
9: [[], [0, 1, 2, 5, 6, 4, 3], [7]]
10: [[7], [0, 1, 2, 5, 6, 4, 3], []]
11: [[7], [0, 1, 2, 5, 6, 4], [3]]
12: [[7], [0, 1, 2, 5, 6], [3, 4]]
13: [[7, 6], [0, 1, 2, 5], [3, 4]]
14: [[7, 6, 5], [0, 1, 2], [3, 4]]
15: [[7, 6, 5, 4], [0, 1, 2], [3]]
16: [[7, 6, 5, 4, 3], [0, 1, 2], []]
17: [[7, 6, 5, 4, 3, 2], [0, 1], []]
18: [[7, 6, 5, 4, 3, 2, 1], [0], []]
19: [[7, 6, 5, 4, 3, 2, 1, 0], [], []]
--------------------------

The beam width:                  5
The length of solution:          22
The number of nodes expanded:    248
The total CPU time of heuristic: 0.0017129999996257084
The total CPU time of A*:        0.1110039999999799
The type of heuristic:           Adimissible
-----------path-----------
1: [[7, 2, 3, 0, 6, 1, 4, 5], [], []]
2: [[7, 2, 3, 0, 6, 1, 4], [5], []]
3: [[7, 2, 3, 0, 6, 1], [5, 4], []]
4: [[7, 2, 3, 0, 6], [5, 4], [1]]
5: [[7, 2, 3, 0], [5, 4], [1, 6]]
6: [[7, 2, 3], [5, 4, 0], [1, 6]]
7: [[7, 2], [5, 4, 0, 3], [1, 6]]
8: [[7], [5, 4, 0, 3, 2], [1, 6]]
9: [[7, 6], [5, 4, 0, 3, 2], [1]]
10: [[7, 6], [5, 4, 0, 3], [1, 2]]
11: [[7, 6, 3], [5, 4, 0], [1, 2]]
12: [[7, 6, 3, 0], [5, 4], [1, 2]]
13: [[7, 6, 3, 0], [5], [1, 2, 4]]
14: [[7, 6, 3, 0], [], [1, 2, 4, 5]]
15: [[7, 6, 3], [0], [1, 2, 4, 5]]
16: [[7, 6], [0, 3], [1, 2, 4, 5]]
17: [[7, 6, 5], [0, 3], [1, 2, 4]]
18: [[7, 6, 5, 4], [0, 3], [1, 2]]
19: [[7, 6, 5, 4, 3], [0], [1, 2]]
20: [[7, 6, 5, 4, 3, 2], [0], [1]]
21: [[7, 6, 5, 4, 3, 2, 1], [0], []]
22: [[7, 6, 5, 4, 3, 2, 1, 0], [], []]
--------------------------

The beam width:                  5
The length of solution:          22
The number of nodes expanded:    199
The total CPU time of heuristic: 0.0013910000002397283
The total CPU time of A*:        0.08939100000000622
The type of heuristic:           Adimissible
-----------path-----------
1: [[3, 7, 6, 0, 4, 1, 5, 2], [], []]
2: [[3, 7, 6, 0, 4, 1, 5], [], [2]]
3: [[3, 7, 6, 0, 4, 1], [], [2, 5]]
4: [[3, 7, 6, 0, 4], [1], [2, 5]]
5: [[3, 7, 6, 0], [1, 4], [2, 5]]
6: [[3, 7, 6], [1, 4, 0], [2, 5]]
7: [[3, 7], [1, 4, 0], [2, 5, 6]]
8: [[3], [1, 4, 0], [2, 5, 6, 7]]
9: [[], [1, 4, 0, 3], [2, 5, 6, 7]]
10: [[7], [1, 4, 0, 3], [2, 5, 6]]
11: [[7, 6], [1, 4, 0, 3], [2, 5]]
12: [[7, 6, 5], [1, 4, 0, 3], [2]]
13: [[7, 6, 5], [1, 4, 0], [2, 3]]
14: [[7, 6, 5, 0], [1, 4], [2, 3]]
15: [[7, 6, 5, 0], [1], [2, 3, 4]]
16: [[7, 6, 5], [1, 0], [2, 3, 4]]
17: [[7, 6, 5, 4], [1, 0], [2, 3]]
18: [[7, 6, 5, 4, 3], [1, 0], [2]]
19: [[7, 6, 5, 4, 3, 2], [1, 0], []]
20: [[7, 6, 5, 4, 3, 2], [1], [0]]
21: [[7, 6, 5, 4, 3, 2, 1], [], [0]]
22: [[7, 6, 5, 4, 3, 2, 1, 0], [], []]
--------------------------

The beam width:                  5
The length of solution:          25
The number of nodes expanded:    260
The total CPU time of heuristic: 0.0017460000003097775
The total CPU time of A*:        0.11559200000002079
The type of heuristic:           Adimissible
-----------path-----------
1: [[3, 4, 0, 2, 6, 1, 5, 7], [], []]
2: [[3, 4, 0, 2, 6, 1, 5], [], [7]]
3: [[3, 4, 0, 2, 6, 1], [], [7, 5]]
4: [[3, 4, 0, 2, 6], [1], [7, 5]]
5: [[3, 4, 0, 2, 6], [1, 5], [7]]
6: [[3, 4, 0, 2], [1, 5, 6], [7]]
7: [[3, 4, 0], [1, 5, 6, 2], [7]]
8: [[3, 4], [1, 5, 6, 2, 0], [7]]
9: [[3], [1, 5, 6, 2, 0, 4], [7]]
10: [[], [1, 5, 6, 2, 0, 4, 3], [7]]
11: [[7], [1, 5, 6, 2, 0, 4, 3], []]
12: [[7, 3], [1, 5, 6, 2, 0, 4], []]
13: [[7, 3, 4], [1, 5, 6, 2, 0], []]
14: [[7, 3, 4], [1, 5, 6, 2], [0]]
15: [[7, 3, 4], [1, 5, 6], [0, 2]]
16: [[7, 3], [1, 5, 6, 4], [0, 2]]
17: [[7], [1, 5, 6, 4], [0, 2, 3]]
18: [[7], [1, 5, 6], [0, 2, 3, 4]]
19: [[7, 6], [1, 5], [0, 2, 3, 4]]
20: [[7, 6, 5], [1], [0, 2, 3, 4]]
21: [[7, 6, 5, 4], [1], [0, 2, 3]]
22: [[7, 6, 5, 4, 3], [1], [0, 2]]
23: [[7, 6, 5, 4, 3, 2], [1], [0]]
24: [[7, 6, 5, 4, 3, 2, 1], [], [0]]
25: [[7, 6, 5, 4, 3, 2, 1, 0], [], []]
--------------------------

The beam width:                  5
The length of solution:          29
The number of nodes expanded:    315
The total CPU time of heuristic: 0.002228000000229713
The total CPU time of A*:        0.16582400000001485
The type of heuristic:           Adimissible
-----------path-----------
1: [[7, 1, 2, 3, 4, 6, 5, 0], [], []]
2: [[7, 1, 2, 3, 4, 6, 5], [], [0]]
3: [[7, 1, 2, 3, 4, 6], [5], [0]]
4: [[7, 1, 2, 3, 4], [5, 6], [0]]
5: [[7, 1, 2, 3], [5, 6], [0, 4]]
6: [[7, 1, 2], [5, 6, 3], [0, 4]]
7: [[7, 1], [5, 6, 3, 2], [0, 4]]
8: [[7], [5, 6, 3, 2, 1], [0, 4]]
9: [[], [5, 6, 3, 2, 1], [0, 4, 7]]
10: [[1], [5, 6, 3, 2], [0, 4, 7]]
11: [[1, 2], [5, 6, 3], [0, 4, 7]]
12: [[1, 2, 3], [5, 6], [0, 4, 7]]
13: [[1, 2, 3], [5, 6, 7], [0, 4]]
14: [[1, 2], [5, 6, 7, 3], [0, 4]]
15: [[1], [5, 6, 7, 3, 2], [0, 4]]
16: [[], [5, 6, 7, 3, 2, 1], [0, 4]]
17: [[4], [5, 6, 7, 3, 2, 1], [0]]
18: [[4], [5, 6, 7, 3, 2], [0, 1]]
19: [[4], [5, 6, 7, 3], [0, 1, 2]]
20: [[4], [5, 6, 7], [0, 1, 2, 3]]
21: [[], [5, 6, 7], [0, 1, 2, 3, 4]]
22: [[7], [5, 6], [0, 1, 2, 3, 4]]
23: [[7, 6], [5], [0, 1, 2, 3, 4]]
24: [[7, 6, 5], [], [0, 1, 2, 3, 4]]
25: [[7, 6, 5, 4], [], [0, 1, 2, 3]]
26: [[7, 6, 5, 4, 3], [], [0, 1, 2]]
27: [[7, 6, 5, 4, 3, 2], [], [0, 1]]
28: [[7, 6, 5, 4, 3, 2, 1], [], [0]]
29: [[7, 6, 5, 4, 3, 2, 1, 0], [], []]
--------------------------

The beam width:                  5
The length of solution:          24
The number of nodes expanded:    262
The total CPU time of heuristic: 0.0018339999994054779
The total CPU time of A*:        0.12639699999996878
The type of heuristic:           Adimissible
-----------path-----------
1: [[0, 6, 7, 5, 3, 1, 4, 2], [], []]
2: [[0, 6, 7, 5, 3, 1, 4], [], [2]]
3: [[0, 6, 7, 5, 3, 1], [], [2, 4]]
4: [[0, 6, 7, 5, 3], [1], [2, 4]]
5: [[0, 6, 7, 5], [1, 3], [2, 4]]
6: [[0, 6, 7], [1, 3, 5], [2, 4]]
7: [[0, 6], [1, 3, 5], [2, 4, 7]]
8: [[0], [1, 3, 5, 6], [2, 4, 7]]
9: [[], [1, 3, 5, 6, 0], [2, 4, 7]]
10: [[7], [1, 3, 5, 6, 0], [2, 4]]
11: [[7], [1, 3, 5, 6], [2, 4, 0]]
12: [[7, 6], [1, 3, 5], [2, 4, 0]]
13: [[7, 6, 5], [1, 3], [2, 4, 0]]
14: [[7, 6, 5, 0], [1, 3], [2, 4]]
15: [[7, 6, 5, 0], [1, 3, 4], [2]]
16: [[7, 6, 5], [1, 3, 4], [2, 0]]
17: [[7, 6, 5, 4], [1, 3], [2, 0]]
18: [[7, 6, 5, 4, 3], [1], [2, 0]]
19: [[7, 6, 5, 4, 3, 0], [1], [2]]
20: [[7, 6, 5, 4, 3, 0], [1, 2], []]
21: [[7, 6, 5, 4, 3], [1, 2], [0]]
22: [[7, 6, 5, 4, 3, 2], [1], [0]]
23: [[7, 6, 5, 4, 3, 2, 1], [], [0]]
24: [[7, 6, 5, 4, 3, 2, 1, 0], [], []]
--------------------------

The beam width:                  5
The length of solution:          22
The number of nodes expanded:    204
The total CPU time of heuristic: 0.0014290000001153658
The total CPU time of A*:        0.0877630000000238
The type of heuristic:           Adimissible
-----------path-----------
1: [[5, 7, 3, 0, 2, 4, 1, 6], [], []]
2: [[5, 7, 3, 0, 2, 4, 1], [6], []]
3: [[5, 7, 3, 0, 2, 4], [6], [1]]
4: [[5, 7, 3, 0, 2], [6, 4], [1]]
5: [[5, 7, 3, 0], [6, 4], [1, 2]]
6: [[5, 7, 3], [6, 4, 0], [1, 2]]
7: [[5, 7], [6, 4, 0], [1, 2, 3]]
8: [[5], [6, 4, 0, 7], [1, 2, 3]]
9: [[], [6, 4, 0, 7], [1, 2, 3, 5]]
10: [[7], [6, 4, 0], [1, 2, 3, 5]]
11: [[7], [6, 4], [1, 2, 3, 5, 0]]
12: [[7], [6], [1, 2, 3, 5, 0, 4]]
13: [[7, 6], [], [1, 2, 3, 5, 0, 4]]
14: [[7, 6, 4], [], [1, 2, 3, 5, 0]]
15: [[7, 6, 4], [0], [1, 2, 3, 5]]
16: [[7, 6], [0, 4], [1, 2, 3, 5]]
17: [[7, 6, 5], [0, 4], [1, 2, 3]]
18: [[7, 6, 5, 4], [0], [1, 2, 3]]
19: [[7, 6, 5, 4, 3], [0], [1, 2]]
20: [[7, 6, 5, 4, 3, 2], [0], [1]]
21: [[7, 6, 5, 4, 3, 2, 1], [0], []]
22: [[7, 6, 5, 4, 3, 2, 1, 0], [], []]
--------------------------

