The beam width:                  25
The length of solution:          21
The number of nodes expanded:    407
The total CPU time of heuristic: 0.002787999999583235
The total CPU time of A*:        0.1616160000000093
The type of heuristic:           Adimissible
-----------path-----------
1: [[7, 6, 3, 0, 5, 8, 2, 1, 4], [], []]
2: [[7, 6, 3, 0, 5, 8, 2, 1], [], [4]]
3: [[7, 6, 3, 0, 5, 8, 2], [1], [4]]
4: [[7, 6, 3, 0, 5, 8], [1, 2], [4]]
5: [[7, 6, 3, 0, 5, 8], [1, 2, 4], []]
6: [[7, 6, 3, 0, 5], [1, 2, 4, 8], []]
7: [[7, 6, 3, 0], [1, 2, 4, 8, 5], []]
8: [[7, 6, 3], [1, 2, 4, 8, 5], [0]]
9: [[7, 6], [1, 2, 4, 8, 5], [0, 3]]
10: [[7, 6], [1, 2, 4, 8], [0, 3, 5]]
11: [[7], [1, 2, 4, 8], [0, 3, 5, 6]]
12: [[], [1, 2, 4, 8], [0, 3, 5, 6, 7]]
13: [[8], [1, 2, 4], [0, 3, 5, 6, 7]]
14: [[8, 7], [1, 2, 4], [0, 3, 5, 6]]
15: [[8, 7, 6], [1, 2, 4], [0, 3, 5]]
16: [[8, 7, 6, 5], [1, 2, 4], [0, 3]]
17: [[8, 7, 6, 5, 4], [1, 2], [0, 3]]
18: [[8, 7, 6, 5, 4, 3], [1, 2], [0]]
19: [[8, 7, 6, 5, 4, 3, 2], [1], [0]]
20: [[8, 7, 6, 5, 4, 3, 2, 1], [], [0]]
21: [[8, 7, 6, 5, 4, 3, 2, 1, 0], [], []]
--------------------------

The beam width:                  25
The length of solution:          22
The number of nodes expanded:    683
The total CPU time of heuristic: 0.004758000000066431
The total CPU time of A*:        0.3694229999999834
The type of heuristic:           Adimissible
-----------path-----------
1: [[2, 7, 6, 3, 4, 5, 8, 1, 0], [], []]
2: [[2, 7, 6, 3, 4, 5, 8, 1], [0], []]
3: [[2, 7, 6, 3, 4, 5, 8], [0], [1]]
4: [[2, 7, 6, 3, 4, 5], [0], [1, 8]]
5: [[2, 7, 6, 3, 4], [0], [1, 8, 5]]
6: [[2, 7, 6, 3], [0, 4], [1, 8, 5]]
7: [[2, 7, 6, 3], [0, 4, 5], [1, 8]]
8: [[2, 7, 6], [0, 4, 5, 3], [1, 8]]
9: [[2, 7], [0, 4, 5, 3, 6], [1, 8]]
10: [[2], [0, 4, 5, 3, 6, 7], [1, 8]]
11: [[], [0, 4, 5, 3, 6, 7, 2], [1, 8]]
12: [[8], [0, 4, 5, 3, 6, 7, 2], [1]]
13: [[8], [0, 4, 5, 3, 6, 7], [1, 2]]
14: [[8, 7], [0, 4, 5, 3, 6], [1, 2]]
15: [[8, 7, 6], [0, 4, 5, 3], [1, 2]]
16: [[8, 7, 6], [0, 4, 5], [1, 2, 3]]
17: [[8, 7, 6, 5], [0, 4], [1, 2, 3]]
18: [[8, 7, 6, 5, 4], [0], [1, 2, 3]]
19: [[8, 7, 6, 5, 4, 3], [0], [1, 2]]
20: [[8, 7, 6, 5, 4, 3, 2], [0], [1]]
21: [[8, 7, 6, 5, 4, 3, 2, 1], [0], []]
22: [[8, 7, 6, 5, 4, 3, 2, 1, 0], [], []]
--------------------------

The beam width:                  25
The length of solution:          21
The number of nodes expanded:    474
The total CPU time of heuristic: 0.003279999999733718
The total CPU time of A*:        0.2167209999999784
The type of heuristic:           Adimissible
-----------path-----------
1: [[7, 3, 5, 2, 6, 8, 1, 0, 4], [], []]
2: [[7, 3, 5, 2, 6, 8, 1, 0], [4], []]
3: [[7, 3, 5, 2, 6, 8, 1], [4], [0]]
4: [[7, 3, 5, 2, 6, 8], [4], [0, 1]]
5: [[7, 3, 5, 2, 6], [4, 8], [0, 1]]
6: [[7, 3, 5, 2], [4, 8, 6], [0, 1]]
7: [[7, 3, 5], [4, 8, 6], [0, 1, 2]]
8: [[7, 3], [4, 8, 6, 5], [0, 1, 2]]
9: [[7], [4, 8, 6, 5], [0, 1, 2, 3]]
10: [[7], [4, 8, 6], [0, 1, 2, 3, 5]]
11: [[7], [4, 8], [0, 1, 2, 3, 5, 6]]
12: [[], [4, 8], [0, 1, 2, 3, 5, 6, 7]]
13: [[8], [4], [0, 1, 2, 3, 5, 6, 7]]
14: [[8, 7], [4], [0, 1, 2, 3, 5, 6]]
15: [[8, 7, 6], [4], [0, 1, 2, 3, 5]]
16: [[8, 7, 6, 5], [4], [0, 1, 2, 3]]
17: [[8, 7, 6, 5, 4], [], [0, 1, 2, 3]]
18: [[8, 7, 6, 5, 4, 3], [], [0, 1, 2]]
19: [[8, 7, 6, 5, 4, 3, 2], [], [0, 1]]
20: [[8, 7, 6, 5, 4, 3, 2, 1], [], [0]]
21: [[8, 7, 6, 5, 4, 3, 2, 1, 0], [], []]
--------------------------

The beam width:                  25
The length of solution:          27
The number of nodes expanded:    954
The total CPU time of heuristic: 0.007054999999809297
The total CPU time of A*:        0.6701510000000042
The type of heuristic:           Adimissible
-----------path-----------
1: [[5, 7, 2, 1, 3, 4, 6, 0, 8], [], []]
2: [[5, 7, 2, 1, 3, 4, 6, 0], [8], []]
3: [[5, 7, 2, 1, 3, 4, 6], [8], [0]]
4: [[5, 7, 2, 1, 3, 4], [8], [0, 6]]
5: [[5, 7, 2, 1, 3, 4], [], [0, 6, 8]]
6: [[5, 7, 2, 1, 3], [], [0, 6, 8, 4]]
7: [[5, 7, 2, 1], [3], [0, 6, 8, 4]]
8: [[5, 7, 2, 1], [3, 4], [0, 6, 8]]
9: [[5, 7, 2], [3, 4, 1], [0, 6, 8]]
10: [[5, 7], [3, 4, 1, 2], [0, 6, 8]]
11: [[5], [3, 4, 1, 2, 7], [0, 6, 8]]
12: [[], [3, 4, 1, 2, 7, 5], [0, 6, 8]]
13: [[8], [3, 4, 1, 2, 7, 5], [0, 6]]
14: [[8, 5], [3, 4, 1, 2, 7], [0, 6]]
15: [[8, 5], [3, 4, 1, 2], [0, 6, 7]]
16: [[8], [3, 4, 1, 2, 5], [0, 6, 7]]
17: [[8, 7], [3, 4, 1, 2, 5], [0, 6]]
18: [[8, 7, 6], [3, 4, 1, 2, 5], [0]]
19: [[8, 7, 6, 5], [3, 4, 1, 2], [0]]
20: [[8, 7, 6, 5, 2], [3, 4, 1], [0]]
21: [[8, 7, 6, 5, 2], [3, 4], [0, 1]]
22: [[8, 7, 6, 5], [3, 4], [0, 1, 2]]
23: [[8, 7, 6, 5, 4], [3], [0, 1, 2]]
24: [[8, 7, 6, 5, 4, 3], [], [0, 1, 2]]
25: [[8, 7, 6, 5, 4, 3, 2], [], [0, 1]]
26: [[8, 7, 6, 5, 4, 3, 2, 1], [], [0]]
27: [[8, 7, 6, 5, 4, 3, 2, 1, 0], [], []]
--------------------------

The beam width:                  25
The length of solution:          17
The number of nodes expanded:    1001
The total CPU time of heuristic: 0.007080999999999449
The total CPU time of A*:        0.7101680000000101
The type of heuristic:           Adimissible
-----------path-----------
1: [[6, 0, 2, 8, 3, 5, 1, 7, 4], [], []]
2: [[6, 0, 2, 8, 3, 5, 1, 7], [4], []]
3: [[6, 0, 2, 8, 3, 5, 1], [4, 7], []]
4: [[6, 0, 2, 8, 3, 5], [4, 7], [1]]
5: [[6, 0, 2, 8, 3], [4, 7], [1, 5]]
6: [[6, 0, 2, 8, 3], [4], [1, 5, 7]]
7: [[6, 0, 2, 8], [4, 3], [1, 5, 7]]
8: [[6, 0, 2], [4, 3], [1, 5, 7, 8]]
9: [[6, 0], [4, 3, 2], [1, 5, 7, 8]]
10: [[6], [4, 3, 2, 0], [1, 5, 7, 8]]
11: [[], [4, 3, 2, 0, 6], [1, 5, 7, 8]]
12: [[8], [4, 3, 2, 0, 6], [1, 5, 7]]
13: [[8, 7], [4, 3, 2, 0, 6], [1, 5]]
14: [[8, 7], [4, 3, 2, 0], [1, 5, 6]]
15: [[8, 7, 0], [4, 3, 2], [1, 5, 6]]
16: [[8, 7, 0, 2], [4, 3], [1, 5, 6]]
17: [[8, 7, 0, 2, 3], [4], [1, 5, 6]]
--------------------------

The beam width:                  25
The length of solution:          20
The number of nodes expanded:    378
The total CPU time of heuristic: 0.0027009999998597323
The total CPU time of A*:        0.18182999999999083
The type of heuristic:           Adimissible
-----------path-----------
1: [[7, 5, 8, 2, 6, 4, 0, 1, 3], [], []]
2: [[7, 5, 8, 2, 6, 4, 0, 1], [], [3]]
3: [[7, 5, 8, 2, 6, 4, 0], [], [3, 1]]
4: [[7, 5, 8, 2, 6, 4], [0], [3, 1]]
5: [[7, 5, 8, 2, 6, 4], [0, 1], [3]]
6: [[7, 5, 8, 2, 6], [0, 1], [3, 4]]
7: [[7, 5, 8, 2], [0, 1], [3, 4, 6]]
8: [[7, 5, 8], [0, 1, 2], [3, 4, 6]]
9: [[7, 5], [0, 1, 2], [3, 4, 6, 8]]
10: [[7], [0, 1, 2, 5], [3, 4, 6, 8]]
11: [[], [0, 1, 2, 5, 7], [3, 4, 6, 8]]
12: [[8], [0, 1, 2, 5, 7], [3, 4, 6]]
13: [[8, 7], [0, 1, 2, 5], [3, 4, 6]]
14: [[8, 7, 6], [0, 1, 2, 5], [3, 4]]
15: [[8, 7, 6, 5], [0, 1, 2], [3, 4]]
16: [[8, 7, 6, 5, 4], [0, 1, 2], [3]]
17: [[8, 7, 6, 5, 4, 3], [0, 1, 2], []]
18: [[8, 7, 6, 5, 4, 3, 2], [0, 1], []]
19: [[8, 7, 6, 5, 4, 3, 2, 1], [0], []]
20: [[8, 7, 6, 5, 4, 3, 2, 1, 0], [], []]
--------------------------

The beam width:                  25
The length of solution:          20
The number of nodes expanded:    587
The total CPU time of heuristic: 0.004032999999907361
The total CPU time of A*:        0.2655340000000024
The type of heuristic:           Adimissible
-----------path-----------
1: [[8, 5, 0, 3, 6, 7, 2, 4, 1], [], []]
2: [[8, 5, 0, 3, 6, 7, 2, 4], [1], []]
3: [[8, 5, 0, 3, 6, 7, 2], [1], [4]]
4: [[8, 5, 0, 3, 6, 7], [1, 2], [4]]
5: [[8, 5, 0, 3, 6, 7], [1, 2, 4], []]
6: [[8, 5, 0, 3, 6], [1, 2, 4, 7], []]
7: [[8, 5, 0, 3], [1, 2, 4, 7, 6], []]
8: [[8, 5, 0], [1, 2, 4, 7, 6, 3], []]
9: [[8, 5], [1, 2, 4, 7, 6, 3], [0]]
10: [[8, 5], [1, 2, 4, 7, 6], [0, 3]]
11: [[8], [1, 2, 4, 7, 6], [0, 3, 5]]
12: [[8], [1, 2, 4, 7], [0, 3, 5, 6]]
13: [[8, 7], [1, 2, 4], [0, 3, 5, 6]]
14: [[8, 7, 6], [1, 2, 4], [0, 3, 5]]
15: [[8, 7, 6, 5], [1, 2, 4], [0, 3]]
16: [[8, 7, 6, 5, 4], [1, 2], [0, 3]]
17: [[8, 7, 6, 5, 4, 3], [1, 2], [0]]
18: [[8, 7, 6, 5, 4, 3, 2], [1], [0]]
19: [[8, 7, 6, 5, 4, 3, 2, 1], [], [0]]
20: [[8, 7, 6, 5, 4, 3, 2, 1, 0], [], []]
--------------------------

The beam width:                  25
The length of solution:          21
The number of nodes expanded:    327
The total CPU time of heuristic: 0.0020929999998600124
The total CPU time of A*:        0.12121999999999389
The type of heuristic:           Adimissible
-----------path-----------
1: [[7, 5, 3, 2, 6, 0, 4, 1, 8], [], []]
2: [[7, 5, 3, 2, 6, 0, 4, 1], [], [8]]
3: [[7, 5, 3, 2, 6, 0, 4], [1], [8]]
4: [[7, 5, 3, 2, 6, 0], [1, 4], [8]]
5: [[7, 5, 3, 2, 6, 0], [1, 4, 8], []]
6: [[7, 5, 3, 2, 6], [1, 4, 8], [0]]
7: [[7, 5, 3, 2], [1, 4, 8, 6], [0]]
8: [[7, 5, 3], [1, 4, 8, 6], [0, 2]]
9: [[7, 5], [1, 4, 8, 6], [0, 2, 3]]
10: [[7], [1, 4, 8, 6], [0, 2, 3, 5]]
11: [[7], [1, 4, 8], [0, 2, 3, 5, 6]]
12: [[], [1, 4, 8], [0, 2, 3, 5, 6, 7]]
13: [[8], [1, 4], [0, 2, 3, 5, 6, 7]]
14: [[8, 7], [1, 4], [0, 2, 3, 5, 6]]
15: [[8, 7, 6], [1, 4], [0, 2, 3, 5]]
16: [[8, 7, 6, 5], [1, 4], [0, 2, 3]]
17: [[8, 7, 6, 5, 4], [1], [0, 2, 3]]
18: [[8, 7, 6, 5, 4, 3], [1], [0, 2]]
19: [[8, 7, 6, 5, 4, 3, 2], [1], [0]]
20: [[8, 7, 6, 5, 4, 3, 2, 1], [], [0]]
21: [[8, 7, 6, 5, 4, 3, 2, 1, 0], [], []]
--------------------------

The beam width:                  25
The length of solution:          25
The number of nodes expanded:    841
The total CPU time of heuristic: 0.005867999999935591
The total CPU time of A*:        0.5194649999999967
The type of heuristic:           Adimissible
-----------path-----------
1: [[0, 1, 4, 8, 2, 6, 7, 3, 5], [], []]
2: [[0, 1, 4, 8, 2, 6, 7, 3], [], [5]]
3: [[0, 1, 4, 8, 2, 6, 7], [3], [5]]
4: [[0, 1, 4, 8, 2, 6, 7], [3, 5], []]
5: [[0, 1, 4, 8, 2, 6], [3, 5], [7]]
6: [[0, 1, 4, 8, 2], [3, 5, 6], [7]]
7: [[0, 1, 4, 8], [3, 5, 6, 2], [7]]
8: [[0, 1, 4], [3, 5, 6, 2], [7, 8]]
9: [[0, 1], [3, 5, 6, 2, 4], [7, 8]]
10: [[0], [3, 5, 6, 2, 4, 1], [7, 8]]
11: [[], [3, 5, 6, 2, 4, 1, 0], [7, 8]]
12: [[8], [3, 5, 6, 2, 4, 1, 0], [7]]
13: [[8, 7], [3, 5, 6, 2, 4, 1, 0], []]
14: [[8, 7], [3, 5, 6, 2, 4, 1], [0]]
15: [[8, 7], [3, 5, 6, 2, 4], [0, 1]]
16: [[8, 7, 4], [3, 5, 6, 2], [0, 1]]
17: [[8, 7, 4], [3, 5, 6], [0, 1, 2]]
18: [[8, 7], [3, 5, 6], [0, 1, 2, 4]]
19: [[8, 7, 6], [3, 5], [0, 1, 2, 4]]
20: [[8, 7, 6, 5], [3], [0, 1, 2, 4]]
21: [[8, 7, 6, 5, 4], [3], [0, 1, 2]]
22: [[8, 7, 6, 5, 4, 3], [], [0, 1, 2]]
23: [[8, 7, 6, 5, 4, 3, 2], [], [0, 1]]
24: [[8, 7, 6, 5, 4, 3, 2, 1], [], [0]]
25: [[8, 7, 6, 5, 4, 3, 2, 1, 0], [], []]
--------------------------

The beam width:                  25
The length of solution:          21
The number of nodes expanded:    543
The total CPU time of heuristic: 0.003774999999990314
The total CPU time of A*:        0.2559789999999964
The type of heuristic:           Adimissible
-----------path-----------
1: [[6, 2, 4, 5, 8, 3, 0, 7, 1], [], []]
2: [[6, 2, 4, 5, 8, 3, 0, 7], [], [1]]
3: [[6, 2, 4, 5, 8, 3, 0], [], [1, 7]]
4: [[6, 2, 4, 5, 8, 3], [0], [1, 7]]
5: [[6, 2, 4, 5, 8], [0, 3], [1, 7]]
6: [[6, 2, 4, 5], [0, 3], [1, 7, 8]]
7: [[6, 2, 4], [0, 3], [1, 7, 8, 5]]
8: [[6, 2], [0, 3, 4], [1, 7, 8, 5]]
9: [[6, 2], [0, 3, 4, 5], [1, 7, 8]]
10: [[6], [0, 3, 4, 5, 2], [1, 7, 8]]
11: [[], [0, 3, 4, 5, 2, 6], [1, 7, 8]]
12: [[8], [0, 3, 4, 5, 2, 6], [1, 7]]
13: [[8, 7], [0, 3, 4, 5, 2, 6], [1]]
14: [[8, 7, 6], [0, 3, 4, 5, 2], [1]]
15: [[8, 7, 6], [0, 3, 4, 5], [1, 2]]
16: [[8, 7, 6, 5], [0, 3, 4], [1, 2]]
17: [[8, 7, 6, 5, 4], [0, 3], [1, 2]]
18: [[8, 7, 6, 5, 4, 3], [0], [1, 2]]
19: [[8, 7, 6, 5, 4, 3, 2], [0], [1]]
20: [[8, 7, 6, 5, 4, 3, 2, 1], [0], []]
21: [[8, 7, 6, 5, 4, 3, 2, 1, 0], [], []]
--------------------------

The beam width:                  25
The length of solution:          22
The number of nodes expanded:    549
The total CPU time of heuristic: 0.0035369999997669765
The total CPU time of A*:        0.25051100000001725
The type of heuristic:           Adimissible
-----------path-----------
1: [[5, 1, 3, 8, 2, 0, 4, 7, 6], [], []]
2: [[5, 1, 3, 8, 2, 0, 4, 7], [], [6]]
3: [[5, 1, 3, 8, 2, 0, 4], [], [6, 7]]
4: [[5, 1, 3, 8, 2, 0], [], [6, 7, 4]]
5: [[5, 1, 3, 8, 2], [0], [6, 7, 4]]
6: [[5, 1, 3, 8], [0, 2], [6, 7, 4]]
7: [[5, 1, 3, 8], [0, 2, 4], [6, 7]]
8: [[5, 1, 3], [0, 2, 4], [6, 7, 8]]
9: [[5, 1], [0, 2, 4, 3], [6, 7, 8]]
10: [[5], [0, 2, 4, 3, 1], [6, 7, 8]]
11: [[], [0, 2, 4, 3, 1, 5], [6, 7, 8]]
12: [[8], [0, 2, 4, 3, 1, 5], [6, 7]]
13: [[8, 7], [0, 2, 4, 3, 1, 5], [6]]
14: [[8, 7, 6], [0, 2, 4, 3, 1, 5], []]
15: [[8, 7, 6, 5], [0, 2, 4, 3, 1], []]
16: [[8, 7, 6, 5], [0, 2, 4, 3], [1]]
17: [[8, 7, 6, 5], [0, 2, 4], [1, 3]]
18: [[8, 7, 6, 5, 4], [0, 2], [1, 3]]
19: [[8, 7, 6, 5, 4, 3], [0, 2], [1]]
20: [[8, 7, 6, 5, 4, 3, 2], [0], [1]]
21: [[8, 7, 6, 5, 4, 3, 2, 1], [0], []]
22: [[8, 7, 6, 5, 4, 3, 2, 1, 0], [], []]
--------------------------

The beam width:                  25
The length of solution:          23
The number of nodes expanded:    544
The total CPU time of heuristic: 0.0035910000001422304
The total CPU time of A*:        0.24125300000000038
The type of heuristic:           Adimissible
-----------path-----------
1: [[6, 2, 1, 3, 4, 5, 7, 8, 0], [], []]
2: [[6, 2, 1, 3, 4, 5, 7, 8], [], [0]]
3: [[6, 2, 1, 3, 4, 5, 7], [], [0, 8]]
4: [[6, 2, 1, 3, 4, 5], [7], [0, 8]]
5: [[6, 2, 1, 3, 4, 5], [7, 8], [0]]
6: [[6, 2, 1, 3, 4], [7, 8, 5], [0]]
7: [[6, 2, 1, 3], [7, 8, 5, 4], [0]]
8: [[6, 2, 1], [7, 8, 5, 4, 3], [0]]
9: [[6, 2], [7, 8, 5, 4, 3], [0, 1]]
10: [[6], [7, 8, 5, 4, 3], [0, 1, 2]]
11: [[6], [7, 8, 5, 4], [0, 1, 2, 3]]
12: [[6], [7, 8, 5], [0, 1, 2, 3, 4]]
13: [[6], [7, 8], [0, 1, 2, 3, 4, 5]]
14: [[], [7, 8], [0, 1, 2, 3, 4, 5, 6]]
15: [[8], [7], [0, 1, 2, 3, 4, 5, 6]]
16: [[8, 7], [], [0, 1, 2, 3, 4, 5, 6]]
17: [[8, 7, 6], [], [0, 1, 2, 3, 4, 5]]
18: [[8, 7, 6, 5], [], [0, 1, 2, 3, 4]]
19: [[8, 7, 6, 5, 4], [], [0, 1, 2, 3]]
20: [[8, 7, 6, 5, 4, 3], [], [0, 1, 2]]
21: [[8, 7, 6, 5, 4, 3, 2], [], [0, 1]]
22: [[8, 7, 6, 5, 4, 3, 2, 1], [], [0]]
23: [[8, 7, 6, 5, 4, 3, 2, 1, 0], [], []]
--------------------------

The beam width:                  25
The length of solution:          23
The number of nodes expanded:    909
The total CPU time of heuristic: 0.006390000000322971
The total CPU time of A*:        0.5804870000000051
The type of heuristic:           Adimissible
-----------path-----------
1: [[8, 4, 0, 6, 2, 1, 7, 5, 3], [], []]
2: [[8, 4, 0, 6, 2, 1, 7, 5], [], [3]]
3: [[8, 4, 0, 6, 2, 1, 7], [], [3, 5]]
4: [[8, 4, 0, 6, 2, 1], [], [3, 5, 7]]
5: [[8, 4, 0, 6, 2], [1], [3, 5, 7]]
6: [[8, 4, 0, 6], [1, 2], [3, 5, 7]]
7: [[8, 4, 0], [1, 2, 6], [3, 5, 7]]
8: [[8, 4], [1, 2, 6, 0], [3, 5, 7]]
9: [[8], [1, 2, 6, 0, 4], [3, 5, 7]]
10: [[8, 7], [1, 2, 6, 0, 4], [3, 5]]
11: [[8, 7, 4], [1, 2, 6, 0], [3, 5]]
12: [[8, 7, 4, 0], [1, 2, 6], [3, 5]]
13: [[8, 7, 4, 0], [1, 2], [3, 5, 6]]
14: [[8, 7, 4], [1, 2, 0], [3, 5, 6]]
15: [[8, 7], [1, 2, 0, 4], [3, 5, 6]]
16: [[8, 7, 6], [1, 2, 0, 4], [3, 5]]
17: [[8, 7, 6, 5], [1, 2, 0, 4], [3]]
18: [[8, 7, 6, 5, 4], [1, 2, 0], [3]]
19: [[8, 7, 6, 5, 4, 3], [1, 2, 0], []]
20: [[8, 7, 6, 5, 4, 3], [1, 2], [0]]
21: [[8, 7, 6, 5, 4, 3, 2], [1], [0]]
22: [[8, 7, 6, 5, 4, 3, 2, 1], [], [0]]
23: [[8, 7, 6, 5, 4, 3, 2, 1, 0], [], []]
--------------------------

The beam width:                  25
The length of solution:          15
The number of nodes expanded:    1001
The total CPU time of heuristic: 0.0071580000004871636
The total CPU time of A*:        0.669936000000007
The type of heuristic:           Adimissible
-----------path-----------
1: [[2, 1, 8, 5, 6, 7, 3, 0, 4], [], []]
2: [[2, 1, 8, 5, 6, 7, 3, 0], [], [4]]
3: [[2, 1, 8, 5, 6, 7, 3], [0], [4]]
4: [[2, 1, 8, 5, 6, 7, 3], [0, 4], []]
5: [[2, 1, 8, 5, 6, 7], [0, 4], [3]]
6: [[2, 1, 8, 5, 6], [0, 4], [3, 7]]
7: [[2, 1, 8, 5], [0, 4, 6], [3, 7]]
8: [[2, 1, 8], [0, 4, 6, 5], [3, 7]]
9: [[2, 1], [0, 4, 6, 5], [3, 7, 8]]
10: [[2], [0, 4, 6, 5, 1], [3, 7, 8]]
11: [[], [0, 4, 6, 5, 1, 2], [3, 7, 8]]
12: [[8], [0, 4, 6, 5, 1, 2], [3, 7]]
13: [[8, 2], [0, 4, 6, 5, 1], [3, 7]]
14: [[8, 2, 1], [0, 4, 6, 5], [3, 7]]
15: [[8, 2, 1, 5], [0, 4, 6], [3, 7]]
--------------------------

The beam width:                  25
The length of solution:          22
The number of nodes expanded:    1004
The total CPU time of heuristic: 0.0070780000002628185
The total CPU time of A*:        0.7271480000000281
The type of heuristic:           Adimissible
-----------path-----------
1: [[7, 5, 0, 3, 1, 4, 6, 8, 2], [], []]
2: [[7, 5, 0, 3, 1, 4, 6, 8], [2], []]
3: [[7, 5, 0, 3, 1, 4, 6], [2, 8], []]
4: [[7, 5, 0, 3, 1, 4], [2, 8, 6], []]
5: [[7, 5, 0, 3, 1], [2, 8, 6, 4], []]
6: [[7, 5, 0, 3], [2, 8, 6, 4], [1]]
7: [[7, 5, 0], [2, 8, 6, 4], [1, 3]]
8: [[7, 5, 0], [2, 8, 6], [1, 3, 4]]
9: [[7, 5, 0], [2, 8], [1, 3, 4, 6]]
10: [[7, 5], [2, 8, 0], [1, 3, 4, 6]]
11: [[7], [2, 8, 0, 5], [1, 3, 4, 6]]
12: [[], [2, 8, 0, 5], [1, 3, 4, 6, 7]]
13: [[5], [2, 8, 0], [1, 3, 4, 6, 7]]
14: [[5, 0], [2, 8], [1, 3, 4, 6, 7]]
15: [[5, 0], [2], [1, 3, 4, 6, 7, 8]]
16: [[5], [2, 0], [1, 3, 4, 6, 7, 8]]
17: [[], [2, 0, 5], [1, 3, 4, 6, 7, 8]]
18: [[8], [2, 0, 5], [1, 3, 4, 6, 7]]
19: [[8, 7], [2, 0, 5], [1, 3, 4, 6]]
20: [[8, 7, 6], [2, 0, 5], [1, 3, 4]]
21: [[8, 7, 6, 5], [2, 0], [1, 3, 4]]
22: [[8, 7, 6, 5], [2], [1, 3, 4, 0]]
--------------------------

The beam width:                  25
The length of solution:          20
The number of nodes expanded:    543
The total CPU time of heuristic: 0.003661000000391823
The total CPU time of A*:        0.23758100000000582
The type of heuristic:           Adimissible
-----------path-----------
1: [[8, 0, 1, 3, 7, 5, 4, 6, 2], [], []]
2: [[8, 0, 1, 3, 7, 5, 4, 6], [2], []]
3: [[8, 0, 1, 3, 7, 5, 4], [2], [6]]
4: [[8, 0, 1, 3, 7, 5], [2, 4], [6]]
5: [[8, 0, 1, 3, 7], [2, 4, 5], [6]]
6: [[8, 0, 1, 3, 7], [2, 4, 5, 6], []]
7: [[8, 0, 1, 3], [2, 4, 5, 6, 7], []]
8: [[8, 0, 1], [2, 4, 5, 6, 7, 3], []]
9: [[8, 0], [2, 4, 5, 6, 7, 3, 1], []]
10: [[8], [2, 4, 5, 6, 7, 3, 1], [0]]
11: [[8], [2, 4, 5, 6, 7, 3], [0, 1]]
12: [[8], [2, 4, 5, 6, 7], [0, 1, 3]]
13: [[8, 7], [2, 4, 5, 6], [0, 1, 3]]
14: [[8, 7, 6], [2, 4, 5], [0, 1, 3]]
15: [[8, 7, 6, 5], [2, 4], [0, 1, 3]]
16: [[8, 7, 6, 5, 4], [2], [0, 1, 3]]
17: [[8, 7, 6, 5, 4, 3], [2], [0, 1]]
18: [[8, 7, 6, 5, 4, 3, 2], [], [0, 1]]
19: [[8, 7, 6, 5, 4, 3, 2, 1], [], [0]]
20: [[8, 7, 6, 5, 4, 3, 2, 1, 0], [], []]
--------------------------

The beam width:                  25
The length of solution:          23
The number of nodes expanded:    607
The total CPU time of heuristic: 0.003955999999476489
The total CPU time of A*:        0.29511099999999146
The type of heuristic:           Adimissible
-----------path-----------
1: [[3, 2, 5, 6, 4, 0, 8, 7, 1], [], []]
2: [[3, 2, 5, 6, 4, 0, 8, 7], [], [1]]
3: [[3, 2, 5, 6, 4, 0, 8], [], [1, 7]]
4: [[3, 2, 5, 6, 4, 0], [], [1, 7, 8]]
5: [[3, 2, 5, 6, 4], [0], [1, 7, 8]]
6: [[3, 2, 5, 6], [0, 4], [1, 7, 8]]
7: [[3, 2, 5], [0, 4], [1, 7, 8, 6]]
8: [[3, 2], [0, 4, 5], [1, 7, 8, 6]]
9: [[3, 2], [0, 4, 5, 6], [1, 7, 8]]
10: [[3], [0, 4, 5, 6, 2], [1, 7, 8]]
11: [[], [0, 4, 5, 6, 2, 3], [1, 7, 8]]
12: [[8], [0, 4, 5, 6, 2, 3], [1, 7]]
13: [[8, 7], [0, 4, 5, 6, 2, 3], [1]]
14: [[8, 7, 3], [0, 4, 5, 6, 2], [1]]
15: [[8, 7, 3], [0, 4, 5, 6], [1, 2]]
16: [[8, 7], [0, 4, 5, 6], [1, 2, 3]]
17: [[8, 7, 6], [0, 4, 5], [1, 2, 3]]
18: [[8, 7, 6, 5], [0, 4], [1, 2, 3]]
19: [[8, 7, 6, 5, 4], [0], [1, 2, 3]]
20: [[8, 7, 6, 5, 4, 3], [0], [1, 2]]
21: [[8, 7, 6, 5, 4, 3, 2], [0], [1]]
22: [[8, 7, 6, 5, 4, 3, 2, 1], [0], []]
23: [[8, 7, 6, 5, 4, 3, 2, 1, 0], [], []]
--------------------------

The beam width:                  25
The length of solution:          23
The number of nodes expanded:    689
The total CPU time of heuristic: 0.004698999999988018
The total CPU time of A*:        0.3846539999999834
The type of heuristic:           Adimissible
-----------path-----------
1: [[7, 5, 0, 8, 2, 4, 1, 6, 3], [], []]
2: [[7, 5, 0, 8, 2, 4, 1, 6], [], [3]]
3: [[7, 5, 0, 8, 2, 4, 1], [], [3, 6]]
4: [[7, 5, 0, 8, 2, 4], [1], [3, 6]]
5: [[7, 5, 0, 8, 2], [1], [3, 6, 4]]
6: [[7, 5, 0, 8], [1, 2], [3, 6, 4]]
7: [[7, 5, 0, 8], [1, 2, 4], [3, 6]]
8: [[7, 5, 0], [1, 2, 4], [3, 6, 8]]
9: [[7, 5], [1, 2, 4, 0], [3, 6, 8]]
10: [[7], [1, 2, 4, 0, 5], [3, 6, 8]]
11: [[], [1, 2, 4, 0, 5, 7], [3, 6, 8]]
12: [[8], [1, 2, 4, 0, 5, 7], [3, 6]]
13: [[8, 7], [1, 2, 4, 0, 5], [3, 6]]
14: [[8, 7, 6], [1, 2, 4, 0, 5], [3]]
15: [[8, 7, 6, 5], [1, 2, 4, 0], [3]]
16: [[8, 7, 6, 5, 3], [1, 2, 4, 0], []]
17: [[8, 7, 6, 5, 3], [1, 2, 4], [0]]
18: [[8, 7, 6, 5], [1, 2, 4], [0, 3]]
19: [[8, 7, 6, 5, 4], [1, 2], [0, 3]]
20: [[8, 7, 6, 5, 4, 3], [1, 2], [0]]
21: [[8, 7, 6, 5, 4, 3, 2], [1], [0]]
22: [[8, 7, 6, 5, 4, 3, 2, 1], [], [0]]
23: [[8, 7, 6, 5, 4, 3, 2, 1, 0], [], []]
--------------------------

The beam width:                  25
The length of solution:          21
The number of nodes expanded:    586
The total CPU time of heuristic: 0.004072999999550575
The total CPU time of A*:        0.2822189999999978
The type of heuristic:           Adimissible
-----------path-----------
1: [[6, 5, 0, 2, 1, 8, 7, 3, 4], [], []]
2: [[6, 5, 0, 2, 1, 8, 7, 3], [4], []]
3: [[6, 5, 0, 2, 1, 8, 7], [4], [3]]
4: [[6, 5, 0, 2, 1, 8, 7], [], [3, 4]]
5: [[6, 5, 0, 2, 1, 8], [], [3, 4, 7]]
6: [[6, 5, 0, 2, 1], [], [3, 4, 7, 8]]
7: [[6, 5, 0, 2], [1], [3, 4, 7, 8]]
8: [[6, 5, 0], [1, 2], [3, 4, 7, 8]]
9: [[6, 5], [1, 2, 0], [3, 4, 7, 8]]
10: [[6], [1, 2, 0, 5], [3, 4, 7, 8]]
11: [[], [1, 2, 0, 5, 6], [3, 4, 7, 8]]
12: [[8], [1, 2, 0, 5, 6], [3, 4, 7]]
13: [[8, 7], [1, 2, 0, 5, 6], [3, 4]]
14: [[8, 7, 6], [1, 2, 0, 5], [3, 4]]
15: [[8, 7, 6, 5], [1, 2, 0], [3, 4]]
16: [[8, 7, 6, 5, 4], [1, 2, 0], [3]]
17: [[8, 7, 6, 5, 4, 3], [1, 2, 0], []]
18: [[8, 7, 6, 5, 4, 3], [1, 2], [0]]
19: [[8, 7, 6, 5, 4, 3, 2], [1], [0]]
20: [[8, 7, 6, 5, 4, 3, 2, 1], [], [0]]
21: [[8, 7, 6, 5, 4, 3, 2, 1, 0], [], []]
--------------------------

The beam width:                  25
The length of solution:          26
The number of nodes expanded:    902
The total CPU time of heuristic: 0.006291000000402391
The total CPU time of A*:        0.5905500000000359
The type of heuristic:           Adimissible
-----------path-----------
1: [[1, 4, 6, 8, 2, 3, 0, 7, 5], [], []]
2: [[1, 4, 6, 8, 2, 3, 0, 7], [], [5]]
3: [[1, 4, 6, 8, 2, 3, 0], [], [5, 7]]
4: [[1, 4, 6, 8, 2, 3], [0], [5, 7]]
5: [[1, 4, 6, 8, 2], [0], [5, 7, 3]]
6: [[1, 4, 6, 8], [0, 2], [5, 7, 3]]
7: [[1, 4, 6, 8], [0, 2, 3], [5, 7]]
8: [[1, 4, 6], [0, 2, 3], [5, 7, 8]]
9: [[1, 4], [0, 2, 3, 6], [5, 7, 8]]
10: [[1], [0, 2, 3, 6, 4], [5, 7, 8]]
11: [[], [0, 2, 3, 6, 4, 1], [5, 7, 8]]
12: [[8], [0, 2, 3, 6, 4, 1], [5, 7]]
13: [[8, 7], [0, 2, 3, 6, 4, 1], [5]]
14: [[8, 7, 1], [0, 2, 3, 6, 4], [5]]
15: [[8, 7, 1, 4], [0, 2, 3, 6], [5]]
16: [[8, 7, 1, 4], [0, 2, 3], [5, 6]]
17: [[8, 7, 1], [0, 2, 3, 4], [5, 6]]
18: [[8, 7], [0, 2, 3, 4, 1], [5, 6]]
19: [[8, 7, 6], [0, 2, 3, 4, 1], [5]]
20: [[8, 7, 6, 5], [0, 2, 3, 4, 1], []]
21: [[8, 7, 6, 5], [0, 2, 3, 4], [1]]
22: [[8, 7, 6, 5, 4], [0, 2, 3], [1]]
23: [[8, 7, 6, 5, 4, 3], [0, 2], [1]]
24: [[8, 7, 6, 5, 4, 3, 2], [0], [1]]
25: [[8, 7, 6, 5, 4, 3, 2, 1], [0], []]
26: [[8, 7, 6, 5, 4, 3, 2, 1, 0], [], []]
--------------------------

