The beam width:                  15
The length of solution:          19
The number of nodes expanded:    312
The total CPU time of heuristic: 0.002083999999996422
The total CPU time of A*:        0.11518300000000181
The type of heuristic:           Adimissible
-----------path-----------
1: [[2, 1, 0, 4, 3, 5, 6], [], []]
2: [[2, 1, 0, 4, 3, 5], [], [6]]
3: [[2, 1, 0, 4, 3], [5], [6]]
4: [[2, 1, 0, 4, 3], [5, 6], []]
5: [[2, 1, 0, 4], [5, 6, 3], []]
6: [[2, 1, 0], [5, 6, 3, 4], []]
7: [[2, 1], [5, 6, 3, 4], [0]]
8: [[2], [5, 6, 3, 4], [0, 1]]
9: [[], [5, 6, 3, 4], [0, 1, 2]]
10: [[4], [5, 6, 3], [0, 1, 2]]
11: [[4], [5, 6], [0, 1, 2, 3]]
12: [[], [5, 6], [0, 1, 2, 3, 4]]
13: [[6], [5], [0, 1, 2, 3, 4]]
14: [[6, 5], [], [0, 1, 2, 3, 4]]
15: [[6, 5, 4], [], [0, 1, 2, 3]]
16: [[6, 5, 4, 3], [], [0, 1, 2]]
17: [[6, 5, 4, 3, 2], [], [0, 1]]
18: [[6, 5, 4, 3, 2, 1], [], [0]]
19: [[6, 5, 4, 3, 2, 1, 0], [], []]
--------------------------

The beam width:                  15
The length of solution:          22
The number of nodes expanded:    597
The total CPU time of heuristic: 0.003942999999537733
The total CPU time of A*:        0.29886999999999375
The type of heuristic:           Adimissible
-----------path-----------
1: [[1, 2, 5, 6, 3, 0, 4], [], []]
2: [[1, 2, 5, 6, 3, 0], [], [4]]
3: [[1, 2, 5, 6, 3], [0], [4]]
4: [[1, 2, 5, 6], [0, 3], [4]]
5: [[1, 2, 5], [0, 3], [4, 6]]
6: [[1, 2], [0, 3, 5], [4, 6]]
7: [[1], [0, 3, 5, 2], [4, 6]]
8: [[], [0, 3, 5, 2, 1], [4, 6]]
9: [[6], [0, 3, 5, 2, 1], [4]]
10: [[6, 1], [0, 3, 5, 2], [4]]
11: [[6, 1, 2], [0, 3, 5], [4]]
12: [[6, 1, 2], [0, 3], [4, 5]]
13: [[6, 1], [0, 3, 2], [4, 5]]
14: [[6], [0, 3, 2, 1], [4, 5]]
15: [[6, 5], [0, 3, 2, 1], [4]]
16: [[6, 5, 4], [0, 3, 2, 1], []]
17: [[6, 5, 4], [0, 3, 2], [1]]
18: [[6, 5, 4], [0, 3], [1, 2]]
19: [[6, 5, 4, 3], [0], [1, 2]]
20: [[6, 5, 4, 3, 2], [0], [1]]
21: [[6, 5, 4, 3, 2, 1], [0], []]
22: [[6, 5, 4, 3, 2, 1, 0], [], []]
--------------------------

The beam width:                  15
The length of solution:          16
The number of nodes expanded:    220
The total CPU time of heuristic: 0.0015780000000518157
The total CPU time of A*:        0.07122100000000842
The type of heuristic:           Adimissible
-----------path-----------
1: [[5, 6, 0, 3, 4, 2, 1], [], []]
2: [[5, 6, 0, 3, 4, 2], [1], []]
3: [[5, 6, 0, 3, 4], [1, 2], []]
4: [[5, 6, 0, 3], [1, 2, 4], []]
5: [[5, 6, 0], [1, 2, 4, 3], []]
6: [[5, 6], [1, 2, 4, 3], [0]]
7: [[5, 6], [1, 2, 4], [0, 3]]
8: [[5], [1, 2, 4], [0, 3, 6]]
9: [[], [1, 2, 4, 5], [0, 3, 6]]
10: [[6], [1, 2, 4, 5], [0, 3]]
11: [[6, 5], [1, 2, 4], [0, 3]]
12: [[6, 5, 4], [1, 2], [0, 3]]
13: [[6, 5, 4, 3], [1, 2], [0]]
14: [[6, 5, 4, 3, 2], [1], [0]]
15: [[6, 5, 4, 3, 2, 1], [], [0]]
16: [[6, 5, 4, 3, 2, 1, 0], [], []]
--------------------------

The beam width:                  15
The length of solution:          16
The number of nodes expanded:    240
The total CPU time of heuristic: 0.0016129999999066058
The total CPU time of A*:        0.08042299999999614
The type of heuristic:           Adimissible
-----------path-----------
1: [[2, 4, 6, 3, 1, 5, 0], [], []]
2: [[2, 4, 6, 3, 1, 5], [], [0]]
3: [[2, 4, 6, 3, 1], [], [0, 5]]
4: [[2, 4, 6, 3], [1], [0, 5]]
5: [[2, 4, 6], [1, 3], [0, 5]]
6: [[2, 4], [1, 3], [0, 5, 6]]
7: [[2], [1, 3, 4], [0, 5, 6]]
8: [[], [1, 3, 4, 2], [0, 5, 6]]
9: [[6], [1, 3, 4, 2], [0, 5]]
10: [[6, 5], [1, 3, 4, 2], [0]]
11: [[6, 5], [1, 3, 4], [0, 2]]
12: [[6, 5, 4], [1, 3], [0, 2]]
13: [[6, 5, 4, 3], [1], [0, 2]]
14: [[6, 5, 4, 3, 2], [1], [0]]
15: [[6, 5, 4, 3, 2, 1], [], [0]]
16: [[6, 5, 4, 3, 2, 1, 0], [], []]
--------------------------

The beam width:                  15
The length of solution:          16
The number of nodes expanded:    243
The total CPU time of heuristic: 0.0017409999998960757
The total CPU time of A*:        0.08451199999998948
The type of heuristic:           Adimissible
-----------path-----------
1: [[4, 6, 2, 3, 0, 5, 1], [], []]
2: [[4, 6, 2, 3, 0, 5], [], [1]]
3: [[4, 6, 2, 3, 0], [], [1, 5]]
4: [[4, 6, 2, 3], [0], [1, 5]]
5: [[4, 6, 2], [0], [1, 5, 3]]
6: [[4, 6], [0, 2], [1, 5, 3]]
7: [[4, 6], [0, 2, 3], [1, 5]]
8: [[4], [0, 2, 3], [1, 5, 6]]
9: [[], [0, 2, 3, 4], [1, 5, 6]]
10: [[6], [0, 2, 3, 4], [1, 5]]
11: [[6, 5], [0, 2, 3, 4], [1]]
12: [[6, 5, 4], [0, 2, 3], [1]]
13: [[6, 5, 4, 3], [0, 2], [1]]
14: [[6, 5, 4, 3, 2], [0], [1]]
15: [[6, 5, 4, 3, 2, 1], [0], []]
16: [[6, 5, 4, 3, 2, 1, 0], [], []]
--------------------------

The beam width:                  15
The length of solution:          19
The number of nodes expanded:    400
The total CPU time of heuristic: 0.0027010000007123836
The total CPU time of A*:        0.1789309999999773
The type of heuristic:           Adimissible
-----------path-----------
1: [[5, 2, 1, 3, 4, 0, 6], [], []]
2: [[5, 2, 1, 3, 4, 0], [], [6]]
3: [[5, 2, 1, 3, 4], [0], [6]]
4: [[5, 2, 1, 3], [0], [6, 4]]
5: [[5, 2, 1], [0, 3], [6, 4]]
6: [[5, 2, 1], [0, 3, 4], [6]]
7: [[5, 2], [0, 3, 4, 1], [6]]
8: [[5], [0, 3, 4, 1, 2], [6]]
9: [[], [0, 3, 4, 1, 2, 5], [6]]
10: [[6], [0, 3, 4, 1, 2, 5], []]
11: [[6, 5], [0, 3, 4, 1, 2], []]
12: [[6, 5, 2], [0, 3, 4, 1], []]
13: [[6, 5, 2], [0, 3, 4], [1]]
14: [[6, 5], [0, 3, 4], [1, 2]]
15: [[6, 5, 4], [0, 3], [1, 2]]
16: [[6, 5, 4, 3], [0], [1, 2]]
17: [[6, 5, 4, 3, 2], [0], [1]]
18: [[6, 5, 4, 3, 2, 1], [0], []]
19: [[6, 5, 4, 3, 2, 1, 0], [], []]
--------------------------

The beam width:                  15
The length of solution:          21
The number of nodes expanded:    428
The total CPU time of heuristic: 0.003020999999534979
The total CPU time of A*:        0.20041799999998489
The type of heuristic:           Adimissible
-----------path-----------
1: [[3, 1, 0, 5, 2, 4, 6], [], []]
2: [[3, 1, 0, 5, 2, 4], [], [6]]
3: [[3, 1, 0, 5, 2], [], [6, 4]]
4: [[3, 1, 0, 5], [2], [6, 4]]
5: [[3, 1, 0, 5], [2, 4], [6]]
6: [[3, 1, 0], [2, 4, 5], [6]]
7: [[3, 1], [2, 4, 5, 0], [6]]
8: [[3], [2, 4, 5, 0, 1], [6]]
9: [[], [2, 4, 5, 0, 1, 3], [6]]
10: [[6], [2, 4, 5, 0, 1, 3], []]
11: [[6, 3], [2, 4, 5, 0, 1], []]
12: [[6, 3, 1], [2, 4, 5, 0], []]
13: [[6, 3, 1], [2, 4, 5], [0]]
14: [[6, 3], [2, 4, 5], [0, 1]]
15: [[6], [2, 4, 5], [0, 1, 3]]
16: [[6, 5], [2, 4], [0, 1, 3]]
17: [[6, 5, 4], [2], [0, 1, 3]]
18: [[6, 5, 4, 3], [2], [0, 1]]
19: [[6, 5, 4, 3, 2], [], [0, 1]]
20: [[6, 5, 4, 3, 2, 1], [], [0]]
21: [[6, 5, 4, 3, 2, 1, 0], [], []]
--------------------------

The beam width:                  15
The length of solution:          19
The number of nodes expanded:    390
The total CPU time of heuristic: 0.0024820000001568587
The total CPU time of A*:        0.1619529999999827
The type of heuristic:           Adimissible
-----------path-----------
1: [[4, 1, 0, 6, 2, 3, 5], [], []]
2: [[4, 1, 0, 6, 2, 3], [], [5]]
3: [[4, 1, 0, 6, 2], [], [5, 3]]
4: [[4, 1, 0, 6], [2], [5, 3]]
5: [[4, 1, 0, 6], [2, 3], [5]]
6: [[4, 1, 0], [2, 3], [5, 6]]
7: [[4, 1], [2, 3, 0], [5, 6]]
8: [[4], [2, 3, 0, 1], [5, 6]]
9: [[], [2, 3, 0, 1, 4], [5, 6]]
10: [[6], [2, 3, 0, 1, 4], [5]]
11: [[6, 5], [2, 3, 0, 1, 4], []]
12: [[6, 5, 4], [2, 3, 0, 1], []]
13: [[6, 5, 4], [2, 3, 0], [1]]
14: [[6, 5, 4], [2, 3], [1, 0]]
15: [[6, 5, 4, 3], [2], [1, 0]]
16: [[6, 5, 4, 3, 2], [], [1, 0]]
17: [[6, 5, 4, 3, 2], [0], [1]]
18: [[6, 5, 4, 3, 2, 1], [0], []]
19: [[6, 5, 4, 3, 2, 1, 0], [], []]
--------------------------

The beam width:                  15
The length of solution:          20
The number of nodes expanded:    446
The total CPU time of heuristic: 0.0029459999993832753
The total CPU time of A*:        0.1900039999999592
The type of heuristic:           Adimissible
-----------path-----------
1: [[0, 3, 5, 4, 2, 1, 6], [], []]
2: [[0, 3, 5, 4, 2, 1], [], [6]]
3: [[0, 3, 5, 4, 2], [1], [6]]
4: [[0, 3, 5, 4], [1], [6, 2]]
5: [[0, 3, 5], [1, 4], [6, 2]]
6: [[0, 3], [1, 4, 5], [6, 2]]
7: [[0], [1, 4, 5, 3], [6, 2]]
8: [[], [1, 4, 5, 3, 0], [6, 2]]
9: [[], [1, 4, 5, 3, 0, 2], [6]]
10: [[6], [1, 4, 5, 3, 0, 2], []]
11: [[6, 2], [1, 4, 5, 3, 0], []]
12: [[6, 2], [1, 4, 5, 3], [0]]
13: [[6], [1, 4, 5, 3], [0, 2]]
14: [[6], [1, 4, 5], [0, 2, 3]]
15: [[6, 5], [1, 4], [0, 2, 3]]
16: [[6, 5, 4], [1], [0, 2, 3]]
17: [[6, 5, 4, 3], [1], [0, 2]]
18: [[6, 5, 4, 3, 2], [1], [0]]
19: [[6, 5, 4, 3, 2, 1], [], [0]]
20: [[6, 5, 4, 3, 2, 1, 0], [], []]
--------------------------

The beam width:                  15
The length of solution:          17
The number of nodes expanded:    253
The total CPU time of heuristic: 0.0017390000001000772
The total CPU time of A*:        0.08583499999997457
The type of heuristic:           Adimissible
-----------path-----------
1: [[1, 3, 0, 6, 4, 2, 5], [], []]
2: [[1, 3, 0, 6, 4, 2], [], [5]]
3: [[1, 3, 0, 6, 4], [2], [5]]
4: [[1, 3, 0, 6], [2, 4], [5]]
5: [[1, 3, 0, 6], [2, 4, 5], []]
6: [[1, 3, 0], [2, 4, 5, 6], []]
7: [[1, 3], [2, 4, 5, 6], [0]]
8: [[1], [2, 4, 5, 6, 3], [0]]
9: [[], [2, 4, 5, 6, 3], [0, 1]]
10: [[], [2, 4, 5, 6], [0, 1, 3]]
11: [[6], [2, 4, 5], [0, 1, 3]]
12: [[6, 5], [2, 4], [0, 1, 3]]
13: [[6, 5, 4], [2], [0, 1, 3]]
14: [[6, 5, 4, 3], [2], [0, 1]]
15: [[6, 5, 4, 3, 2], [], [0, 1]]
16: [[6, 5, 4, 3, 2, 1], [], [0]]
17: [[6, 5, 4, 3, 2, 1, 0], [], []]
--------------------------

The beam width:                  15
The length of solution:          21
The number of nodes expanded:    509
The total CPU time of heuristic: 0.0035580000001971257
The total CPU time of A*:        0.24090000000001055
The type of heuristic:           Adimissible
-----------path-----------
1: [[3, 2, 0, 6, 1, 5, 4], [], []]
2: [[3, 2, 0, 6, 1, 5], [4], []]
3: [[3, 2, 0, 6, 1], [4], [5]]
4: [[3, 2, 0, 6], [4, 1], [5]]
5: [[3, 2, 0], [4, 1], [5, 6]]
6: [[3, 2], [4, 1, 0], [5, 6]]
7: [[3], [4, 1, 0, 2], [5, 6]]
8: [[], [4, 1, 0, 2, 3], [5, 6]]
9: [[6], [4, 1, 0, 2, 3], [5]]
10: [[6, 5], [4, 1, 0, 2, 3], []]
11: [[6, 5, 3], [4, 1, 0, 2], []]
12: [[6, 5, 3, 2], [4, 1, 0], []]
13: [[6, 5, 3, 2], [4, 1], [0]]
14: [[6, 5, 3, 2], [4], [0, 1]]
15: [[6, 5, 3], [4], [0, 1, 2]]
16: [[6, 5], [4], [0, 1, 2, 3]]
17: [[6, 5, 4], [], [0, 1, 2, 3]]
18: [[6, 5, 4, 3], [], [0, 1, 2]]
19: [[6, 5, 4, 3, 2], [], [0, 1]]
20: [[6, 5, 4, 3, 2, 1], [], [0]]
21: [[6, 5, 4, 3, 2, 1, 0], [], []]
--------------------------

The beam width:                  15
The length of solution:          17
The number of nodes expanded:    253
The total CPU time of heuristic: 0.0017210000000034142
The total CPU time of A*:        0.08394300000000499
The type of heuristic:           Adimissible
-----------path-----------
1: [[4, 0, 3, 1, 2, 6, 5], [], []]
2: [[4, 0, 3, 1, 2, 6], [], [5]]
3: [[4, 0, 3, 1, 2], [], [5, 6]]
4: [[4, 0, 3, 1], [], [5, 6, 2]]
5: [[4, 0, 3], [1], [5, 6, 2]]
6: [[4, 0, 3], [1, 2], [5, 6]]
7: [[4, 0], [1, 2, 3], [5, 6]]
8: [[4], [1, 2, 3, 0], [5, 6]]
9: [[], [1, 2, 3, 0, 4], [5, 6]]
10: [[6], [1, 2, 3, 0, 4], [5]]
11: [[6, 5], [1, 2, 3, 0, 4], []]
12: [[6, 5, 4], [1, 2, 3, 0], []]
13: [[6, 5, 4], [1, 2, 3], [0]]
14: [[6, 5, 4, 3], [1, 2], [0]]
15: [[6, 5, 4, 3, 2], [1], [0]]
16: [[6, 5, 4, 3, 2, 1], [], [0]]
17: [[6, 5, 4, 3, 2, 1, 0], [], []]
--------------------------

The beam width:                  15
The length of solution:          15
The number of nodes expanded:    181
The total CPU time of heuristic: 0.0012230000000386099
The total CPU time of A*:        0.04912899999999354
The type of heuristic:           Adimissible
-----------path-----------
1: [[6, 0, 1, 3, 2, 5, 4], [], []]
2: [[6, 0, 1, 3, 2, 5], [], [4]]
3: [[6, 0, 1, 3, 2], [], [4, 5]]
4: [[6, 0, 1, 3], [2], [4, 5]]
5: [[6, 0, 1], [2, 3], [4, 5]]
6: [[6, 0], [2, 3, 1], [4, 5]]
7: [[6], [2, 3, 1, 0], [4, 5]]
8: [[6, 5], [2, 3, 1, 0], [4]]
9: [[6, 5, 4], [2, 3, 1, 0], []]
10: [[6, 5, 4], [2, 3, 1], [0]]
11: [[6, 5, 4], [2, 3], [0, 1]]
12: [[6, 5, 4, 3], [2], [0, 1]]
13: [[6, 5, 4, 3, 2], [], [0, 1]]
14: [[6, 5, 4, 3, 2, 1], [], [0]]
15: [[6, 5, 4, 3, 2, 1, 0], [], []]
--------------------------

The beam width:                  15
The length of solution:          17
The number of nodes expanded:    352
The total CPU time of heuristic: 0.0024400000003481637
The total CPU time of A*:        0.14227400000001467
The type of heuristic:           Adimissible
-----------path-----------
1: [[2, 3, 6, 5, 0, 1, 4], [], []]
2: [[2, 3, 6, 5, 0, 1], [4], []]
3: [[2, 3, 6, 5, 0], [4], [1]]
4: [[2, 3, 6, 5, 0], [], [1, 4]]
5: [[2, 3, 6, 5], [0], [1, 4]]
6: [[2, 3, 6], [0], [1, 4, 5]]
7: [[2, 3], [0], [1, 4, 5, 6]]
8: [[2], [0, 3], [1, 4, 5, 6]]
9: [[], [0, 3, 2], [1, 4, 5, 6]]
10: [[6], [0, 3, 2], [1, 4, 5]]
11: [[6, 5], [0, 3, 2], [1, 4]]
12: [[6, 5, 4], [0, 3, 2], [1]]
13: [[6, 5, 4], [0, 3], [1, 2]]
14: [[6, 5, 4, 3], [0], [1, 2]]
15: [[6, 5, 4, 3, 2], [0], [1]]
16: [[6, 5, 4, 3, 2, 1], [0], []]
17: [[6, 5, 4, 3, 2, 1, 0], [], []]
--------------------------

The beam width:                  15
The length of solution:          16
The number of nodes expanded:    189
The total CPU time of heuristic: 0.0012260000001731441
The total CPU time of A*:        0.053256999999973686
The type of heuristic:           Adimissible
-----------path-----------
1: [[1, 6, 2, 5, 0, 4, 3], [], []]
2: [[1, 6, 2, 5, 0, 4], [], [3]]
3: [[1, 6, 2, 5, 0], [], [3, 4]]
4: [[1, 6, 2, 5], [0], [3, 4]]
5: [[1, 6, 2], [0], [3, 4, 5]]
6: [[1, 6], [0, 2], [3, 4, 5]]
7: [[1], [0, 2], [3, 4, 5, 6]]
8: [[], [0, 2, 1], [3, 4, 5, 6]]
9: [[6], [0, 2, 1], [3, 4, 5]]
10: [[6, 5], [0, 2, 1], [3, 4]]
11: [[6, 5, 4], [0, 2, 1], [3]]
12: [[6, 5, 4, 3], [0, 2, 1], []]
13: [[6, 5, 4, 3], [0, 2], [1]]
14: [[6, 5, 4, 3, 2], [0], [1]]
15: [[6, 5, 4, 3, 2, 1], [0], []]
16: [[6, 5, 4, 3, 2, 1, 0], [], []]
--------------------------

The beam width:                  15
The length of solution:          14
The number of nodes expanded:    215
The total CPU time of heuristic: 0.0014219999996782917
The total CPU time of A*:        0.06206399999999235
The type of heuristic:           Adimissible
-----------path-----------
1: [[6, 3, 4, 2, 1, 0, 5], [], []]
2: [[6, 3, 4, 2, 1, 0], [], [5]]
3: [[6, 3, 4, 2, 1], [0], [5]]
4: [[6, 3, 4, 2], [0, 1], [5]]
5: [[6, 3, 4], [0, 1, 2], [5]]
6: [[6, 3], [0, 1, 2, 4], [5]]
7: [[6], [0, 1, 2, 4, 3], [5]]
8: [[6, 5], [0, 1, 2, 4, 3], []]
9: [[6, 5], [0, 1, 2, 4], [3]]
10: [[6, 5, 4], [0, 1, 2], [3]]
11: [[6, 5, 4, 3], [0, 1, 2], []]
12: [[6, 5, 4, 3, 2], [0, 1], []]
13: [[6, 5, 4, 3, 2, 1], [0], []]
14: [[6, 5, 4, 3, 2, 1, 0], [], []]
--------------------------

The beam width:                  15
The length of solution:          16
The number of nodes expanded:    253
The total CPU time of heuristic: 0.001654999999800566
The total CPU time of A*:        0.0772450000000049
The type of heuristic:           Adimissible
-----------path-----------
1: [[4, 0, 6, 1, 5, 3, 2], [], []]
2: [[4, 0, 6, 1, 5, 3], [], [2]]
3: [[4, 0, 6, 1, 5], [], [2, 3]]
4: [[4, 0, 6, 1], [], [2, 3, 5]]
5: [[4, 0, 6], [1], [2, 3, 5]]
6: [[4, 0], [1], [2, 3, 5, 6]]
7: [[4], [1, 0], [2, 3, 5, 6]]
8: [[], [1, 0, 4], [2, 3, 5, 6]]
9: [[6], [1, 0, 4], [2, 3, 5]]
10: [[6, 5], [1, 0, 4], [2, 3]]
11: [[6, 5, 4], [1, 0], [2, 3]]
12: [[6, 5, 4, 3], [1, 0], [2]]
13: [[6, 5, 4, 3, 2], [1, 0], []]
14: [[6, 5, 4, 3, 2], [1], [0]]
15: [[6, 5, 4, 3, 2, 1], [], [0]]
16: [[6, 5, 4, 3, 2, 1, 0], [], []]
--------------------------

The beam width:                  15
The length of solution:          17
The number of nodes expanded:    312
The total CPU time of heuristic: 0.00232799999969302
The total CPU time of A*:        0.12081099999997491
The type of heuristic:           Adimissible
-----------path-----------
1: [[0, 6, 2, 3, 5, 4, 1], [], []]
2: [[0, 6, 2, 3, 5, 4], [1], []]
3: [[0, 6, 2, 3, 5], [1], [4]]
4: [[0, 6, 2, 3], [1], [4, 5]]
5: [[0, 6, 2], [1], [4, 5, 3]]
6: [[0, 6], [1, 2], [4, 5, 3]]
7: [[0, 6], [1, 2, 3], [4, 5]]
8: [[0], [1, 2, 3], [4, 5, 6]]
9: [[], [1, 2, 3, 0], [4, 5, 6]]
10: [[6], [1, 2, 3, 0], [4, 5]]
11: [[6, 5], [1, 2, 3, 0], [4]]
12: [[6, 5, 4], [1, 2, 3, 0], []]
13: [[6, 5, 4], [1, 2, 3], [0]]
14: [[6, 5, 4, 3], [1, 2], [0]]
15: [[6, 5, 4, 3, 2], [1], [0]]
16: [[6, 5, 4, 3, 2, 1], [], [0]]
17: [[6, 5, 4, 3, 2, 1, 0], [], []]
--------------------------

The beam width:                  15
The length of solution:          17
The number of nodes expanded:    279
The total CPU time of heuristic: 0.0018649999998388012
The total CPU time of A*:        0.09841599999998607
The type of heuristic:           Adimissible
-----------path-----------
1: [[2, 3, 6, 4, 1, 5, 0], [], []]
2: [[2, 3, 6, 4, 1, 5], [], [0]]
3: [[2, 3, 6, 4, 1], [], [0, 5]]
4: [[2, 3, 6, 4], [1], [0, 5]]
5: [[2, 3, 6], [1, 4], [0, 5]]
6: [[2, 3], [1, 4], [0, 5, 6]]
7: [[2], [1, 4, 3], [0, 5, 6]]
8: [[], [1, 4, 3, 2], [0, 5, 6]]
9: [[6], [1, 4, 3, 2], [0, 5]]
10: [[6, 5], [1, 4, 3, 2], [0]]
11: [[6, 5], [1, 4, 3], [0, 2]]
12: [[6, 5], [1, 4], [0, 2, 3]]
13: [[6, 5, 4], [1], [0, 2, 3]]
14: [[6, 5, 4, 3], [1], [0, 2]]
15: [[6, 5, 4, 3, 2], [1], [0]]
16: [[6, 5, 4, 3, 2, 1], [], [0]]
17: [[6, 5, 4, 3, 2, 1, 0], [], []]
--------------------------

The beam width:                  15
The length of solution:          15
The number of nodes expanded:    122
The total CPU time of heuristic: 0.0009119999999143147
The total CPU time of A*:        0.04380299999999693
The type of heuristic:           Adimissible
-----------path-----------
1: [[5, 4, 6, 2, 0, 3, 1], [], []]
2: [[5, 4, 6, 2, 0, 3], [], [1]]
3: [[5, 4, 6, 2, 0], [], [1, 3]]
4: [[5, 4, 6, 2], [0], [1, 3]]
5: [[5, 4, 6], [0, 2], [1, 3]]
6: [[5, 4], [0, 2, 6], [1, 3]]
7: [[5], [0, 2, 6], [1, 3, 4]]
8: [[], [0, 2, 6], [1, 3, 4, 5]]
9: [[6], [0, 2], [1, 3, 4, 5]]
10: [[6, 5], [0, 2], [1, 3, 4]]
11: [[6, 5, 4], [0, 2], [1, 3]]
12: [[6, 5, 4, 3], [0, 2], [1]]
13: [[6, 5, 4, 3, 2], [0], [1]]
14: [[6, 5, 4, 3, 2, 1], [0], []]
15: [[6, 5, 4, 3, 2, 1, 0], [], []]
--------------------------

