The beam width:                  20
The length of solution:          21
The number of nodes expanded:    365
The total CPU time of heuristic: 0.002351999999916643
The total CPU time of A*:        0.13403999999999883
The type of heuristic:           Adimissible
-----------path-----------
1: [[7, 6, 3, 0, 5, 8, 2, 1, 4], [], []]
2: [[7, 6, 3, 0, 5, 8, 2, 1], [], [4]]
3: [[7, 6, 3, 0, 5, 8, 2], [1], [4]]
4: [[7, 6, 3, 0, 5, 8], [1, 2], [4]]
5: [[7, 6, 3, 0, 5, 8], [1, 2, 4], []]
6: [[7, 6, 3, 0, 5], [1, 2, 4, 8], []]
7: [[7, 6, 3, 0], [1, 2, 4, 8, 5], []]
8: [[7, 6, 3], [1, 2, 4, 8, 5], [0]]
9: [[7, 6], [1, 2, 4, 8, 5], [0, 3]]
10: [[7, 6], [1, 2, 4, 8], [0, 3, 5]]
11: [[7], [1, 2, 4, 8], [0, 3, 5, 6]]
12: [[], [1, 2, 4, 8], [0, 3, 5, 6, 7]]
13: [[8], [1, 2, 4], [0, 3, 5, 6, 7]]
14: [[8, 7], [1, 2, 4], [0, 3, 5, 6]]
15: [[8, 7, 6], [1, 2, 4], [0, 3, 5]]
16: [[8, 7, 6, 5], [1, 2, 4], [0, 3]]
17: [[8, 7, 6, 5, 4], [1, 2], [0, 3]]
18: [[8, 7, 6, 5, 4, 3], [1, 2], [0]]
19: [[8, 7, 6, 5, 4, 3, 2], [1], [0]]
20: [[8, 7, 6, 5, 4, 3, 2, 1], [], [0]]
21: [[8, 7, 6, 5, 4, 3, 2, 1, 0], [], []]
--------------------------

The beam width:                  20
The length of solution:          22
The number of nodes expanded:    581
The total CPU time of heuristic: 0.0038170000005379734
The total CPU time of A*:        0.27948599999999146
The type of heuristic:           Adimissible
-----------path-----------
1: [[2, 7, 6, 3, 4, 5, 8, 1, 0], [], []]
2: [[2, 7, 6, 3, 4, 5, 8, 1], [0], []]
3: [[2, 7, 6, 3, 4, 5, 8], [0], [1]]
4: [[2, 7, 6, 3, 4, 5], [0], [1, 8]]
5: [[2, 7, 6, 3, 4], [0], [1, 8, 5]]
6: [[2, 7, 6, 3], [0, 4], [1, 8, 5]]
7: [[2, 7, 6, 3], [0, 4, 5], [1, 8]]
8: [[2, 7, 6], [0, 4, 5, 3], [1, 8]]
9: [[2, 7], [0, 4, 5, 3, 6], [1, 8]]
10: [[2], [0, 4, 5, 3, 6, 7], [1, 8]]
11: [[], [0, 4, 5, 3, 6, 7, 2], [1, 8]]
12: [[8], [0, 4, 5, 3, 6, 7, 2], [1]]
13: [[8], [0, 4, 5, 3, 6, 7], [1, 2]]
14: [[8, 7], [0, 4, 5, 3, 6], [1, 2]]
15: [[8, 7, 6], [0, 4, 5, 3], [1, 2]]
16: [[8, 7, 6], [0, 4, 5], [1, 2, 3]]
17: [[8, 7, 6, 5], [0, 4], [1, 2, 3]]
18: [[8, 7, 6, 5, 4], [0], [1, 2, 3]]
19: [[8, 7, 6, 5, 4, 3], [0], [1, 2]]
20: [[8, 7, 6, 5, 4, 3, 2], [0], [1]]
21: [[8, 7, 6, 5, 4, 3, 2, 1], [0], []]
22: [[8, 7, 6, 5, 4, 3, 2, 1, 0], [], []]
--------------------------

The beam width:                  20
The length of solution:          21
The number of nodes expanded:    403
The total CPU time of heuristic: 0.0028129999996906463
The total CPU time of A*:        0.17158199999997237
The type of heuristic:           Adimissible
-----------path-----------
1: [[7, 3, 5, 2, 6, 8, 1, 0, 4], [], []]
2: [[7, 3, 5, 2, 6, 8, 1, 0], [4], []]
3: [[7, 3, 5, 2, 6, 8, 1], [4], [0]]
4: [[7, 3, 5, 2, 6, 8], [4], [0, 1]]
5: [[7, 3, 5, 2, 6], [4, 8], [0, 1]]
6: [[7, 3, 5, 2], [4, 8, 6], [0, 1]]
7: [[7, 3, 5], [4, 8, 6], [0, 1, 2]]
8: [[7, 3], [4, 8, 6, 5], [0, 1, 2]]
9: [[7], [4, 8, 6, 5], [0, 1, 2, 3]]
10: [[7], [4, 8, 6], [0, 1, 2, 3, 5]]
11: [[7], [4, 8], [0, 1, 2, 3, 5, 6]]
12: [[], [4, 8], [0, 1, 2, 3, 5, 6, 7]]
13: [[8], [4], [0, 1, 2, 3, 5, 6, 7]]
14: [[8, 7], [4], [0, 1, 2, 3, 5, 6]]
15: [[8, 7, 6], [4], [0, 1, 2, 3, 5]]
16: [[8, 7, 6, 5], [4], [0, 1, 2, 3]]
17: [[8, 7, 6, 5, 4], [], [0, 1, 2, 3]]
18: [[8, 7, 6, 5, 4, 3], [], [0, 1, 2]]
19: [[8, 7, 6, 5, 4, 3, 2], [], [0, 1]]
20: [[8, 7, 6, 5, 4, 3, 2, 1], [], [0]]
21: [[8, 7, 6, 5, 4, 3, 2, 1, 0], [], []]
--------------------------

The beam width:                  20
The length of solution:          29
The number of nodes expanded:    917
The total CPU time of heuristic: 0.006501999999898089
The total CPU time of A*:        0.6655149999999992
The type of heuristic:           Adimissible
-----------path-----------
1: [[5, 7, 2, 1, 3, 4, 6, 0, 8], [], []]
2: [[5, 7, 2, 1, 3, 4, 6, 0], [8], []]
3: [[5, 7, 2, 1, 3, 4, 6], [8], [0]]
4: [[5, 7, 2, 1, 3, 4], [8, 6], [0]]
5: [[5, 7, 2, 1, 3], [8, 6, 4], [0]]
6: [[5, 7, 2, 1], [8, 6, 4], [0, 3]]
7: [[5, 7, 2, 1], [8, 6], [0, 3, 4]]
8: [[5, 7, 2], [8, 6, 1], [0, 3, 4]]
9: [[5, 7], [8, 6, 1, 2], [0, 3, 4]]
10: [[5], [8, 6, 1, 2, 7], [0, 3, 4]]
11: [[], [8, 6, 1, 2, 7], [0, 3, 4, 5]]
12: [[], [8, 6, 1, 2], [0, 3, 4, 5, 7]]
13: [[2], [8, 6, 1], [0, 3, 4, 5, 7]]
14: [[2, 1], [8, 6], [0, 3, 4, 5, 7]]
15: [[2, 1, 6], [8], [0, 3, 4, 5, 7]]
16: [[2, 1, 6], [], [0, 3, 4, 5, 7, 8]]
17: [[2, 1], [], [0, 3, 4, 5, 7, 8, 6]]
18: [[2], [1], [0, 3, 4, 5, 7, 8, 6]]
19: [[], [1, 2], [0, 3, 4, 5, 7, 8, 6]]
20: [[], [1, 2, 6], [0, 3, 4, 5, 7, 8]]
21: [[8], [1, 2, 6], [0, 3, 4, 5, 7]]
22: [[8, 7], [1, 2, 6], [0, 3, 4, 5]]
23: [[8, 7, 6], [1, 2], [0, 3, 4, 5]]
24: [[8, 7, 6, 5], [1, 2], [0, 3, 4]]
25: [[8, 7, 6, 5, 4], [1, 2], [0, 3]]
26: [[8, 7, 6, 5, 4, 3], [1, 2], [0]]
27: [[8, 7, 6, 5, 4, 3, 2], [1], [0]]
28: [[8, 7, 6, 5, 4, 3, 2, 1], [], [0]]
29: [[8, 7, 6, 5, 4, 3, 2, 1, 0], [], []]
--------------------------

The beam width:                  20
The length of solution:          27
The number of nodes expanded:    900
The total CPU time of heuristic: 0.0067580000004170415
The total CPU time of A*:        0.65052799999998
The type of heuristic:           Adimissible
-----------path-----------
1: [[6, 0, 2, 8, 3, 5, 1, 7, 4], [], []]
2: [[6, 0, 2, 8, 3, 5, 1, 7], [], [4]]
3: [[6, 0, 2, 8, 3, 5, 1], [], [4, 7]]
4: [[6, 0, 2, 8, 3, 5], [1], [4, 7]]
5: [[6, 0, 2, 8, 3], [1], [4, 7, 5]]
6: [[6, 0, 2, 8], [1, 3], [4, 7, 5]]
7: [[6, 0, 2, 8], [1, 3, 5], [4, 7]]
8: [[6, 0, 2], [1, 3, 5], [4, 7, 8]]
9: [[6, 0], [1, 3, 5, 2], [4, 7, 8]]
10: [[6], [1, 3, 5, 2, 0], [4, 7, 8]]
11: [[], [1, 3, 5, 2, 0, 6], [4, 7, 8]]
12: [[8], [1, 3, 5, 2, 0, 6], [4, 7]]
13: [[8, 7], [1, 3, 5, 2, 0, 6], [4]]
14: [[8, 7, 6], [1, 3, 5, 2, 0], [4]]
15: [[8, 7, 6, 0], [1, 3, 5, 2], [4]]
16: [[8, 7, 6, 0, 2], [1, 3, 5], [4]]
17: [[8, 7, 6, 0, 2], [1, 3], [4, 5]]
18: [[8, 7, 6, 0], [1, 3, 2], [4, 5]]
19: [[8, 7, 6], [1, 3, 2, 0], [4, 5]]
20: [[8, 7, 6, 5], [1, 3, 2, 0], [4]]
21: [[8, 7, 6, 5, 4], [1, 3, 2, 0], []]
22: [[8, 7, 6, 5, 4], [1, 3, 2], [0]]
23: [[8, 7, 6, 5, 4], [1, 3], [0, 2]]
24: [[8, 7, 6, 5, 4, 3], [1], [0, 2]]
25: [[8, 7, 6, 5, 4, 3, 2], [1], [0]]
26: [[8, 7, 6, 5, 4, 3, 2, 1], [], [0]]
27: [[8, 7, 6, 5, 4, 3, 2, 1, 0], [], []]
--------------------------

The beam width:                  20
The length of solution:          20
The number of nodes expanded:    378
The total CPU time of heuristic: 0.0029280000008498064
The total CPU time of A*:        0.18598899999997798
The type of heuristic:           Adimissible
-----------path-----------
1: [[7, 5, 8, 2, 6, 4, 0, 1, 3], [], []]
2: [[7, 5, 8, 2, 6, 4, 0, 1], [3], []]
3: [[7, 5, 8, 2, 6, 4, 0], [3], [1]]
4: [[7, 5, 8, 2, 6, 4, 0], [], [1, 3]]
5: [[7, 5, 8, 2, 6, 4], [0], [1, 3]]
6: [[7, 5, 8, 2, 6], [0], [1, 3, 4]]
7: [[7, 5, 8, 2], [0], [1, 3, 4, 6]]
8: [[7, 5, 8], [0, 2], [1, 3, 4, 6]]
9: [[7, 5], [0, 2], [1, 3, 4, 6, 8]]
10: [[7], [0, 2, 5], [1, 3, 4, 6, 8]]
11: [[], [0, 2, 5, 7], [1, 3, 4, 6, 8]]
12: [[8], [0, 2, 5, 7], [1, 3, 4, 6]]
13: [[8, 7], [0, 2, 5], [1, 3, 4, 6]]
14: [[8, 7, 6], [0, 2, 5], [1, 3, 4]]
15: [[8, 7, 6, 5], [0, 2], [1, 3, 4]]
16: [[8, 7, 6, 5, 4], [0, 2], [1, 3]]
17: [[8, 7, 6, 5, 4, 3], [0, 2], [1]]
18: [[8, 7, 6, 5, 4, 3, 2], [0], [1]]
19: [[8, 7, 6, 5, 4, 3, 2, 1], [0], []]
20: [[8, 7, 6, 5, 4, 3, 2, 1, 0], [], []]
--------------------------

The beam width:                  20
The length of solution:          20
The number of nodes expanded:    491
The total CPU time of heuristic: 0.0034339999998280746
The total CPU time of A*:        0.21997500000000514
The type of heuristic:           Adimissible
-----------path-----------
1: [[8, 5, 0, 3, 6, 7, 2, 4, 1], [], []]
2: [[8, 5, 0, 3, 6, 7, 2, 4], [1], []]
3: [[8, 5, 0, 3, 6, 7, 2], [1], [4]]
4: [[8, 5, 0, 3, 6, 7], [1, 2], [4]]
5: [[8, 5, 0, 3, 6, 7], [1, 2, 4], []]
6: [[8, 5, 0, 3, 6], [1, 2, 4, 7], []]
7: [[8, 5, 0, 3], [1, 2, 4, 7, 6], []]
8: [[8, 5, 0], [1, 2, 4, 7, 6, 3], []]
9: [[8, 5], [1, 2, 4, 7, 6, 3], [0]]
10: [[8, 5], [1, 2, 4, 7, 6], [0, 3]]
11: [[8], [1, 2, 4, 7, 6], [0, 3, 5]]
12: [[8], [1, 2, 4, 7], [0, 3, 5, 6]]
13: [[8, 7], [1, 2, 4], [0, 3, 5, 6]]
14: [[8, 7, 6], [1, 2, 4], [0, 3, 5]]
15: [[8, 7, 6, 5], [1, 2, 4], [0, 3]]
16: [[8, 7, 6, 5, 4], [1, 2], [0, 3]]
17: [[8, 7, 6, 5, 4, 3], [1, 2], [0]]
18: [[8, 7, 6, 5, 4, 3, 2], [1], [0]]
19: [[8, 7, 6, 5, 4, 3, 2, 1], [], [0]]
20: [[8, 7, 6, 5, 4, 3, 2, 1, 0], [], []]
--------------------------

The beam width:                  20
The length of solution:          21
The number of nodes expanded:    307
The total CPU time of heuristic: 0.0020510000003071127
The total CPU time of A*:        0.11242599999999925
The type of heuristic:           Adimissible
-----------path-----------
1: [[7, 5, 3, 2, 6, 0, 4, 1, 8], [], []]
2: [[7, 5, 3, 2, 6, 0, 4, 1], [], [8]]
3: [[7, 5, 3, 2, 6, 0, 4], [1], [8]]
4: [[7, 5, 3, 2, 6, 0], [1, 4], [8]]
5: [[7, 5, 3, 2, 6, 0], [1, 4, 8], []]
6: [[7, 5, 3, 2, 6], [1, 4, 8], [0]]
7: [[7, 5, 3, 2], [1, 4, 8, 6], [0]]
8: [[7, 5, 3], [1, 4, 8, 6], [0, 2]]
9: [[7, 5], [1, 4, 8, 6], [0, 2, 3]]
10: [[7], [1, 4, 8, 6], [0, 2, 3, 5]]
11: [[7], [1, 4, 8], [0, 2, 3, 5, 6]]
12: [[], [1, 4, 8], [0, 2, 3, 5, 6, 7]]
13: [[8], [1, 4], [0, 2, 3, 5, 6, 7]]
14: [[8, 7], [1, 4], [0, 2, 3, 5, 6]]
15: [[8, 7, 6], [1, 4], [0, 2, 3, 5]]
16: [[8, 7, 6, 5], [1, 4], [0, 2, 3]]
17: [[8, 7, 6, 5, 4], [1], [0, 2, 3]]
18: [[8, 7, 6, 5, 4, 3], [1], [0, 2]]
19: [[8, 7, 6, 5, 4, 3, 2], [1], [0]]
20: [[8, 7, 6, 5, 4, 3, 2, 1], [], [0]]
21: [[8, 7, 6, 5, 4, 3, 2, 1, 0], [], []]
--------------------------

The beam width:                  20
The length of solution:          25
The number of nodes expanded:    705
The total CPU time of heuristic: 0.005010999999683463
The total CPU time of A*:        0.40262500000000045
The type of heuristic:           Adimissible
-----------path-----------
1: [[0, 1, 4, 8, 2, 6, 7, 3, 5], [], []]
2: [[0, 1, 4, 8, 2, 6, 7, 3], [], [5]]
3: [[0, 1, 4, 8, 2, 6, 7], [3], [5]]
4: [[0, 1, 4, 8, 2, 6, 7], [3, 5], []]
5: [[0, 1, 4, 8, 2, 6], [3, 5], [7]]
6: [[0, 1, 4, 8, 2], [3, 5, 6], [7]]
7: [[0, 1, 4, 8], [3, 5, 6, 2], [7]]
8: [[0, 1, 4], [3, 5, 6, 2], [7, 8]]
9: [[0, 1], [3, 5, 6, 2, 4], [7, 8]]
10: [[0], [3, 5, 6, 2, 4, 1], [7, 8]]
11: [[], [3, 5, 6, 2, 4, 1, 0], [7, 8]]
12: [[8], [3, 5, 6, 2, 4, 1, 0], [7]]
13: [[8, 7], [3, 5, 6, 2, 4, 1, 0], []]
14: [[8, 7], [3, 5, 6, 2, 4, 1], [0]]
15: [[8, 7], [3, 5, 6, 2, 4], [0, 1]]
16: [[8, 7, 4], [3, 5, 6, 2], [0, 1]]
17: [[8, 7, 4], [3, 5, 6], [0, 1, 2]]
18: [[8, 7], [3, 5, 6], [0, 1, 2, 4]]
19: [[8, 7, 6], [3, 5], [0, 1, 2, 4]]
20: [[8, 7, 6, 5], [3], [0, 1, 2, 4]]
21: [[8, 7, 6, 5, 4], [3], [0, 1, 2]]
22: [[8, 7, 6, 5, 4, 3], [], [0, 1, 2]]
23: [[8, 7, 6, 5, 4, 3, 2], [], [0, 1]]
24: [[8, 7, 6, 5, 4, 3, 2, 1], [], [0]]
25: [[8, 7, 6, 5, 4, 3, 2, 1, 0], [], []]
--------------------------

The beam width:                  20
The length of solution:          21
The number of nodes expanded:    477
The total CPU time of heuristic: 0.003501000000312615
The total CPU time of A*:        0.218465000000009
The type of heuristic:           Adimissible
-----------path-----------
1: [[6, 2, 4, 5, 8, 3, 0, 7, 1], [], []]
2: [[6, 2, 4, 5, 8, 3, 0, 7], [], [1]]
3: [[6, 2, 4, 5, 8, 3, 0], [], [1, 7]]
4: [[6, 2, 4, 5, 8, 3], [0], [1, 7]]
5: [[6, 2, 4, 5, 8], [0, 3], [1, 7]]
6: [[6, 2, 4, 5], [0, 3], [1, 7, 8]]
7: [[6, 2, 4], [0, 3], [1, 7, 8, 5]]
8: [[6, 2], [0, 3, 4], [1, 7, 8, 5]]
9: [[6, 2], [0, 3, 4, 5], [1, 7, 8]]
10: [[6], [0, 3, 4, 5, 2], [1, 7, 8]]
11: [[], [0, 3, 4, 5, 2, 6], [1, 7, 8]]
12: [[8], [0, 3, 4, 5, 2, 6], [1, 7]]
13: [[8, 7], [0, 3, 4, 5, 2, 6], [1]]
14: [[8, 7, 6], [0, 3, 4, 5, 2], [1]]
15: [[8, 7, 6], [0, 3, 4, 5], [1, 2]]
16: [[8, 7, 6, 5], [0, 3, 4], [1, 2]]
17: [[8, 7, 6, 5, 4], [0, 3], [1, 2]]
18: [[8, 7, 6, 5, 4, 3], [0], [1, 2]]
19: [[8, 7, 6, 5, 4, 3, 2], [0], [1]]
20: [[8, 7, 6, 5, 4, 3, 2, 1], [0], []]
21: [[8, 7, 6, 5, 4, 3, 2, 1, 0], [], []]
--------------------------

The beam width:                  20
The length of solution:          22
The number of nodes expanded:    451
The total CPU time of heuristic: 0.0032699999999863394
The total CPU time of A*:        0.2121169999999779
The type of heuristic:           Adimissible
-----------path-----------
1: [[5, 1, 3, 8, 2, 0, 4, 7, 6], [], []]
2: [[5, 1, 3, 8, 2, 0, 4, 7], [], [6]]
3: [[5, 1, 3, 8, 2, 0, 4], [], [6, 7]]
4: [[5, 1, 3, 8, 2, 0], [], [6, 7, 4]]
5: [[5, 1, 3, 8, 2], [0], [6, 7, 4]]
6: [[5, 1, 3, 8], [0, 2], [6, 7, 4]]
7: [[5, 1, 3, 8], [0, 2, 4], [6, 7]]
8: [[5, 1, 3], [0, 2, 4], [6, 7, 8]]
9: [[5, 1], [0, 2, 4, 3], [6, 7, 8]]
10: [[5], [0, 2, 4, 3, 1], [6, 7, 8]]
11: [[], [0, 2, 4, 3, 1, 5], [6, 7, 8]]
12: [[8], [0, 2, 4, 3, 1, 5], [6, 7]]
13: [[8, 7], [0, 2, 4, 3, 1, 5], [6]]
14: [[8, 7, 6], [0, 2, 4, 3, 1, 5], []]
15: [[8, 7, 6, 5], [0, 2, 4, 3, 1], []]
16: [[8, 7, 6, 5], [0, 2, 4, 3], [1]]
17: [[8, 7, 6, 5], [0, 2, 4], [1, 3]]
18: [[8, 7, 6, 5, 4], [0, 2], [1, 3]]
19: [[8, 7, 6, 5, 4, 3], [0, 2], [1]]
20: [[8, 7, 6, 5, 4, 3, 2], [0], [1]]
21: [[8, 7, 6, 5, 4, 3, 2, 1], [0], []]
22: [[8, 7, 6, 5, 4, 3, 2, 1, 0], [], []]
--------------------------

The beam width:                  20
The length of solution:          23
The number of nodes expanded:    463
The total CPU time of heuristic: 0.0031599999998945805
The total CPU time of A*:        0.2067000000000121
The type of heuristic:           Adimissible
-----------path-----------
1: [[6, 2, 1, 3, 4, 5, 7, 8, 0], [], []]
2: [[6, 2, 1, 3, 4, 5, 7, 8], [0], []]
3: [[6, 2, 1, 3, 4, 5, 7], [0], [8]]
4: [[6, 2, 1, 3, 4, 5], [0, 7], [8]]
5: [[6, 2, 1, 3, 4, 5], [0, 7, 8], []]
6: [[6, 2, 1, 3, 4], [0, 7, 8, 5], []]
7: [[6, 2, 1, 3], [0, 7, 8, 5, 4], []]
8: [[6, 2, 1], [0, 7, 8, 5, 4, 3], []]
9: [[6, 2], [0, 7, 8, 5, 4, 3], [1]]
10: [[6], [0, 7, 8, 5, 4, 3], [1, 2]]
11: [[6], [0, 7, 8, 5, 4], [1, 2, 3]]
12: [[6], [0, 7, 8, 5], [1, 2, 3, 4]]
13: [[6], [0, 7, 8], [1, 2, 3, 4, 5]]
14: [[], [0, 7, 8], [1, 2, 3, 4, 5, 6]]
15: [[8], [0, 7], [1, 2, 3, 4, 5, 6]]
16: [[8, 7], [0], [1, 2, 3, 4, 5, 6]]
17: [[8, 7, 6], [0], [1, 2, 3, 4, 5]]
18: [[8, 7, 6, 5], [0], [1, 2, 3, 4]]
19: [[8, 7, 6, 5, 4], [0], [1, 2, 3]]
20: [[8, 7, 6, 5, 4, 3], [0], [1, 2]]
21: [[8, 7, 6, 5, 4, 3, 2], [0], [1]]
22: [[8, 7, 6, 5, 4, 3, 2, 1], [0], []]
23: [[8, 7, 6, 5, 4, 3, 2, 1, 0], [], []]
--------------------------

The beam width:                  20
The length of solution:          23
The number of nodes expanded:    752
The total CPU time of heuristic: 0.0052280000005282545
The total CPU time of A*:        0.416292999999996
The type of heuristic:           Adimissible
-----------path-----------
1: [[8, 4, 0, 6, 2, 1, 7, 5, 3], [], []]
2: [[8, 4, 0, 6, 2, 1, 7, 5], [], [3]]
3: [[8, 4, 0, 6, 2, 1, 7], [], [3, 5]]
4: [[8, 4, 0, 6, 2, 1], [], [3, 5, 7]]
5: [[8, 4, 0, 6, 2], [1], [3, 5, 7]]
6: [[8, 4, 0, 6], [1, 2], [3, 5, 7]]
7: [[8, 4, 0], [1, 2, 6], [3, 5, 7]]
8: [[8, 4], [1, 2, 6, 0], [3, 5, 7]]
9: [[8], [1, 2, 6, 0, 4], [3, 5, 7]]
10: [[8, 7], [1, 2, 6, 0, 4], [3, 5]]
11: [[8, 7, 4], [1, 2, 6, 0], [3, 5]]
12: [[8, 7, 4, 0], [1, 2, 6], [3, 5]]
13: [[8, 7, 4, 0], [1, 2], [3, 5, 6]]
14: [[8, 7, 4], [1, 2, 0], [3, 5, 6]]
15: [[8, 7], [1, 2, 0, 4], [3, 5, 6]]
16: [[8, 7, 6], [1, 2, 0, 4], [3, 5]]
17: [[8, 7, 6, 5], [1, 2, 0, 4], [3]]
18: [[8, 7, 6, 5, 4], [1, 2, 0], [3]]
19: [[8, 7, 6, 5, 4, 3], [1, 2, 0], []]
20: [[8, 7, 6, 5, 4, 3], [1, 2], [0]]
21: [[8, 7, 6, 5, 4, 3, 2], [1], [0]]
22: [[8, 7, 6, 5, 4, 3, 2, 1], [], [0]]
23: [[8, 7, 6, 5, 4, 3, 2, 1, 0], [], []]
--------------------------

The beam width:                  20
The length of solution:          18
The number of nodes expanded:    1004
The total CPU time of heuristic: 0.0073079999997673895
The total CPU time of A*:        0.7228170000000205
The type of heuristic:           Adimissible
-----------path-----------
1: [[2, 1, 8, 5, 6, 7, 3, 0, 4], [], []]
2: [[2, 1, 8, 5, 6, 7, 3, 0], [], [4]]
3: [[2, 1, 8, 5, 6, 7, 3], [0], [4]]
4: [[2, 1, 8, 5, 6, 7, 3], [0, 4], []]
5: [[2, 1, 8, 5, 6, 7], [0, 4], [3]]
6: [[2, 1, 8, 5, 6], [0, 4], [3, 7]]
7: [[2, 1, 8, 5], [0, 4, 6], [3, 7]]
8: [[2, 1, 8], [0, 4, 6, 5], [3, 7]]
9: [[2, 1], [0, 4, 6, 5], [3, 7, 8]]
10: [[2], [0, 4, 6, 5, 1], [3, 7, 8]]
11: [[], [0, 4, 6, 5, 1, 2], [3, 7, 8]]
12: [[8], [0, 4, 6, 5, 1, 2], [3, 7]]
13: [[8, 2], [0, 4, 6, 5, 1], [3, 7]]
14: [[8, 2, 1], [0, 4, 6, 5], [3, 7]]
15: [[8, 2, 1, 5], [0, 4, 6], [3, 7]]
16: [[8, 2, 1, 5], [0, 4, 6, 7], [3]]
17: [[8, 2, 1], [0, 4, 6, 7], [3, 5]]
18: [[8, 2], [0, 4, 6, 7, 1], [3, 5]]
--------------------------

The beam width:                  20
The length of solution:          24
The number of nodes expanded:    634
The total CPU time of heuristic: 0.004261999999670252
The total CPU time of A*:        0.338216999999986
The type of heuristic:           Adimissible
-----------path-----------
1: [[7, 5, 0, 3, 1, 4, 6, 8, 2], [], []]
2: [[7, 5, 0, 3, 1, 4, 6, 8], [2], []]
3: [[7, 5, 0, 3, 1, 4, 6], [2, 8], []]
4: [[7, 5, 0, 3, 1, 4], [2, 8], [6]]
5: [[7, 5, 0, 3, 1, 4], [2], [6, 8]]
6: [[7, 5, 0, 3, 1], [2, 4], [6, 8]]
7: [[7, 5, 0, 3], [2, 4, 1], [6, 8]]
8: [[7, 5, 0], [2, 4, 1, 3], [6, 8]]
9: [[7, 5], [2, 4, 1, 3, 0], [6, 8]]
10: [[7], [2, 4, 1, 3, 0, 5], [6, 8]]
11: [[], [2, 4, 1, 3, 0, 5, 7], [6, 8]]
12: [[8], [2, 4, 1, 3, 0, 5, 7], [6]]
13: [[8, 7], [2, 4, 1, 3, 0, 5], [6]]
14: [[8, 7, 6], [2, 4, 1, 3, 0, 5], []]
15: [[8, 7, 6, 5], [2, 4, 1, 3, 0], []]
16: [[8, 7, 6, 5], [2, 4, 1, 3], [0]]
17: [[8, 7, 6, 5, 3], [2, 4, 1], [0]]
18: [[8, 7, 6, 5, 3], [2, 4], [0, 1]]
19: [[8, 7, 6, 5], [2, 4], [0, 1, 3]]
20: [[8, 7, 6, 5, 4], [2], [0, 1, 3]]
21: [[8, 7, 6, 5, 4, 3], [2], [0, 1]]
22: [[8, 7, 6, 5, 4, 3, 2], [], [0, 1]]
23: [[8, 7, 6, 5, 4, 3, 2, 1], [], [0]]
24: [[8, 7, 6, 5, 4, 3, 2, 1, 0], [], []]
--------------------------

The beam width:                  20
The length of solution:          19
The number of nodes expanded:    1002
The total CPU time of heuristic: 0.006465999999761607
The total CPU time of A*:        0.639868000000007
The type of heuristic:           Adimissible
-----------path-----------
1: [[8, 0, 1, 3, 7, 5, 4, 6, 2], [], []]
2: [[8, 0, 1, 3, 7, 5, 4, 6], [], [2]]
3: [[8, 0, 1, 3, 7, 5, 4], [6], [2]]
4: [[8, 0, 1, 3, 7, 5], [6], [2, 4]]
5: [[8, 0, 1, 3, 7, 5], [], [2, 4, 6]]
6: [[8, 0, 1, 3, 7], [5], [2, 4, 6]]
7: [[8, 0, 1, 3], [5], [2, 4, 6, 7]]
8: [[8, 0, 1], [5, 3], [2, 4, 6, 7]]
9: [[8, 0], [5, 3, 1], [2, 4, 6, 7]]
10: [[8], [5, 3, 1, 0], [2, 4, 6, 7]]
11: [[8, 7], [5, 3, 1, 0], [2, 4, 6]]
12: [[8, 7, 6], [5, 3, 1, 0], [2, 4]]
13: [[8, 7, 6, 0], [5, 3, 1], [2, 4]]
14: [[8, 7, 6, 0, 1], [5, 3], [2, 4]]
15: [[8, 7, 6, 0, 1, 3], [5], [2, 4]]
16: [[8, 7, 6, 0, 1, 3], [], [2, 4, 5]]
17: [[8, 7, 6, 0, 1], [], [2, 4, 5, 3]]
18: [[8, 7, 6, 0], [1], [2, 4, 5, 3]]
19: [[8, 7, 6], [1, 0], [2, 4, 5, 3]]
--------------------------

The beam width:                  20
The length of solution:          23
The number of nodes expanded:    500
The total CPU time of heuristic: 0.0034229999995147864
The total CPU time of A*:        0.22679099999999153
The type of heuristic:           Adimissible
-----------path-----------
1: [[3, 2, 5, 6, 4, 0, 8, 7, 1], [], []]
2: [[3, 2, 5, 6, 4, 0, 8, 7], [], [1]]
3: [[3, 2, 5, 6, 4, 0, 8], [], [1, 7]]
4: [[3, 2, 5, 6, 4, 0], [], [1, 7, 8]]
5: [[3, 2, 5, 6, 4], [0], [1, 7, 8]]
6: [[3, 2, 5, 6], [0, 4], [1, 7, 8]]
7: [[3, 2, 5], [0, 4, 6], [1, 7, 8]]
8: [[3, 2], [0, 4, 6, 5], [1, 7, 8]]
9: [[3], [0, 4, 6, 5, 2], [1, 7, 8]]
10: [[], [0, 4, 6, 5, 2, 3], [1, 7, 8]]
11: [[8], [0, 4, 6, 5, 2, 3], [1, 7]]
12: [[8, 7], [0, 4, 6, 5, 2, 3], [1]]
13: [[8, 7, 3], [0, 4, 6, 5, 2], [1]]
14: [[8, 7, 3], [0, 4, 6, 5], [1, 2]]
15: [[8, 7], [0, 4, 6, 5], [1, 2, 3]]
16: [[8, 7], [0, 4, 6], [1, 2, 3, 5]]
17: [[8, 7, 6], [0, 4], [1, 2, 3, 5]]
18: [[8, 7, 6, 5], [0, 4], [1, 2, 3]]
19: [[8, 7, 6, 5, 4], [0], [1, 2, 3]]
20: [[8, 7, 6, 5, 4, 3], [0], [1, 2]]
21: [[8, 7, 6, 5, 4, 3, 2], [0], [1]]
22: [[8, 7, 6, 5, 4, 3, 2, 1], [0], []]
23: [[8, 7, 6, 5, 4, 3, 2, 1, 0], [], []]
--------------------------

The beam width:                  20
The length of solution:          23
The number of nodes expanded:    622
The total CPU time of heuristic: 0.00451799999996183
The total CPU time of A*:        0.3477310000000102
The type of heuristic:           Adimissible
-----------path-----------
1: [[7, 5, 0, 8, 2, 4, 1, 6, 3], [], []]
2: [[7, 5, 0, 8, 2, 4, 1, 6], [], [3]]
3: [[7, 5, 0, 8, 2, 4, 1], [], [3, 6]]
4: [[7, 5, 0, 8, 2, 4], [1], [3, 6]]
5: [[7, 5, 0, 8, 2], [1, 4], [3, 6]]
6: [[7, 5, 0, 8], [1, 4, 2], [3, 6]]
7: [[7, 5, 0], [1, 4, 2], [3, 6, 8]]
8: [[7, 5], [1, 4, 2, 0], [3, 6, 8]]
9: [[7], [1, 4, 2, 0, 5], [3, 6, 8]]
10: [[], [1, 4, 2, 0, 5, 7], [3, 6, 8]]
11: [[8], [1, 4, 2, 0, 5, 7], [3, 6]]
12: [[8, 7], [1, 4, 2, 0, 5], [3, 6]]
13: [[8, 7, 6], [1, 4, 2, 0, 5], [3]]
14: [[8, 7, 6, 5], [1, 4, 2, 0], [3]]
15: [[8, 7, 6, 5, 3], [1, 4, 2, 0], []]
16: [[8, 7, 6, 5, 3], [1, 4, 2], [0]]
17: [[8, 7, 6, 5, 3], [1, 4], [0, 2]]
18: [[8, 7, 6, 5], [1, 4], [0, 2, 3]]
19: [[8, 7, 6, 5, 4], [1], [0, 2, 3]]
20: [[8, 7, 6, 5, 4, 3], [1], [0, 2]]
21: [[8, 7, 6, 5, 4, 3, 2], [1], [0]]
22: [[8, 7, 6, 5, 4, 3, 2, 1], [], [0]]
23: [[8, 7, 6, 5, 4, 3, 2, 1, 0], [], []]
--------------------------

The beam width:                  20
The length of solution:          21
The number of nodes expanded:    516
The total CPU time of heuristic: 0.0034819999998489948
The total CPU time of A*:        0.23239199999997595
The type of heuristic:           Adimissible
-----------path-----------
1: [[6, 5, 0, 2, 1, 8, 7, 3, 4], [], []]
2: [[6, 5, 0, 2, 1, 8, 7, 3], [4], []]
3: [[6, 5, 0, 2, 1, 8, 7], [4], [3]]
4: [[6, 5, 0, 2, 1, 8, 7], [], [3, 4]]
5: [[6, 5, 0, 2, 1, 8], [], [3, 4, 7]]
6: [[6, 5, 0, 2, 1], [], [3, 4, 7, 8]]
7: [[6, 5, 0, 2], [1], [3, 4, 7, 8]]
8: [[6, 5, 0], [1, 2], [3, 4, 7, 8]]
9: [[6, 5], [1, 2, 0], [3, 4, 7, 8]]
10: [[6], [1, 2, 0, 5], [3, 4, 7, 8]]
11: [[], [1, 2, 0, 5, 6], [3, 4, 7, 8]]
12: [[8], [1, 2, 0, 5, 6], [3, 4, 7]]
13: [[8, 7], [1, 2, 0, 5, 6], [3, 4]]
14: [[8, 7, 6], [1, 2, 0, 5], [3, 4]]
15: [[8, 7, 6, 5], [1, 2, 0], [3, 4]]
16: [[8, 7, 6, 5, 4], [1, 2, 0], [3]]
17: [[8, 7, 6, 5, 4, 3], [1, 2, 0], []]
18: [[8, 7, 6, 5, 4, 3], [1, 2], [0]]
19: [[8, 7, 6, 5, 4, 3, 2], [1], [0]]
20: [[8, 7, 6, 5, 4, 3, 2, 1], [], [0]]
21: [[8, 7, 6, 5, 4, 3, 2, 1, 0], [], []]
--------------------------

The beam width:                  20
The length of solution:          26
The number of nodes expanded:    777
The total CPU time of heuristic: 0.005418000000190659
The total CPU time of A*:        0.4857969999999625
The type of heuristic:           Adimissible
-----------path-----------
1: [[1, 4, 6, 8, 2, 3, 0, 7, 5], [], []]
2: [[1, 4, 6, 8, 2, 3, 0, 7], [], [5]]
3: [[1, 4, 6, 8, 2, 3, 0], [], [5, 7]]
4: [[1, 4, 6, 8, 2, 3], [0], [5, 7]]
5: [[1, 4, 6, 8, 2], [0], [5, 7, 3]]
6: [[1, 4, 6, 8], [0, 2], [5, 7, 3]]
7: [[1, 4, 6, 8], [0, 2, 3], [5, 7]]
8: [[1, 4, 6], [0, 2, 3], [5, 7, 8]]
9: [[1, 4], [0, 2, 3, 6], [5, 7, 8]]
10: [[1], [0, 2, 3, 6, 4], [5, 7, 8]]
11: [[], [0, 2, 3, 6, 4, 1], [5, 7, 8]]
12: [[8], [0, 2, 3, 6, 4, 1], [5, 7]]
13: [[8, 7], [0, 2, 3, 6, 4, 1], [5]]
14: [[8, 7, 1], [0, 2, 3, 6, 4], [5]]
15: [[8, 7, 1, 4], [0, 2, 3, 6], [5]]
16: [[8, 7, 1, 4], [0, 2, 3], [5, 6]]
17: [[8, 7, 1], [0, 2, 3, 4], [5, 6]]
18: [[8, 7], [0, 2, 3, 4, 1], [5, 6]]
19: [[8, 7, 6], [0, 2, 3, 4, 1], [5]]
20: [[8, 7, 6, 5], [0, 2, 3, 4, 1], []]
21: [[8, 7, 6, 5], [0, 2, 3, 4], [1]]
22: [[8, 7, 6, 5, 4], [0, 2, 3], [1]]
23: [[8, 7, 6, 5, 4, 3], [0, 2], [1]]
24: [[8, 7, 6, 5, 4, 3, 2], [0], [1]]
25: [[8, 7, 6, 5, 4, 3, 2, 1], [0], []]
26: [[8, 7, 6, 5, 4, 3, 2, 1, 0], [], []]
--------------------------

