The beam width:                  100
The length of solution:          20
The number of nodes expanded:    922
The total CPU time of heuristic: 0.006685000000231867
The total CPU time of A*:        0.5348250000000121
The type of heuristic:           Adimissible
-----------path-----------
1: [[1, 3, 0, 6, 5, 2, 4, 7], [], []]
2: [[1, 3, 0, 6, 5, 2, 4], [], [7]]
3: [[1, 3, 0, 6, 5, 2], [], [7, 4]]
4: [[1, 3, 0, 6, 5], [2], [7, 4]]
5: [[1, 3, 0, 6, 5], [2, 4], [7]]
6: [[1, 3, 0, 6], [2, 4, 5], [7]]
7: [[1, 3, 0], [2, 4, 5, 6], [7]]
8: [[1, 3, 0], [2, 4, 5, 6, 7], []]
9: [[1, 3], [2, 4, 5, 6, 7], [0]]
10: [[1], [2, 4, 5, 6, 7, 3], [0]]
11: [[], [2, 4, 5, 6, 7, 3], [0, 1]]
12: [[], [2, 4, 5, 6, 7], [0, 1, 3]]
13: [[7], [2, 4, 5, 6], [0, 1, 3]]
14: [[7, 6], [2, 4, 5], [0, 1, 3]]
15: [[7, 6, 5], [2, 4], [0, 1, 3]]
16: [[7, 6, 5, 4], [2], [0, 1, 3]]
17: [[7, 6, 5, 4, 3], [2], [0, 1]]
18: [[7, 6, 5, 4, 3, 2], [], [0, 1]]
19: [[7, 6, 5, 4, 3, 2, 1], [], [0]]
20: [[7, 6, 5, 4, 3, 2, 1, 0], [], []]
--------------------------

The beam width:                  100
The length of solution:          18
The number of nodes expanded:    310
The total CPU time of heuristic: 0.002331999999512391
The total CPU time of A*:        0.13414399999999205
The type of heuristic:           Adimissible
-----------path-----------
1: [[5, 4, 6, 1, 7, 0, 3, 2], [], []]
2: [[5, 4, 6, 1, 7, 0, 3], [2], []]
3: [[5, 4, 6, 1, 7, 0], [2, 3], []]
4: [[5, 4, 6, 1, 7], [2, 3], [0]]
5: [[5, 4, 6, 1], [2, 3, 7], [0]]
6: [[5, 4, 6], [2, 3, 7], [0, 1]]
7: [[5, 4], [2, 3, 7, 6], [0, 1]]
8: [[5], [2, 3, 7, 6], [0, 1, 4]]
9: [[], [2, 3, 7, 6], [0, 1, 4, 5]]
10: [[], [2, 3, 7], [0, 1, 4, 5, 6]]
11: [[7], [2, 3], [0, 1, 4, 5, 6]]
12: [[7, 6], [2, 3], [0, 1, 4, 5]]
13: [[7, 6, 5], [2, 3], [0, 1, 4]]
14: [[7, 6, 5, 4], [2, 3], [0, 1]]
15: [[7, 6, 5, 4, 3], [2], [0, 1]]
16: [[7, 6, 5, 4, 3, 2], [], [0, 1]]
17: [[7, 6, 5, 4, 3, 2, 1], [], [0]]
18: [[7, 6, 5, 4, 3, 2, 1, 0], [], []]
--------------------------

The beam width:                  100
The length of solution:          9
The number of nodes expanded:    1003
The total CPU time of heuristic: 0.007309999999790762
The total CPU time of A*:        0.6176949999999692
The type of heuristic:           Adimissible
-----------path-----------
1: [[0, 5, 3, 4, 2, 1, 6, 7], [], []]
2: [[0, 5, 3, 4, 2, 1, 6], [], [7]]
3: [[0, 5, 3, 4, 2, 1], [], [7, 6]]
4: [[0, 5, 3, 4, 2], [1], [7, 6]]
5: [[0, 5, 3, 4], [1], [7, 6, 2]]
6: [[0, 5, 3], [1], [7, 6, 2, 4]]
7: [[0, 5], [1, 3], [7, 6, 2, 4]]
8: [[0, 5], [1, 3, 4], [7, 6, 2]]
9: [[0], [1, 3, 4, 5], [7, 6, 2]]
--------------------------

The beam width:                  100
The length of solution:          19
The number of nodes expanded:    833
The total CPU time of heuristic: 0.006119000000353481
The total CPU time of A*:        0.46042399999998906
The type of heuristic:           Adimissible
-----------path-----------
1: [[2, 4, 3, 5, 7, 6, 0, 1], [], []]
2: [[2, 4, 3, 5, 7, 6, 0], [], [1]]
3: [[2, 4, 3, 5, 7, 6], [0], [1]]
4: [[2, 4, 3, 5, 7], [0], [1, 6]]
5: [[2, 4, 3, 5], [0], [1, 6, 7]]
6: [[2, 4, 3], [0], [1, 6, 7, 5]]
7: [[2, 4], [0, 3], [1, 6, 7, 5]]
8: [[2], [0, 3, 4], [1, 6, 7, 5]]
9: [[2], [0, 3, 4, 5], [1, 6, 7]]
10: [[], [0, 3, 4, 5, 2], [1, 6, 7]]
11: [[7], [0, 3, 4, 5, 2], [1, 6]]
12: [[7, 6], [0, 3, 4, 5, 2], [1]]
13: [[7, 6], [0, 3, 4, 5], [1, 2]]
14: [[7, 6, 5], [0, 3, 4], [1, 2]]
15: [[7, 6, 5, 4], [0, 3], [1, 2]]
16: [[7, 6, 5, 4, 3], [0], [1, 2]]
17: [[7, 6, 5, 4, 3, 2], [0], [1]]
18: [[7, 6, 5, 4, 3, 2, 1], [0], []]
19: [[7, 6, 5, 4, 3, 2, 1, 0], [], []]
--------------------------

The beam width:                  100
The length of solution:          18
The number of nodes expanded:    580
The total CPU time of heuristic: 0.004266000000086478
The total CPU time of A*:        0.3175499999999829
The type of heuristic:           Adimissible
-----------path-----------
1: [[5, 4, 2, 6, 3, 7, 1, 0], [], []]
2: [[5, 4, 2, 6, 3, 7, 1], [], [0]]
3: [[5, 4, 2, 6, 3, 7], [], [0, 1]]
4: [[5, 4, 2, 6, 3], [], [0, 1, 7]]
5: [[5, 4, 2, 6], [3], [0, 1, 7]]
6: [[5, 4, 2], [3, 6], [0, 1, 7]]
7: [[5, 4, 2], [3, 6, 7], [0, 1]]
8: [[5, 4], [3, 6, 7], [0, 1, 2]]
9: [[5], [3, 6, 7], [0, 1, 2, 4]]
10: [[], [3, 6, 7], [0, 1, 2, 4, 5]]
11: [[7], [3, 6], [0, 1, 2, 4, 5]]
12: [[7, 6], [3], [0, 1, 2, 4, 5]]
13: [[7, 6, 5], [3], [0, 1, 2, 4]]
14: [[7, 6, 5, 4], [3], [0, 1, 2]]
15: [[7, 6, 5, 4, 3], [], [0, 1, 2]]
16: [[7, 6, 5, 4, 3, 2], [], [0, 1]]
17: [[7, 6, 5, 4, 3, 2, 1], [], [0]]
18: [[7, 6, 5, 4, 3, 2, 1, 0], [], []]
--------------------------

The beam width:                  100
The length of solution:          12
The number of nodes expanded:    1002
The total CPU time of heuristic: 0.007311999999501495
The total CPU time of A*:        0.591130000000021
The type of heuristic:           Adimissible
-----------path-----------
1: [[1, 4, 0, 3, 7, 2, 6, 5], [], []]
2: [[1, 4, 0, 3, 7, 2, 6], [], [5]]
3: [[1, 4, 0, 3, 7, 2], [], [5, 6]]
4: [[1, 4, 0, 3, 7], [2], [5, 6]]
5: [[1, 4, 0, 3], [2], [5, 6, 7]]
6: [[1, 4, 0], [2, 3], [5, 6, 7]]
7: [[1, 4], [2, 3, 0], [5, 6, 7]]
8: [[1], [2, 3, 0, 4], [5, 6, 7]]
9: [[], [2, 3, 0, 4, 1], [5, 6, 7]]
10: [[7], [2, 3, 0, 4, 1], [5, 6]]
11: [[7, 6], [2, 3, 0, 4, 1], [5]]
12: [[7, 6, 5], [2, 3, 0, 4, 1], []]
--------------------------

The beam width:                  100
The length of solution:          8
The number of nodes expanded:    1004
The total CPU time of heuristic: 0.0073780000011538505
The total CPU time of A*:        0.5878960000000006
The type of heuristic:           Adimissible
-----------path-----------
1: [[1, 3, 0, 6, 2, 7, 4, 5], [], []]
2: [[1, 3, 0, 6, 2, 7, 4], [5], []]
3: [[1, 3, 0, 6, 2, 7], [5], [4]]
4: [[1, 3, 0, 6, 2, 7], [], [4, 5]]
5: [[1, 3, 0, 6, 2], [7], [4, 5]]
6: [[1, 3, 0, 6], [7, 2], [4, 5]]
7: [[1, 3, 0], [7, 2, 6], [4, 5]]
8: [[1, 3], [7, 2, 6, 0], [4, 5]]
--------------------------

The beam width:                  100
The length of solution:          19
The number of nodes expanded:    435
The total CPU time of heuristic: 0.0032139999994456048
The total CPU time of A*:        0.19462299999997867
The type of heuristic:           Adimissible
-----------path-----------
1: [[4, 3, 7, 0, 5, 1, 2, 6], [], []]
2: [[4, 3, 7, 0, 5, 1, 2], [], [6]]
3: [[4, 3, 7, 0, 5, 1], [], [6, 2]]
4: [[4, 3, 7, 0, 5], [1], [6, 2]]
5: [[4, 3, 7, 0, 5], [1, 2], [6]]
6: [[4, 3, 7, 0], [1, 2, 5], [6]]
7: [[4, 3, 7, 0], [1, 2, 5, 6], []]
8: [[4, 3, 7], [1, 2, 5, 6], [0]]
9: [[4, 3], [1, 2, 5, 6, 7], [0]]
10: [[4], [1, 2, 5, 6, 7], [0, 3]]
11: [[], [1, 2, 5, 6, 7], [0, 3, 4]]
12: [[7], [1, 2, 5, 6], [0, 3, 4]]
13: [[7, 6], [1, 2, 5], [0, 3, 4]]
14: [[7, 6, 5], [1, 2], [0, 3, 4]]
15: [[7, 6, 5, 4], [1, 2], [0, 3]]
16: [[7, 6, 5, 4, 3], [1, 2], [0]]
17: [[7, 6, 5, 4, 3, 2], [1], [0]]
18: [[7, 6, 5, 4, 3, 2, 1], [], [0]]
19: [[7, 6, 5, 4, 3, 2, 1, 0], [], []]
--------------------------

The beam width:                  100
The length of solution:          14
The number of nodes expanded:    1002
The total CPU time of heuristic: 0.007397000000253229
The total CPU time of A*:        0.6049900000000434
The type of heuristic:           Adimissible
-----------path-----------
1: [[3, 2, 6, 7, 1, 4, 5, 0], [], []]
2: [[3, 2, 6, 7, 1, 4, 5], [], [0]]
3: [[3, 2, 6, 7, 1, 4], [5], [0]]
4: [[3, 2, 6, 7, 1], [5], [0, 4]]
5: [[3, 2, 6, 7, 1], [], [0, 4, 5]]
6: [[3, 2, 6, 7], [1], [0, 4, 5]]
7: [[3, 2, 6], [1], [0, 4, 5, 7]]
8: [[3, 2], [1], [0, 4, 5, 7, 6]]
9: [[3], [1, 2], [0, 4, 5, 7, 6]]
10: [[], [1, 2, 3], [0, 4, 5, 7, 6]]
11: [[], [1, 2, 3, 6], [0, 4, 5, 7]]
12: [[7], [1, 2, 3, 6], [0, 4, 5]]
13: [[7, 6], [1, 2, 3], [0, 4, 5]]
14: [[7, 6, 5], [1, 2, 3], [0, 4]]
--------------------------

The beam width:                  100
The length of solution:          8
The number of nodes expanded:    1003
The total CPU time of heuristic: 0.007104000000197175
The total CPU time of A*:        0.5649849999999788
The type of heuristic:           Adimissible
-----------path-----------
1: [[1, 6, 0, 5, 7, 3, 2, 4], [], []]
2: [[1, 6, 0, 5, 7, 3, 2], [], [4]]
3: [[1, 6, 0, 5, 7, 3], [2], [4]]
4: [[1, 6, 0, 5, 7], [2, 3], [4]]
5: [[1, 6, 0, 5], [2, 3], [4, 7]]
6: [[1, 6, 0, 5], [2], [4, 7, 3]]
7: [[1, 6, 0], [2, 5], [4, 7, 3]]
8: [[1, 6], [2, 5, 0], [4, 7, 3]]
--------------------------

The beam width:                  100
The length of solution:          8
The number of nodes expanded:    1001
The total CPU time of heuristic: 0.006994000000588585
The total CPU time of A*:        0.5779190000000085
The type of heuristic:           Adimissible
-----------path-----------
1: [[4, 2, 6, 5, 1, 7, 0, 3], [], []]
2: [[4, 2, 6, 5, 1, 7, 0], [], [3]]
3: [[4, 2, 6, 5, 1, 7], [0], [3]]
4: [[4, 2, 6, 5, 1, 7], [0, 3], []]
5: [[4, 2, 6, 5, 1], [0, 3, 7], []]
6: [[4, 2, 6, 5], [0, 3, 7, 1], []]
7: [[4, 2, 6], [0, 3, 7, 1], [5]]
8: [[4, 2], [0, 3, 7, 1, 6], [5]]
--------------------------

The beam width:                  100
The length of solution:          18
The number of nodes expanded:    674
The total CPU time of heuristic: 0.0051370000001611515
The total CPU time of A*:        0.3991500000000201
The type of heuristic:           Adimissible
-----------path-----------
1: [[5, 4, 3, 2, 6, 7, 1, 0], [], []]
2: [[5, 4, 3, 2, 6, 7, 1], [0], []]
3: [[5, 4, 3, 2, 6, 7], [0], [1]]
4: [[5, 4, 3, 2, 6], [0], [1, 7]]
5: [[5, 4, 3, 2], [0, 6], [1, 7]]
6: [[5, 4, 3, 2], [0, 6, 7], [1]]
7: [[5, 4, 3], [0, 6, 7], [1, 2]]
8: [[5, 4], [0, 6, 7], [1, 2, 3]]
9: [[5], [0, 6, 7], [1, 2, 3, 4]]
10: [[], [0, 6, 7], [1, 2, 3, 4, 5]]
11: [[7], [0, 6], [1, 2, 3, 4, 5]]
12: [[7, 6], [0], [1, 2, 3, 4, 5]]
13: [[7, 6, 5], [0], [1, 2, 3, 4]]
14: [[7, 6, 5, 4], [0], [1, 2, 3]]
15: [[7, 6, 5, 4, 3], [0], [1, 2]]
16: [[7, 6, 5, 4, 3, 2], [0], [1]]
17: [[7, 6, 5, 4, 3, 2, 1], [0], []]
18: [[7, 6, 5, 4, 3, 2, 1, 0], [], []]
--------------------------

The beam width:                  100
The length of solution:          9
The number of nodes expanded:    1004
The total CPU time of heuristic: 0.006980000001078679
The total CPU time of A*:        0.5691919999999868
The type of heuristic:           Adimissible
-----------path-----------
1: [[1, 6, 7, 2, 5, 3, 4, 0], [], []]
2: [[1, 6, 7, 2, 5, 3, 4], [0], []]
3: [[1, 6, 7, 2, 5, 3], [0], [4]]
4: [[1, 6, 7, 2, 5], [0, 3], [4]]
5: [[1, 6, 7, 2], [0, 3, 5], [4]]
6: [[1, 6, 7], [0, 3, 5], [4, 2]]
7: [[1, 6], [0, 3, 5], [4, 2, 7]]
8: [[1], [0, 3, 5, 6], [4, 2, 7]]
9: [[1], [0, 3, 5, 6, 7], [4, 2]]
--------------------------

The beam width:                  100
The length of solution:          8
The number of nodes expanded:    1003
The total CPU time of heuristic: 0.006899000001567401
The total CPU time of A*:        0.5702549999999746
The type of heuristic:           Adimissible
-----------path-----------
1: [[3, 4, 6, 5, 2, 1, 7, 0], [], []]
2: [[3, 4, 6, 5, 2, 1, 7], [0], []]
3: [[3, 4, 6, 5, 2, 1], [0, 7], []]
4: [[3, 4, 6, 5, 2], [0, 7], [1]]
5: [[3, 4, 6, 5, 2], [0], [1, 7]]
6: [[3, 4, 6, 5], [0], [1, 7, 2]]
7: [[3, 4, 6], [0, 5], [1, 7, 2]]
8: [[3, 4], [0, 5, 6], [1, 7, 2]]
--------------------------

The beam width:                  100
The length of solution:          18
The number of nodes expanded:    922
The total CPU time of heuristic: 0.006585999998549141
The total CPU time of A*:        0.5062409999999318
The type of heuristic:           Adimissible
-----------path-----------
1: [[7, 2, 3, 0, 6, 1, 4, 5], [], []]
2: [[7, 2, 3, 0, 6, 1, 4], [5], []]
3: [[7, 2, 3, 0, 6, 1], [5, 4], []]
4: [[7, 2, 3, 0, 6], [5, 4], [1]]
5: [[7, 2, 3, 0, 6], [5], [1, 4]]
6: [[7, 2, 3, 0, 6], [], [1, 4, 5]]
7: [[7, 2, 3, 0], [], [1, 4, 5, 6]]
8: [[7, 2, 3], [0], [1, 4, 5, 6]]
9: [[7, 2], [0, 3], [1, 4, 5, 6]]
10: [[7], [0, 3, 2], [1, 4, 5, 6]]
11: [[7, 6], [0, 3, 2], [1, 4, 5]]
12: [[7, 6, 5], [0, 3, 2], [1, 4]]
13: [[7, 6, 5, 4], [0, 3, 2], [1]]
14: [[7, 6, 5, 4], [0, 3], [1, 2]]
15: [[7, 6, 5, 4, 3], [0], [1, 2]]
16: [[7, 6, 5, 4, 3, 2], [0], [1]]
17: [[7, 6, 5, 4, 3, 2, 1], [0], []]
18: [[7, 6, 5, 4, 3, 2, 1, 0], [], []]
--------------------------

The beam width:                  100
The length of solution:          9
The number of nodes expanded:    1001
The total CPU time of heuristic: 0.006842000000460757
The total CPU time of A*:        0.578783000000044
The type of heuristic:           Adimissible
-----------path-----------
1: [[3, 7, 6, 0, 4, 1, 5, 2], [], []]
2: [[3, 7, 6, 0, 4, 1, 5], [], [2]]
3: [[3, 7, 6, 0, 4, 1], [], [2, 5]]
4: [[3, 7, 6, 0, 4], [], [2, 5, 1]]
5: [[3, 7, 6, 0], [], [2, 5, 1, 4]]
6: [[3, 7, 6], [0], [2, 5, 1, 4]]
7: [[3, 7], [0, 6], [2, 5, 1, 4]]
8: [[3], [0, 6, 7], [2, 5, 1, 4]]
9: [[], [0, 6, 7, 3], [2, 5, 1, 4]]
--------------------------

The beam width:                  100
The length of solution:          7
The number of nodes expanded:    1003
The total CPU time of heuristic: 0.006459000000006654
The total CPU time of A*:        0.5295010000000389
The type of heuristic:           Adimissible
-----------path-----------
1: [[3, 4, 0, 2, 6, 1, 5, 7], [], []]
2: [[3, 4, 0, 2, 6, 1, 5], [7], []]
3: [[3, 4, 0, 2, 6, 1], [7, 5], []]
4: [[3, 4, 0, 2, 6], [7, 5, 1], []]
5: [[3, 4, 0, 2], [7, 5, 1], [6]]
6: [[3, 4, 0], [7, 5, 1, 2], [6]]
7: [[3, 4], [7, 5, 1, 2, 0], [6]]
--------------------------

The beam width:                  100
The length of solution:          8
The number of nodes expanded:    1002
The total CPU time of heuristic: 0.007001999999545205
The total CPU time of A*:        0.5454040000000191
The type of heuristic:           Adimissible
-----------path-----------
1: [[7, 1, 2, 3, 4, 6, 5, 0], [], []]
2: [[7, 1, 2, 3, 4, 6, 5], [0], []]
3: [[7, 1, 2, 3, 4, 6], [0, 5], []]
4: [[7, 1, 2, 3, 4], [0, 5, 6], []]
5: [[7, 1, 2, 3], [0, 5, 6, 4], []]
6: [[7, 1, 2], [0, 5, 6, 4, 3], []]
7: [[7, 1], [0, 5, 6, 4, 3, 2], []]
8: [[7], [0, 5, 6, 4, 3, 2], [1]]
--------------------------

The beam width:                  100
The length of solution:          10
The number of nodes expanded:    1002
The total CPU time of heuristic: 0.007271000002049277
The total CPU time of A*:        0.5921799999999848
The type of heuristic:           Adimissible
-----------path-----------
1: [[0, 6, 7, 5, 3, 1, 4, 2], [], []]
2: [[0, 6, 7, 5, 3, 1, 4], [], [2]]
3: [[0, 6, 7, 5, 3, 1], [], [2, 4]]
4: [[0, 6, 7, 5, 3], [1], [2, 4]]
5: [[0, 6, 7, 5], [1, 3], [2, 4]]
6: [[0, 6, 7], [1, 3, 5], [2, 4]]
7: [[0, 6], [1, 3, 5], [2, 4, 7]]
8: [[0], [1, 3, 5], [2, 4, 7, 6]]
9: [[], [1, 3, 5, 0], [2, 4, 7, 6]]
10: [[], [1, 3, 5, 0, 6], [2, 4, 7]]
--------------------------

The beam width:                  100
The length of solution:          19
The number of nodes expanded:    523
The total CPU time of heuristic: 0.003627999999707754
The total CPU time of A*:        0.25596799999999575
The type of heuristic:           Adimissible
-----------path-----------
1: [[5, 7, 3, 0, 2, 4, 1, 6], [], []]
2: [[5, 7, 3, 0, 2, 4, 1], [6], []]
3: [[5, 7, 3, 0, 2, 4], [6], [1]]
4: [[5, 7, 3, 0, 2], [6, 4], [1]]
5: [[5, 7, 3, 0], [6, 4], [1, 2]]
6: [[5, 7, 3, 0], [6], [1, 2, 4]]
7: [[5, 7, 3, 0], [], [1, 2, 4, 6]]
8: [[5, 7, 3], [0], [1, 2, 4, 6]]
9: [[5, 7], [0, 3], [1, 2, 4, 6]]
10: [[5], [0, 3], [1, 2, 4, 6, 7]]
11: [[], [0, 3, 5], [1, 2, 4, 6, 7]]
12: [[7], [0, 3, 5], [1, 2, 4, 6]]
13: [[7, 6], [0, 3, 5], [1, 2, 4]]
14: [[7, 6, 5], [0, 3], [1, 2, 4]]
15: [[7, 6, 5, 4], [0, 3], [1, 2]]
16: [[7, 6, 5, 4, 3], [0], [1, 2]]
17: [[7, 6, 5, 4, 3, 2], [0], [1]]
18: [[7, 6, 5, 4, 3, 2, 1], [0], []]
19: [[7, 6, 5, 4, 3, 2, 1, 0], [], []]
--------------------------

