The beam width:                  5
The length of solution:          21
The number of nodes expanded:    216
The total CPU time of heuristic: 0.001553000000285465
The total CPU time of A*:        0.0867849999999919
The type of heuristic:           Adimissible
-----------path-----------
1: [[2, 1, 0, 4, 3, 5, 6], [], []]
2: [[2, 1, 0, 4, 3, 5], [], [6]]
3: [[2, 1, 0, 4, 3], [], [6, 5]]
4: [[2, 1, 0, 4], [3], [6, 5]]
5: [[2, 1, 0], [3, 4], [6, 5]]
6: [[2, 1], [3, 4, 0], [6, 5]]
7: [[2], [3, 4, 0, 1], [6, 5]]
8: [[], [3, 4, 0, 1, 2], [6, 5]]
9: [[], [3, 4, 0, 1, 2, 5], [6]]
10: [[6], [3, 4, 0, 1, 2, 5], []]
11: [[6, 5], [3, 4, 0, 1, 2], []]
12: [[6, 5, 2], [3, 4, 0, 1], []]
13: [[6, 5, 2, 1], [3, 4, 0], []]
14: [[6, 5, 2, 1], [3, 4], [0]]
15: [[6, 5, 2], [3, 4], [0, 1]]
16: [[6, 5], [3, 4], [0, 1, 2]]
17: [[6, 5, 4], [3], [0, 1, 2]]
18: [[6, 5, 4, 3], [], [0, 1, 2]]
19: [[6, 5, 4, 3, 2], [], [0, 1]]
20: [[6, 5, 4, 3, 2, 1], [], [0]]
21: [[6, 5, 4, 3, 2, 1, 0], [], []]
--------------------------

The beam width:                  5
The length of solution:          20
The number of nodes expanded:    177
The total CPU time of heuristic: 0.001231000000302629
The total CPU time of A*:        0.06997599999999693
The type of heuristic:           Adimissible
-----------path-----------
1: [[1, 2, 5, 6, 3, 0, 4], [], []]
2: [[1, 2, 5, 6, 3, 0], [4], []]
3: [[1, 2, 5, 6, 3], [4], [0]]
4: [[1, 2, 5, 6], [4], [0, 3]]
5: [[1, 2, 5], [4], [0, 3, 6]]
6: [[1, 2], [4, 5], [0, 3, 6]]
7: [[1], [4, 5, 2], [0, 3, 6]]
8: [[], [4, 5, 2, 1], [0, 3, 6]]
9: [[6], [4, 5, 2, 1], [0, 3]]
10: [[6], [4, 5, 2], [0, 3, 1]]
11: [[6], [4, 5], [0, 3, 1, 2]]
12: [[6, 5], [4], [0, 3, 1, 2]]
13: [[6, 5, 4], [], [0, 3, 1, 2]]
14: [[6, 5, 4, 2], [], [0, 3, 1]]
15: [[6, 5, 4, 2], [1], [0, 3]]
16: [[6, 5, 4], [1, 2], [0, 3]]
17: [[6, 5, 4, 3], [1, 2], [0]]
18: [[6, 5, 4, 3, 2], [1], [0]]
19: [[6, 5, 4, 3, 2, 1], [], [0]]
20: [[6, 5, 4, 3, 2, 1, 0], [], []]
--------------------------

The beam width:                  5
The length of solution:          16
The number of nodes expanded:    139
The total CPU time of heuristic: 0.0010009999998601415
The total CPU time of A*:        0.045887999999990825
The type of heuristic:           Adimissible
-----------path-----------
1: [[5, 6, 0, 3, 4, 2, 1], [], []]
2: [[5, 6, 0, 3, 4, 2], [1], []]
3: [[5, 6, 0, 3, 4], [1, 2], []]
4: [[5, 6, 0, 3], [1, 2], [4]]
5: [[5, 6, 0], [1, 2, 3], [4]]
6: [[5, 6], [1, 2, 3, 0], [4]]
7: [[5], [1, 2, 3, 0], [4, 6]]
8: [[], [1, 2, 3, 0, 5], [4, 6]]
9: [[6], [1, 2, 3, 0, 5], [4]]
10: [[6, 5], [1, 2, 3, 0], [4]]
11: [[6, 5, 4], [1, 2, 3, 0], []]
12: [[6, 5, 4], [1, 2, 3], [0]]
13: [[6, 5, 4, 3], [1, 2], [0]]
14: [[6, 5, 4, 3, 2], [1], [0]]
15: [[6, 5, 4, 3, 2, 1], [], [0]]
16: [[6, 5, 4, 3, 2, 1, 0], [], []]
--------------------------

The beam width:                  5
The length of solution:          16
The number of nodes expanded:    123
The total CPU time of heuristic: 0.0007710000001850403
The total CPU time of A*:        0.03091200000002914
The type of heuristic:           Adimissible
-----------path-----------
1: [[2, 4, 6, 3, 1, 5, 0], [], []]
2: [[2, 4, 6, 3, 1, 5], [0], []]
3: [[2, 4, 6, 3, 1], [0], [5]]
4: [[2, 4, 6, 3], [0, 1], [5]]
5: [[2, 4, 6], [0, 1, 3], [5]]
6: [[2, 4], [0, 1, 3], [5, 6]]
7: [[2], [0, 1, 3, 4], [5, 6]]
8: [[], [0, 1, 3, 4, 2], [5, 6]]
9: [[6], [0, 1, 3, 4, 2], [5]]
10: [[6, 5], [0, 1, 3, 4, 2], []]
11: [[6, 5], [0, 1, 3, 4], [2]]
12: [[6, 5, 4], [0, 1, 3], [2]]
13: [[6, 5, 4, 3], [0, 1], [2]]
14: [[6, 5, 4, 3, 2], [0, 1], []]
15: [[6, 5, 4, 3, 2, 1], [0], []]
16: [[6, 5, 4, 3, 2, 1, 0], [], []]
--------------------------

The beam width:                  5
The length of solution:          16
The number of nodes expanded:    111
The total CPU time of heuristic: 0.0007600000001559692
The total CPU time of A*:        0.034863999999998896
The type of heuristic:           Adimissible
-----------path-----------
1: [[4, 6, 2, 3, 0, 5, 1], [], []]
2: [[4, 6, 2, 3, 0, 5], [1], []]
3: [[4, 6, 2, 3, 0], [1, 5], []]
4: [[4, 6, 2, 3], [1, 5], [0]]
5: [[4, 6, 2], [1, 5, 3], [0]]
6: [[4, 6], [1, 5, 3], [0, 2]]
7: [[4, 6], [1, 5], [0, 2, 3]]
8: [[4], [1, 5, 6], [0, 2, 3]]
9: [[], [1, 5, 6], [0, 2, 3, 4]]
10: [[6], [1, 5], [0, 2, 3, 4]]
11: [[6, 5], [1], [0, 2, 3, 4]]
12: [[6, 5, 4], [1], [0, 2, 3]]
13: [[6, 5, 4, 3], [1], [0, 2]]
14: [[6, 5, 4, 3, 2], [1], [0]]
15: [[6, 5, 4, 3, 2, 1], [], [0]]
16: [[6, 5, 4, 3, 2, 1, 0], [], []]
--------------------------

The beam width:                  5
The length of solution:          21
The number of nodes expanded:    175
The total CPU time of heuristic: 0.0012820000000317577
The total CPU time of A*:        0.06733700000000908
The type of heuristic:           Adimissible
-----------path-----------
1: [[5, 2, 1, 3, 4, 0, 6], [], []]
2: [[5, 2, 1, 3, 4, 0], [6], []]
3: [[5, 2, 1, 3, 4], [6], [0]]
4: [[5, 2, 1, 3], [6, 4], [0]]
5: [[5, 2, 1], [6, 4], [0, 3]]
6: [[5, 2, 1], [6], [0, 3, 4]]
7: [[5, 2], [6, 1], [0, 3, 4]]
8: [[5], [6, 1, 2], [0, 3, 4]]
9: [[], [6, 1, 2], [0, 3, 4, 5]]
10: [[2], [6, 1], [0, 3, 4, 5]]
11: [[2, 1], [6], [0, 3, 4, 5]]
12: [[2, 1], [], [0, 3, 4, 5, 6]]
13: [[2], [1], [0, 3, 4, 5, 6]]
14: [[], [1, 2], [0, 3, 4, 5, 6]]
15: [[6], [1, 2], [0, 3, 4, 5]]
16: [[6, 5], [1, 2], [0, 3, 4]]
17: [[6, 5, 4], [1, 2], [0, 3]]
18: [[6, 5, 4, 3], [1, 2], [0]]
19: [[6, 5, 4, 3, 2], [1], [0]]
20: [[6, 5, 4, 3, 2, 1], [], [0]]
21: [[6, 5, 4, 3, 2, 1, 0], [], []]
--------------------------

The beam width:                  5
The length of solution:          21
The number of nodes expanded:    192
The total CPU time of heuristic: 0.0012929999997766117
The total CPU time of A*:        0.07153999999999883
The type of heuristic:           Adimissible
-----------path-----------
1: [[3, 1, 0, 5, 2, 4, 6], [], []]
2: [[3, 1, 0, 5, 2, 4], [], [6]]
3: [[3, 1, 0, 5, 2], [], [6, 4]]
4: [[3, 1, 0, 5], [2], [6, 4]]
5: [[3, 1, 0, 5], [2, 4], [6]]
6: [[3, 1, 0], [2, 4, 5], [6]]
7: [[3, 1], [2, 4, 5, 0], [6]]
8: [[3], [2, 4, 5, 0, 1], [6]]
9: [[], [2, 4, 5, 0, 1, 3], [6]]
10: [[6], [2, 4, 5, 0, 1, 3], []]
11: [[6, 3], [2, 4, 5, 0, 1], []]
12: [[6, 3, 1], [2, 4, 5, 0], []]
13: [[6, 3, 1], [2, 4, 5], [0]]
14: [[6, 3], [2, 4, 5], [0, 1]]
15: [[6], [2, 4, 5], [0, 1, 3]]
16: [[6, 5], [2, 4], [0, 1, 3]]
17: [[6, 5, 4], [2], [0, 1, 3]]
18: [[6, 5, 4, 3], [2], [0, 1]]
19: [[6, 5, 4, 3, 2], [], [0, 1]]
20: [[6, 5, 4, 3, 2, 1], [], [0]]
21: [[6, 5, 4, 3, 2, 1, 0], [], []]
--------------------------

The beam width:                  5
The length of solution:          19
The number of nodes expanded:    177
The total CPU time of heuristic: 0.0012089999999886913
The total CPU time of A*:        0.06372700000000009
The type of heuristic:           Adimissible
-----------path-----------
1: [[4, 1, 0, 6, 2, 3, 5], [], []]
2: [[4, 1, 0, 6, 2, 3], [], [5]]
3: [[4, 1, 0, 6, 2], [3], [5]]
4: [[4, 1, 0, 6], [3, 2], [5]]
5: [[4, 1, 0], [3, 2], [5, 6]]
6: [[4, 1], [3, 2, 0], [5, 6]]
7: [[4], [3, 2, 0, 1], [5, 6]]
8: [[], [3, 2, 0, 1, 4], [5, 6]]
9: [[6], [3, 2, 0, 1, 4], [5]]
10: [[6, 5], [3, 2, 0, 1, 4], []]
11: [[6, 5, 4], [3, 2, 0, 1], []]
12: [[6, 5, 4, 1], [3, 2, 0], []]
13: [[6, 5, 4, 1], [3, 2], [0]]
14: [[6, 5, 4], [3, 2], [0, 1]]
15: [[6, 5, 4], [3], [0, 1, 2]]
16: [[6, 5, 4, 3], [], [0, 1, 2]]
17: [[6, 5, 4, 3, 2], [], [0, 1]]
18: [[6, 5, 4, 3, 2, 1], [], [0]]
19: [[6, 5, 4, 3, 2, 1, 0], [], []]
--------------------------

The beam width:                  5
The length of solution:          17
The number of nodes expanded:    115
The total CPU time of heuristic: 0.0007640000002879788
The total CPU time of A*:        0.03530900000001225
The type of heuristic:           Adimissible
-----------path-----------
1: [[0, 3, 5, 4, 2, 1, 6], [], []]
2: [[0, 3, 5, 4, 2, 1], [], [6]]
3: [[0, 3, 5, 4, 2], [1], [6]]
4: [[0, 3, 5, 4], [1, 2], [6]]
5: [[0, 3, 5], [1, 2, 4], [6]]
6: [[0, 3], [1, 2, 4, 5], [6]]
7: [[0], [1, 2, 4, 5, 3], [6]]
8: [[], [1, 2, 4, 5, 3, 0], [6]]
9: [[6], [1, 2, 4, 5, 3, 0], []]
10: [[6], [1, 2, 4, 5, 3], [0]]
11: [[6], [1, 2, 4, 5], [0, 3]]
12: [[6, 5], [1, 2, 4], [0, 3]]
13: [[6, 5, 4], [1, 2], [0, 3]]
14: [[6, 5, 4, 3], [1, 2], [0]]
15: [[6, 5, 4, 3, 2], [1], [0]]
16: [[6, 5, 4, 3, 2, 1], [], [0]]
17: [[6, 5, 4, 3, 2, 1, 0], [], []]
--------------------------

The beam width:                  5
The length of solution:          21
The number of nodes expanded:    206
The total CPU time of heuristic: 0.0013990000001058434
The total CPU time of A*:        0.08535400000002369
The type of heuristic:           Adimissible
-----------path-----------
1: [[1, 3, 0, 6, 4, 2, 5], [], []]
2: [[1, 3, 0, 6, 4, 2], [], [5]]
3: [[1, 3, 0, 6, 4], [2], [5]]
4: [[1, 3, 0, 6], [2, 4], [5]]
5: [[1, 3, 0], [2, 4], [5, 6]]
6: [[1, 3], [2, 4, 0], [5, 6]]
7: [[1], [2, 4, 0, 3], [5, 6]]
8: [[], [2, 4, 0, 3, 1], [5, 6]]
9: [[6], [2, 4, 0, 3, 1], [5]]
10: [[6, 5], [2, 4, 0, 3, 1], []]
11: [[6, 5, 1], [2, 4, 0, 3], []]
12: [[6, 5, 1, 3], [2, 4, 0], []]
13: [[6, 5, 1, 3], [2, 4], [0]]
14: [[6, 5, 1], [2, 4, 3], [0]]
15: [[6, 5], [2, 4, 3], [0, 1]]
16: [[6, 5], [2, 4], [0, 1, 3]]
17: [[6, 5, 4], [2], [0, 1, 3]]
18: [[6, 5, 4, 3], [2], [0, 1]]
19: [[6, 5, 4, 3, 2], [], [0, 1]]
20: [[6, 5, 4, 3, 2, 1], [], [0]]
21: [[6, 5, 4, 3, 2, 1, 0], [], []]
--------------------------

The beam width:                  5
The length of solution:          24
The number of nodes expanded:    256
The total CPU time of heuristic: 0.001768999999967491
The total CPU time of A*:        0.1143639999999948
The type of heuristic:           Adimissible
-----------path-----------
1: [[3, 2, 0, 6, 1, 5, 4], [], []]
2: [[3, 2, 0, 6, 1, 5], [4], []]
3: [[3, 2, 0, 6, 1], [4, 5], []]
4: [[3, 2, 0, 6], [4, 5], [1]]
5: [[3, 2, 0], [4, 5, 6], [1]]
6: [[3, 2], [4, 5, 6, 0], [1]]
7: [[3], [4, 5, 6, 0], [1, 2]]
8: [[], [4, 5, 6, 0], [1, 2, 3]]
9: [[0], [4, 5, 6], [1, 2, 3]]
10: [[0], [4, 5], [1, 2, 3, 6]]
11: [[], [4, 5, 0], [1, 2, 3, 6]]
12: [[6], [4, 5, 0], [1, 2, 3]]
13: [[6, 0], [4, 5], [1, 2, 3]]
14: [[6, 0], [4], [1, 2, 3, 5]]
15: [[6], [4, 0], [1, 2, 3, 5]]
16: [[6, 5], [4, 0], [1, 2, 3]]
17: [[6, 5, 0], [4], [1, 2, 3]]
18: [[6, 5, 0], [], [1, 2, 3, 4]]
19: [[6, 5], [0], [1, 2, 3, 4]]
20: [[6, 5, 4], [0], [1, 2, 3]]
21: [[6, 5, 4, 3], [0], [1, 2]]
22: [[6, 5, 4, 3, 2], [0], [1]]
23: [[6, 5, 4, 3, 2, 1], [0], []]
24: [[6, 5, 4, 3, 2, 1, 0], [], []]
--------------------------

The beam width:                  5
The length of solution:          22
The number of nodes expanded:    215
The total CPU time of heuristic: 0.001502000000073167
The total CPU time of A*:        0.0941829999999868
The type of heuristic:           Adimissible
-----------path-----------
1: [[4, 0, 3, 1, 2, 6, 5], [], []]
2: [[4, 0, 3, 1, 2, 6], [5], []]
3: [[4, 0, 3, 1, 2], [5, 6], []]
4: [[4, 0, 3, 1], [5, 6, 2], []]
5: [[4, 0, 3], [5, 6, 2], [1]]
6: [[4, 0, 3], [5, 6], [1, 2]]
7: [[4, 0], [5, 6], [1, 2, 3]]
8: [[4], [5, 6, 0], [1, 2, 3]]
9: [[], [5, 6, 0], [1, 2, 3, 4]]
10: [[0], [5, 6], [1, 2, 3, 4]]
11: [[0], [5], [1, 2, 3, 4, 6]]
12: [[], [5, 0], [1, 2, 3, 4, 6]]
13: [[6], [5, 0], [1, 2, 3, 4]]
14: [[6, 0], [5], [1, 2, 3, 4]]
15: [[6, 0], [], [1, 2, 3, 4, 5]]
16: [[6], [0], [1, 2, 3, 4, 5]]
17: [[6, 5], [0], [1, 2, 3, 4]]
18: [[6, 5, 4], [0], [1, 2, 3]]
19: [[6, 5, 4, 3], [0], [1, 2]]
20: [[6, 5, 4, 3, 2], [0], [1]]
21: [[6, 5, 4, 3, 2, 1], [0], []]
22: [[6, 5, 4, 3, 2, 1, 0], [], []]
--------------------------

The beam width:                  5
The length of solution:          15
The number of nodes expanded:    97
The total CPU time of heuristic: 0.0006000000000199179
The total CPU time of A*:        0.022979999999989786
The type of heuristic:           Adimissible
-----------path-----------
1: [[6, 0, 1, 3, 2, 5, 4], [], []]
2: [[6, 0, 1, 3, 2, 5], [], [4]]
3: [[6, 0, 1, 3, 2], [], [4, 5]]
4: [[6, 0, 1, 3], [2], [4, 5]]
5: [[6, 0, 1], [2, 3], [4, 5]]
6: [[6, 0], [2, 3, 1], [4, 5]]
7: [[6], [2, 3, 1, 0], [4, 5]]
8: [[6, 5], [2, 3, 1, 0], [4]]
9: [[6, 5, 4], [2, 3, 1, 0], []]
10: [[6, 5, 4], [2, 3, 1], [0]]
11: [[6, 5, 4], [2, 3], [0, 1]]
12: [[6, 5, 4, 3], [2], [0, 1]]
13: [[6, 5, 4, 3, 2], [], [0, 1]]
14: [[6, 5, 4, 3, 2, 1], [], [0]]
15: [[6, 5, 4, 3, 2, 1, 0], [], []]
--------------------------

The beam width:                  5
The length of solution:          17
The number of nodes expanded:    163
The total CPU time of heuristic: 0.0011980000000164637
The total CPU time of A*:        0.05711500000001024
The type of heuristic:           Adimissible
-----------path-----------
1: [[2, 3, 6, 5, 0, 1, 4], [], []]
2: [[2, 3, 6, 5, 0, 1], [], [4]]
3: [[2, 3, 6, 5, 0], [1], [4]]
4: [[2, 3, 6, 5], [1, 0], [4]]
5: [[2, 3, 6], [1, 0], [4, 5]]
6: [[2, 3], [1, 0], [4, 5, 6]]
7: [[2], [1, 0, 3], [4, 5, 6]]
8: [[], [1, 0, 3, 2], [4, 5, 6]]
9: [[6], [1, 0, 3, 2], [4, 5]]
10: [[6, 5], [1, 0, 3, 2], [4]]
11: [[6, 5, 4], [1, 0, 3, 2], []]
12: [[6, 5, 4], [1, 0, 3], [2]]
13: [[6, 5, 4, 3], [1, 0], [2]]
14: [[6, 5, 4, 3, 2], [1, 0], []]
15: [[6, 5, 4, 3, 2], [1], [0]]
16: [[6, 5, 4, 3, 2, 1], [], [0]]
17: [[6, 5, 4, 3, 2, 1, 0], [], []]
--------------------------

The beam width:                  5
The length of solution:          16
The number of nodes expanded:    111
The total CPU time of heuristic: 0.0007189999999468455
The total CPU time of A*:        0.0307120000000225
The type of heuristic:           Adimissible
-----------path-----------
1: [[1, 6, 2, 5, 0, 4, 3], [], []]
2: [[1, 6, 2, 5, 0, 4], [], [3]]
3: [[1, 6, 2, 5, 0], [], [3, 4]]
4: [[1, 6, 2, 5], [0], [3, 4]]
5: [[1, 6, 2], [0], [3, 4, 5]]
6: [[1, 6], [0, 2], [3, 4, 5]]
7: [[1], [0, 2], [3, 4, 5, 6]]
8: [[], [0, 2, 1], [3, 4, 5, 6]]
9: [[6], [0, 2, 1], [3, 4, 5]]
10: [[6, 5], [0, 2, 1], [3, 4]]
11: [[6, 5, 4], [0, 2, 1], [3]]
12: [[6, 5, 4, 3], [0, 2, 1], []]
13: [[6, 5, 4, 3], [0, 2], [1]]
14: [[6, 5, 4, 3, 2], [0], [1]]
15: [[6, 5, 4, 3, 2, 1], [0], []]
16: [[6, 5, 4, 3, 2, 1, 0], [], []]
--------------------------

The beam width:                  5
The length of solution:          14
The number of nodes expanded:    102
The total CPU time of heuristic: 0.0007129999999051506
The total CPU time of A*:        0.031882999999993444
The type of heuristic:           Adimissible
-----------path-----------
1: [[6, 3, 4, 2, 1, 0, 5], [], []]
2: [[6, 3, 4, 2, 1, 0], [5], []]
3: [[6, 3, 4, 2, 1], [5], [0]]
4: [[6, 3, 4, 2], [5], [0, 1]]
5: [[6, 3, 4], [5], [0, 1, 2]]
6: [[6, 3], [5, 4], [0, 1, 2]]
7: [[6], [5, 4], [0, 1, 2, 3]]
8: [[6], [5], [0, 1, 2, 3, 4]]
9: [[6, 5], [], [0, 1, 2, 3, 4]]
10: [[6, 5, 4], [], [0, 1, 2, 3]]
11: [[6, 5, 4, 3], [], [0, 1, 2]]
12: [[6, 5, 4, 3, 2], [], [0, 1]]
13: [[6, 5, 4, 3, 2, 1], [], [0]]
14: [[6, 5, 4, 3, 2, 1, 0], [], []]
--------------------------

The beam width:                  5
The length of solution:          22
The number of nodes expanded:    241
The total CPU time of heuristic: 0.001694999999671154
The total CPU time of A*:        0.10544500000000312
The type of heuristic:           Adimissible
-----------path-----------
1: [[4, 0, 6, 1, 5, 3, 2], [], []]
2: [[4, 0, 6, 1, 5, 3], [], [2]]
3: [[4, 0, 6, 1, 5], [], [2, 3]]
4: [[4, 0, 6, 1], [5], [2, 3]]
5: [[4, 0, 6], [5, 1], [2, 3]]
6: [[4, 0], [5, 1], [2, 3, 6]]
7: [[4], [5, 1, 0], [2, 3, 6]]
8: [[], [5, 1, 0, 4], [2, 3, 6]]
9: [[6], [5, 1, 0, 4], [2, 3]]
10: [[6], [5, 1, 0], [2, 3, 4]]
11: [[6, 0], [5, 1], [2, 3, 4]]
12: [[6, 0, 1], [5], [2, 3, 4]]
13: [[6, 0, 1], [], [2, 3, 4, 5]]
14: [[6, 0], [1], [2, 3, 4, 5]]
15: [[6], [1, 0], [2, 3, 4, 5]]
16: [[6, 5], [1, 0], [2, 3, 4]]
17: [[6, 5, 4], [1, 0], [2, 3]]
18: [[6, 5, 4, 3], [1, 0], [2]]
19: [[6, 5, 4, 3, 2], [1, 0], []]
20: [[6, 5, 4, 3, 2], [1], [0]]
21: [[6, 5, 4, 3, 2, 1], [], [0]]
22: [[6, 5, 4, 3, 2, 1, 0], [], []]
--------------------------

The beam width:                  5
The length of solution:          22
The number of nodes expanded:    245
The total CPU time of heuristic: 0.0015760000003126606
The total CPU time of A*:        0.10842400000001362
The type of heuristic:           Adimissible
-----------path-----------
1: [[0, 6, 2, 3, 5, 4, 1], [], []]
2: [[0, 6, 2, 3, 5, 4], [], [1]]
3: [[0, 6, 2, 3, 5], [4], [1]]
4: [[0, 6, 2, 3], [4, 5], [1]]
5: [[0, 6, 2], [4, 5, 3], [1]]
6: [[0, 6], [4, 5, 3], [1, 2]]
7: [[0], [4, 5, 3], [1, 2, 6]]
8: [[], [4, 5, 3, 0], [1, 2, 6]]
9: [[6], [4, 5, 3, 0], [1, 2]]
10: [[6, 0], [4, 5, 3], [1, 2]]
11: [[6, 0], [4, 5], [1, 2, 3]]
12: [[6, 0], [4], [1, 2, 3, 5]]
13: [[6], [4, 0], [1, 2, 3, 5]]
14: [[6, 5], [4, 0], [1, 2, 3]]
15: [[6, 5, 0], [4], [1, 2, 3]]
16: [[6, 5, 0], [], [1, 2, 3, 4]]
17: [[6, 5], [0], [1, 2, 3, 4]]
18: [[6, 5, 4], [0], [1, 2, 3]]
19: [[6, 5, 4, 3], [0], [1, 2]]
20: [[6, 5, 4, 3, 2], [0], [1]]
21: [[6, 5, 4, 3, 2, 1], [0], []]
22: [[6, 5, 4, 3, 2, 1, 0], [], []]
--------------------------

The beam width:                  5
The length of solution:          17
The number of nodes expanded:    162
The total CPU time of heuristic: 0.0010979999999847223
The total CPU time of A*:        0.0529899999999941
The type of heuristic:           Adimissible
-----------path-----------
1: [[2, 3, 6, 4, 1, 5, 0], [], []]
2: [[2, 3, 6, 4, 1, 5], [], [0]]
3: [[2, 3, 6, 4, 1], [], [0, 5]]
4: [[2, 3, 6, 4], [1], [0, 5]]
5: [[2, 3, 6], [1, 4], [0, 5]]
6: [[2, 3], [1, 4], [0, 5, 6]]
7: [[2], [1, 4, 3], [0, 5, 6]]
8: [[], [1, 4, 3, 2], [0, 5, 6]]
9: [[6], [1, 4, 3, 2], [0, 5]]
10: [[6, 5], [1, 4, 3, 2], [0]]
11: [[6, 5], [1, 4, 3], [0, 2]]
12: [[6, 5], [1, 4], [0, 2, 3]]
13: [[6, 5, 4], [1], [0, 2, 3]]
14: [[6, 5, 4, 3], [1], [0, 2]]
15: [[6, 5, 4, 3, 2], [1], [0]]
16: [[6, 5, 4, 3, 2, 1], [], [0]]
17: [[6, 5, 4, 3, 2, 1, 0], [], []]
--------------------------

The beam width:                  5
The length of solution:          15
The number of nodes expanded:    121
The total CPU time of heuristic: 0.0008959999999262891
The total CPU time of A*:        0.04288000000002512
The type of heuristic:           Adimissible
-----------path-----------
1: [[5, 4, 6, 2, 0, 3, 1], [], []]
2: [[5, 4, 6, 2, 0, 3], [1], []]
3: [[5, 4, 6, 2, 0], [1, 3], []]
4: [[5, 4, 6, 2], [1, 3], [0]]
5: [[5, 4, 6], [1, 3], [0, 2]]
6: [[5, 4], [1, 3, 6], [0, 2]]
7: [[5], [1, 3, 6], [0, 2, 4]]
8: [[], [1, 3, 6], [0, 2, 4, 5]]
9: [[6], [1, 3], [0, 2, 4, 5]]
10: [[6, 5], [1, 3], [0, 2, 4]]
11: [[6, 5, 4], [1, 3], [0, 2]]
12: [[6, 5, 4, 3], [1], [0, 2]]
13: [[6, 5, 4, 3, 2], [1], [0]]
14: [[6, 5, 4, 3, 2, 1], [], [0]]
15: [[6, 5, 4, 3, 2, 1, 0], [], []]
--------------------------

