The beam width:                  20
The length of solution:          23
The number of nodes expanded:    670
The total CPU time of heuristic: 0.004421999999948412
The total CPU time of A*:        0.36902699999998845
The type of heuristic:           Adimissible
-----------path-----------
1: [[1, 3, 0, 6, 5, 2, 4, 7], [], []]
2: [[1, 3, 0, 6, 5, 2, 4], [], [7]]
3: [[1, 3, 0, 6, 5, 2], [], [7, 4]]
4: [[1, 3, 0, 6, 5], [2], [7, 4]]
5: [[1, 3, 0, 6, 5], [2, 4], [7]]
6: [[1, 3, 0, 6], [2, 4, 5], [7]]
7: [[1, 3, 0], [2, 4, 5, 6], [7]]
8: [[1, 3], [2, 4, 5, 6, 0], [7]]
9: [[1], [2, 4, 5, 6, 0, 3], [7]]
10: [[], [2, 4, 5, 6, 0, 3, 1], [7]]
11: [[7], [2, 4, 5, 6, 0, 3, 1], []]
12: [[7], [2, 4, 5, 6, 0, 3], [1]]
13: [[7, 3], [2, 4, 5, 6, 0], [1]]
14: [[7, 3], [2, 4, 5, 6], [1, 0]]
15: [[7], [2, 4, 5, 6], [1, 0, 3]]
16: [[7, 6], [2, 4, 5], [1, 0, 3]]
17: [[7, 6, 5], [2, 4], [1, 0, 3]]
18: [[7, 6, 5, 4], [2], [1, 0, 3]]
19: [[7, 6, 5, 4, 3], [2], [1, 0]]
20: [[7, 6, 5, 4, 3, 2], [], [1, 0]]
21: [[7, 6, 5, 4, 3, 2], [0], [1]]
22: [[7, 6, 5, 4, 3, 2, 1], [0], []]
23: [[7, 6, 5, 4, 3, 2, 1, 0], [], []]
--------------------------

The beam width:                  20
The length of solution:          18
The number of nodes expanded:    246
The total CPU time of heuristic: 0.001591999999732252
The total CPU time of A*:        0.07747600000001853
The type of heuristic:           Adimissible
-----------path-----------
1: [[5, 4, 6, 1, 7, 0, 3, 2], [], []]
2: [[5, 4, 6, 1, 7, 0, 3], [2], []]
3: [[5, 4, 6, 1, 7, 0], [2, 3], []]
4: [[5, 4, 6, 1, 7], [2, 3], [0]]
5: [[5, 4, 6, 1], [2, 3, 7], [0]]
6: [[5, 4, 6], [2, 3, 7], [0, 1]]
7: [[5, 4], [2, 3, 7], [0, 1, 6]]
8: [[5, 4], [2, 3], [0, 1, 6, 7]]
9: [[5], [2, 3, 4], [0, 1, 6, 7]]
10: [[], [2, 3, 4, 5], [0, 1, 6, 7]]
11: [[7], [2, 3, 4, 5], [0, 1, 6]]
12: [[7, 6], [2, 3, 4, 5], [0, 1]]
13: [[7, 6, 5], [2, 3, 4], [0, 1]]
14: [[7, 6, 5, 4], [2, 3], [0, 1]]
15: [[7, 6, 5, 4, 3], [2], [0, 1]]
16: [[7, 6, 5, 4, 3, 2], [], [0, 1]]
17: [[7, 6, 5, 4, 3, 2, 1], [], [0]]
18: [[7, 6, 5, 4, 3, 2, 1, 0], [], []]
--------------------------

The beam width:                  20
The length of solution:          21
The number of nodes expanded:    545
The total CPU time of heuristic: 0.0041270000003521545
The total CPU time of A*:        0.2934569999999894
The type of heuristic:           Adimissible
-----------path-----------
1: [[0, 5, 3, 4, 2, 1, 6, 7], [], []]
2: [[0, 5, 3, 4, 2, 1, 6], [7], []]
3: [[0, 5, 3, 4, 2, 1], [7, 6], []]
4: [[0, 5, 3, 4, 2], [7, 6], [1]]
5: [[0, 5, 3, 4], [7, 6], [1, 2]]
6: [[0, 5, 3], [7, 6, 4], [1, 2]]
7: [[0, 5], [7, 6, 4], [1, 2, 3]]
8: [[0, 5], [7, 6], [1, 2, 3, 4]]
9: [[0], [7, 6, 5], [1, 2, 3, 4]]
10: [[], [7, 6, 5], [1, 2, 3, 4, 0]]
11: [[], [7, 6], [1, 2, 3, 4, 0, 5]]
12: [[], [7], [1, 2, 3, 4, 0, 5, 6]]
13: [[7], [], [1, 2, 3, 4, 0, 5, 6]]
14: [[7, 6], [], [1, 2, 3, 4, 0, 5]]
15: [[7, 6, 5], [], [1, 2, 3, 4, 0]]
16: [[7, 6, 5], [0], [1, 2, 3, 4]]
17: [[7, 6, 5, 4], [0], [1, 2, 3]]
18: [[7, 6, 5, 4, 3], [0], [1, 2]]
19: [[7, 6, 5, 4, 3, 2], [0], [1]]
20: [[7, 6, 5, 4, 3, 2, 1], [0], []]
21: [[7, 6, 5, 4, 3, 2, 1, 0], [], []]
--------------------------

The beam width:                  20
The length of solution:          19
The number of nodes expanded:    387
The total CPU time of heuristic: 0.00285299999998756
The total CPU time of A*:        0.15782600000000002
The type of heuristic:           Adimissible
-----------path-----------
1: [[2, 4, 3, 5, 7, 6, 0, 1], [], []]
2: [[2, 4, 3, 5, 7, 6, 0], [1], []]
3: [[2, 4, 3, 5, 7, 6], [1], [0]]
4: [[2, 4, 3, 5, 7], [1], [0, 6]]
5: [[2, 4, 3, 5], [1], [0, 6, 7]]
6: [[2, 4, 3], [1], [0, 6, 7, 5]]
7: [[2, 4], [1, 3], [0, 6, 7, 5]]
8: [[2], [1, 3, 4], [0, 6, 7, 5]]
9: [[2], [1, 3, 4, 5], [0, 6, 7]]
10: [[], [1, 3, 4, 5, 2], [0, 6, 7]]
11: [[7], [1, 3, 4, 5, 2], [0, 6]]
12: [[7, 6], [1, 3, 4, 5, 2], [0]]
13: [[7, 6], [1, 3, 4, 5], [0, 2]]
14: [[7, 6, 5], [1, 3, 4], [0, 2]]
15: [[7, 6, 5, 4], [1, 3], [0, 2]]
16: [[7, 6, 5, 4, 3], [1], [0, 2]]
17: [[7, 6, 5, 4, 3, 2], [1], [0]]
18: [[7, 6, 5, 4, 3, 2, 1], [], [0]]
19: [[7, 6, 5, 4, 3, 2, 1, 0], [], []]
--------------------------

The beam width:                  20
The length of solution:          18
The number of nodes expanded:    253
The total CPU time of heuristic: 0.001719000000662163
The total CPU time of A*:        0.08147300000001678
The type of heuristic:           Adimissible
-----------path-----------
1: [[5, 4, 2, 6, 3, 7, 1, 0], [], []]
2: [[5, 4, 2, 6, 3, 7, 1], [], [0]]
3: [[5, 4, 2, 6, 3, 7], [1], [0]]
4: [[5, 4, 2, 6, 3], [1, 7], [0]]
5: [[5, 4, 2, 6], [1, 7], [0, 3]]
6: [[5, 4, 2], [1, 7], [0, 3, 6]]
7: [[5, 4, 2], [1], [0, 3, 6, 7]]
8: [[5, 4], [1, 2], [0, 3, 6, 7]]
9: [[5], [1, 2, 4], [0, 3, 6, 7]]
10: [[], [1, 2, 4, 5], [0, 3, 6, 7]]
11: [[7], [1, 2, 4, 5], [0, 3, 6]]
12: [[7, 6], [1, 2, 4, 5], [0, 3]]
13: [[7, 6, 5], [1, 2, 4], [0, 3]]
14: [[7, 6, 5, 4], [1, 2], [0, 3]]
15: [[7, 6, 5, 4, 3], [1, 2], [0]]
16: [[7, 6, 5, 4, 3, 2], [1], [0]]
17: [[7, 6, 5, 4, 3, 2, 1], [], [0]]
18: [[7, 6, 5, 4, 3, 2, 1, 0], [], []]
--------------------------

The beam width:                  20
The length of solution:          20
The number of nodes expanded:    371
The total CPU time of heuristic: 0.0025770000001443805
The total CPU time of A*:        0.1434370000000058
The type of heuristic:           Adimissible
-----------path-----------
1: [[1, 4, 0, 3, 7, 2, 6, 5], [], []]
2: [[1, 4, 0, 3, 7, 2, 6], [], [5]]
3: [[1, 4, 0, 3, 7, 2], [], [5, 6]]
4: [[1, 4, 0, 3, 7], [2], [5, 6]]
5: [[1, 4, 0, 3], [2], [5, 6, 7]]
6: [[1, 4, 0], [2, 3], [5, 6, 7]]
7: [[1, 4], [2, 3, 0], [5, 6, 7]]
8: [[1], [2, 3, 0, 4], [5, 6, 7]]
9: [[], [2, 3, 0, 4, 1], [5, 6, 7]]
10: [[7], [2, 3, 0, 4, 1], [5, 6]]
11: [[7, 6], [2, 3, 0, 4, 1], [5]]
12: [[7, 6, 5], [2, 3, 0, 4, 1], []]
13: [[7, 6, 5], [2, 3, 0, 4], [1]]
14: [[7, 6, 5, 4], [2, 3, 0], [1]]
15: [[7, 6, 5, 4], [2, 3], [1, 0]]
16: [[7, 6, 5, 4, 3], [2], [1, 0]]
17: [[7, 6, 5, 4, 3, 2], [], [1, 0]]
18: [[7, 6, 5, 4, 3, 2], [0], [1]]
19: [[7, 6, 5, 4, 3, 2, 1], [0], []]
20: [[7, 6, 5, 4, 3, 2, 1, 0], [], []]
--------------------------

The beam width:                  20
The length of solution:          24
The number of nodes expanded:    684
The total CPU time of heuristic: 0.004690000000408645
The total CPU time of A*:        0.385939000000036
The type of heuristic:           Adimissible
-----------path-----------
1: [[1, 3, 0, 6, 2, 7, 4, 5], [], []]
2: [[1, 3, 0, 6, 2, 7, 4], [], [5]]
3: [[1, 3, 0, 6, 2, 7], [4], [5]]
4: [[1, 3, 0, 6, 2, 7], [4, 5], []]
5: [[1, 3, 0, 6, 2], [4, 5, 7], []]
6: [[1, 3, 0, 6], [4, 5, 7, 2], []]
7: [[1, 3, 0], [4, 5, 7, 2, 6], []]
8: [[1, 3], [4, 5, 7, 2, 6], [0]]
9: [[1], [4, 5, 7, 2, 6, 3], [0]]
10: [[], [4, 5, 7, 2, 6, 3], [0, 1]]
11: [[3], [4, 5, 7, 2, 6], [0, 1]]
12: [[3, 6], [4, 5, 7, 2], [0, 1]]
13: [[3, 6], [4, 5, 7], [0, 1, 2]]
14: [[3], [4, 5, 7, 6], [0, 1, 2]]
15: [[], [4, 5, 7, 6], [0, 1, 2, 3]]
16: [[], [4, 5, 7], [0, 1, 2, 3, 6]]
17: [[7], [4, 5], [0, 1, 2, 3, 6]]
18: [[7, 6], [4, 5], [0, 1, 2, 3]]
19: [[7, 6, 5], [4], [0, 1, 2, 3]]
20: [[7, 6, 5, 4], [], [0, 1, 2, 3]]
21: [[7, 6, 5, 4, 3], [], [0, 1, 2]]
22: [[7, 6, 5, 4, 3, 2], [], [0, 1]]
23: [[7, 6, 5, 4, 3, 2, 1], [], [0]]
24: [[7, 6, 5, 4, 3, 2, 1, 0], [], []]
--------------------------

The beam width:                  20
The length of solution:          23
The number of nodes expanded:    657
The total CPU time of heuristic: 0.004628999999511052
The total CPU time of A*:        0.3669189999999958
The type of heuristic:           Adimissible
-----------path-----------
1: [[4, 3, 7, 0, 5, 1, 2, 6], [], []]
2: [[4, 3, 7, 0, 5, 1, 2], [], [6]]
3: [[4, 3, 7, 0, 5, 1], [], [6, 2]]
4: [[4, 3, 7, 0, 5], [1], [6, 2]]
5: [[4, 3, 7, 0, 5], [1, 2], [6]]
6: [[4, 3, 7, 0], [1, 2, 5], [6]]
7: [[4, 3, 7], [1, 2, 5, 0], [6]]
8: [[4, 3], [1, 2, 5, 0], [6, 7]]
9: [[4], [1, 2, 5, 0, 3], [6, 7]]
10: [[], [1, 2, 5, 0, 3, 4], [6, 7]]
11: [[7], [1, 2, 5, 0, 3, 4], [6]]
12: [[7, 6], [1, 2, 5, 0, 3, 4], []]
13: [[7, 6, 4], [1, 2, 5, 0, 3], []]
14: [[7, 6, 4, 3], [1, 2, 5, 0], []]
15: [[7, 6, 4, 3], [1, 2, 5], [0]]
16: [[7, 6, 4], [1, 2, 5], [0, 3]]
17: [[7, 6], [1, 2, 5], [0, 3, 4]]
18: [[7, 6, 5], [1, 2], [0, 3, 4]]
19: [[7, 6, 5, 4], [1, 2], [0, 3]]
20: [[7, 6, 5, 4, 3], [1, 2], [0]]
21: [[7, 6, 5, 4, 3, 2], [1], [0]]
22: [[7, 6, 5, 4, 3, 2, 1], [], [0]]
23: [[7, 6, 5, 4, 3, 2, 1, 0], [], []]
--------------------------

The beam width:                  20
The length of solution:          19
The number of nodes expanded:    425
The total CPU time of heuristic: 0.002783999999877551
The total CPU time of A*:        0.16448299999998994
The type of heuristic:           Adimissible
-----------path-----------
1: [[3, 2, 6, 7, 1, 4, 5, 0], [], []]
2: [[3, 2, 6, 7, 1, 4, 5], [0], []]
3: [[3, 2, 6, 7, 1, 4], [0], [5]]
4: [[3, 2, 6, 7, 1], [0, 4], [5]]
5: [[3, 2, 6, 7, 1], [0, 4, 5], []]
6: [[3, 2, 6, 7], [0, 4, 5], [1]]
7: [[3, 2, 6], [0, 4, 5, 7], [1]]
8: [[3, 2], [0, 4, 5, 7, 6], [1]]
9: [[3], [0, 4, 5, 7, 6], [1, 2]]
10: [[], [0, 4, 5, 7, 6], [1, 2, 3]]
11: [[], [0, 4, 5, 7], [1, 2, 3, 6]]
12: [[7], [0, 4, 5], [1, 2, 3, 6]]
13: [[7, 6], [0, 4, 5], [1, 2, 3]]
14: [[7, 6, 5], [0, 4], [1, 2, 3]]
15: [[7, 6, 5, 4], [0], [1, 2, 3]]
16: [[7, 6, 5, 4, 3], [0], [1, 2]]
17: [[7, 6, 5, 4, 3, 2], [0], [1]]
18: [[7, 6, 5, 4, 3, 2, 1], [0], []]
19: [[7, 6, 5, 4, 3, 2, 1, 0], [], []]
--------------------------

The beam width:                  20
The length of solution:          21
The number of nodes expanded:    557
The total CPU time of heuristic: 0.003869999999835727
The total CPU time of A*:        0.26079100000001176
The type of heuristic:           Adimissible
-----------path-----------
1: [[1, 6, 0, 5, 7, 3, 2, 4], [], []]
2: [[1, 6, 0, 5, 7, 3, 2], [], [4]]
3: [[1, 6, 0, 5, 7, 3], [2], [4]]
4: [[1, 6, 0, 5, 7], [2, 3], [4]]
5: [[1, 6, 0, 5, 7], [2, 3, 4], []]
6: [[1, 6, 0, 5], [2, 3, 4], [7]]
7: [[1, 6, 0], [2, 3, 4, 5], [7]]
8: [[1, 6], [2, 3, 4, 5, 0], [7]]
9: [[1], [2, 3, 4, 5, 0, 6], [7]]
10: [[], [2, 3, 4, 5, 0, 6, 1], [7]]
11: [[7], [2, 3, 4, 5, 0, 6, 1], []]
12: [[7], [2, 3, 4, 5, 0, 6], [1]]
13: [[7, 6], [2, 3, 4, 5, 0], [1]]
14: [[7, 6], [2, 3, 4, 5], [1, 0]]
15: [[7, 6, 5], [2, 3, 4], [1, 0]]
16: [[7, 6, 5, 4], [2, 3], [1, 0]]
17: [[7, 6, 5, 4, 3], [2], [1, 0]]
18: [[7, 6, 5, 4, 3, 2], [], [1, 0]]
19: [[7, 6, 5, 4, 3, 2], [0], [1]]
20: [[7, 6, 5, 4, 3, 2, 1], [0], []]
21: [[7, 6, 5, 4, 3, 2, 1, 0], [], []]
--------------------------

The beam width:                  20
The length of solution:          21
The number of nodes expanded:    518
The total CPU time of heuristic: 0.003760999999798287
The total CPU time of A*:        0.2542660000000012
The type of heuristic:           Adimissible
-----------path-----------
1: [[4, 2, 6, 5, 1, 7, 0, 3], [], []]
2: [[4, 2, 6, 5, 1, 7, 0], [3], []]
3: [[4, 2, 6, 5, 1, 7], [3], [0]]
4: [[4, 2, 6, 5, 1], [3, 7], [0]]
5: [[4, 2, 6, 5], [3, 7], [0, 1]]
6: [[4, 2, 6, 5], [3], [0, 1, 7]]
7: [[4, 2, 6], [3, 5], [0, 1, 7]]
8: [[4, 2], [3, 5, 6], [0, 1, 7]]
9: [[4], [3, 5, 6, 2], [0, 1, 7]]
10: [[], [3, 5, 6, 2, 4], [0, 1, 7]]
11: [[7], [3, 5, 6, 2, 4], [0, 1]]
12: [[7, 4], [3, 5, 6, 2], [0, 1]]
13: [[7, 4], [3, 5, 6], [0, 1, 2]]
14: [[7], [3, 5, 6], [0, 1, 2, 4]]
15: [[7, 6], [3, 5], [0, 1, 2, 4]]
16: [[7, 6, 5], [3], [0, 1, 2, 4]]
17: [[7, 6, 5, 4], [3], [0, 1, 2]]
18: [[7, 6, 5, 4, 3], [], [0, 1, 2]]
19: [[7, 6, 5, 4, 3, 2], [], [0, 1]]
20: [[7, 6, 5, 4, 3, 2, 1], [], [0]]
21: [[7, 6, 5, 4, 3, 2, 1, 0], [], []]
--------------------------

The beam width:                  20
The length of solution:          18
The number of nodes expanded:    544
The total CPU time of heuristic: 0.003888000000614511
The total CPU time of A*:        0.27803299999999354
The type of heuristic:           Adimissible
-----------path-----------
1: [[5, 4, 3, 2, 6, 7, 1, 0], [], []]
2: [[5, 4, 3, 2, 6, 7, 1], [], [0]]
3: [[5, 4, 3, 2, 6, 7], [], [0, 1]]
4: [[5, 4, 3, 2, 6], [], [0, 1, 7]]
5: [[5, 4, 3, 2], [], [0, 1, 7, 6]]
6: [[5, 4, 3], [2], [0, 1, 7, 6]]
7: [[5, 4], [2, 3], [0, 1, 7, 6]]
8: [[5], [2, 3, 4], [0, 1, 7, 6]]
9: [[], [2, 3, 4, 5], [0, 1, 7, 6]]
10: [[], [2, 3, 4, 5, 6], [0, 1, 7]]
11: [[7], [2, 3, 4, 5, 6], [0, 1]]
12: [[7, 6], [2, 3, 4, 5], [0, 1]]
13: [[7, 6, 5], [2, 3, 4], [0, 1]]
14: [[7, 6, 5, 4], [2, 3], [0, 1]]
15: [[7, 6, 5, 4, 3], [2], [0, 1]]
16: [[7, 6, 5, 4, 3, 2], [], [0, 1]]
17: [[7, 6, 5, 4, 3, 2, 1], [], [0]]
18: [[7, 6, 5, 4, 3, 2, 1, 0], [], []]
--------------------------

The beam width:                  20
The length of solution:          20
The number of nodes expanded:    531
The total CPU time of heuristic: 0.0036359999997159775
The total CPU time of A*:        0.24638300000000868
The type of heuristic:           Adimissible
-----------path-----------
1: [[1, 6, 7, 2, 5, 3, 4, 0], [], []]
2: [[1, 6, 7, 2, 5, 3, 4], [0], []]
3: [[1, 6, 7, 2, 5, 3], [0], [4]]
4: [[1, 6, 7, 2, 5], [0, 3], [4]]
5: [[1, 6, 7, 2, 5], [0, 3, 4], []]
6: [[1, 6, 7, 2], [0, 3, 4, 5], []]
7: [[1, 6, 7], [0, 3, 4, 5], [2]]
8: [[1, 6], [0, 3, 4, 5, 7], [2]]
9: [[1], [0, 3, 4, 5, 7, 6], [2]]
10: [[], [0, 3, 4, 5, 7, 6], [2, 1]]
11: [[], [0, 3, 4, 5, 7], [2, 1, 6]]
12: [[7], [0, 3, 4, 5], [2, 1, 6]]
13: [[7, 6], [0, 3, 4, 5], [2, 1]]
14: [[7, 6, 5], [0, 3, 4], [2, 1]]
15: [[7, 6, 5, 4], [0, 3], [2, 1]]
16: [[7, 6, 5, 4, 3], [0], [2, 1]]
17: [[7, 6, 5, 4, 3], [0, 1], [2]]
18: [[7, 6, 5, 4, 3, 2], [0, 1], []]
19: [[7, 6, 5, 4, 3, 2, 1], [0], []]
20: [[7, 6, 5, 4, 3, 2, 1, 0], [], []]
--------------------------

The beam width:                  20
The length of solution:          20
The number of nodes expanded:    517
The total CPU time of heuristic: 0.003369999999392803
The total CPU time of A*:        0.23195799999999167
The type of heuristic:           Adimissible
-----------path-----------
1: [[3, 4, 6, 5, 2, 1, 7, 0], [], []]
2: [[3, 4, 6, 5, 2, 1, 7], [], [0]]
3: [[3, 4, 6, 5, 2, 1], [7], [0]]
4: [[3, 4, 6, 5, 2], [7], [0, 1]]
5: [[3, 4, 6, 5, 2], [], [0, 1, 7]]
6: [[3, 4, 6, 5], [2], [0, 1, 7]]
7: [[3, 4, 6], [2, 5], [0, 1, 7]]
8: [[3, 4], [2, 5, 6], [0, 1, 7]]
9: [[3], [2, 5, 6, 4], [0, 1, 7]]
10: [[], [2, 5, 6, 4, 3], [0, 1, 7]]
11: [[7], [2, 5, 6, 4, 3], [0, 1]]
12: [[7], [2, 5, 6, 4], [0, 1, 3]]
13: [[7], [2, 5, 6], [0, 1, 3, 4]]
14: [[7, 6], [2, 5], [0, 1, 3, 4]]
15: [[7, 6, 5], [2], [0, 1, 3, 4]]
16: [[7, 6, 5, 4], [2], [0, 1, 3]]
17: [[7, 6, 5, 4, 3], [2], [0, 1]]
18: [[7, 6, 5, 4, 3, 2], [], [0, 1]]
19: [[7, 6, 5, 4, 3, 2, 1], [], [0]]
20: [[7, 6, 5, 4, 3, 2, 1, 0], [], []]
--------------------------

The beam width:                  20
The length of solution:          18
The number of nodes expanded:    459
The total CPU time of heuristic: 0.003047000000492517
The total CPU time of A*:        0.1861509999999953
The type of heuristic:           Adimissible
-----------path-----------
1: [[7, 2, 3, 0, 6, 1, 4, 5], [], []]
2: [[7, 2, 3, 0, 6, 1, 4], [5], []]
3: [[7, 2, 3, 0, 6, 1], [5], [4]]
4: [[7, 2, 3, 0, 6, 1], [], [4, 5]]
5: [[7, 2, 3, 0, 6], [1], [4, 5]]
6: [[7, 2, 3, 0], [1], [4, 5, 6]]
7: [[7, 2, 3], [1, 0], [4, 5, 6]]
8: [[7, 2], [1, 0, 3], [4, 5, 6]]
9: [[7], [1, 0, 3, 2], [4, 5, 6]]
10: [[7, 6], [1, 0, 3, 2], [4, 5]]
11: [[7, 6, 5], [1, 0, 3, 2], [4]]
12: [[7, 6, 5, 4], [1, 0, 3, 2], []]
13: [[7, 6, 5, 4], [1, 0, 3], [2]]
14: [[7, 6, 5, 4, 3], [1, 0], [2]]
15: [[7, 6, 5, 4, 3, 2], [1, 0], []]
16: [[7, 6, 5, 4, 3, 2], [1], [0]]
17: [[7, 6, 5, 4, 3, 2, 1], [], [0]]
18: [[7, 6, 5, 4, 3, 2, 1, 0], [], []]
--------------------------

The beam width:                  20
The length of solution:          22
The number of nodes expanded:    612
The total CPU time of heuristic: 0.0044830000002775705
The total CPU time of A*:        0.338185999999979
The type of heuristic:           Adimissible
-----------path-----------
1: [[3, 7, 6, 0, 4, 1, 5, 2], [], []]
2: [[3, 7, 6, 0, 4, 1, 5], [], [2]]
3: [[3, 7, 6, 0, 4, 1], [], [2, 5]]
4: [[3, 7, 6, 0, 4], [1], [2, 5]]
5: [[3, 7, 6, 0], [1, 4], [2, 5]]
6: [[3, 7, 6], [1, 4, 0], [2, 5]]
7: [[3, 7], [1, 4, 0], [2, 5, 6]]
8: [[3], [1, 4, 0], [2, 5, 6, 7]]
9: [[], [1, 4, 0, 3], [2, 5, 6, 7]]
10: [[7], [1, 4, 0, 3], [2, 5, 6]]
11: [[7, 6], [1, 4, 0, 3], [2, 5]]
12: [[7, 6, 5], [1, 4, 0, 3], [2]]
13: [[7, 6, 5], [1, 4, 0], [2, 3]]
14: [[7, 6, 5, 0], [1, 4], [2, 3]]
15: [[7, 6, 5, 0], [1], [2, 3, 4]]
16: [[7, 6, 5], [1, 0], [2, 3, 4]]
17: [[7, 6, 5, 4], [1, 0], [2, 3]]
18: [[7, 6, 5, 4, 3], [1, 0], [2]]
19: [[7, 6, 5, 4, 3, 2], [1, 0], []]
20: [[7, 6, 5, 4, 3, 2], [1], [0]]
21: [[7, 6, 5, 4, 3, 2, 1], [], [0]]
22: [[7, 6, 5, 4, 3, 2, 1, 0], [], []]
--------------------------

The beam width:                  20
The length of solution:          25
The number of nodes expanded:    762
The total CPU time of heuristic: 0.005304999999452775
The total CPU time of A*:        0.4607519999999852
The type of heuristic:           Adimissible
-----------path-----------
1: [[3, 4, 0, 2, 6, 1, 5, 7], [], []]
2: [[3, 4, 0, 2, 6, 1, 5], [], [7]]
3: [[3, 4, 0, 2, 6, 1], [], [7, 5]]
4: [[3, 4, 0, 2, 6], [1], [7, 5]]
5: [[3, 4, 0, 2, 6], [1, 5], [7]]
6: [[3, 4, 0, 2], [1, 5, 6], [7]]
7: [[3, 4, 0], [1, 5, 6, 2], [7]]
8: [[3, 4], [1, 5, 6, 2, 0], [7]]
9: [[3], [1, 5, 6, 2, 0, 4], [7]]
10: [[], [1, 5, 6, 2, 0, 4, 3], [7]]
11: [[7], [1, 5, 6, 2, 0, 4, 3], []]
12: [[7, 3], [1, 5, 6, 2, 0, 4], []]
13: [[7, 3, 4], [1, 5, 6, 2, 0], []]
14: [[7, 3, 4], [1, 5, 6, 2], [0]]
15: [[7, 3, 4], [1, 5, 6], [0, 2]]
16: [[7, 3], [1, 5, 6, 4], [0, 2]]
17: [[7], [1, 5, 6, 4], [0, 2, 3]]
18: [[7], [1, 5, 6], [0, 2, 3, 4]]
19: [[7, 6], [1, 5], [0, 2, 3, 4]]
20: [[7, 6, 5], [1], [0, 2, 3, 4]]
21: [[7, 6, 5, 4], [1], [0, 2, 3]]
22: [[7, 6, 5, 4, 3], [1], [0, 2]]
23: [[7, 6, 5, 4, 3, 2], [1], [0]]
24: [[7, 6, 5, 4, 3, 2, 1], [], [0]]
25: [[7, 6, 5, 4, 3, 2, 1, 0], [], []]
--------------------------

The beam width:                  20
The length of solution:          18
The number of nodes expanded:    451
The total CPU time of heuristic: 0.0032080000005692
The total CPU time of A*:        0.19051700000002825
The type of heuristic:           Adimissible
-----------path-----------
1: [[7, 1, 2, 3, 4, 6, 5, 0], [], []]
2: [[7, 1, 2, 3, 4, 6, 5], [], [0]]
3: [[7, 1, 2, 3, 4, 6], [], [0, 5]]
4: [[7, 1, 2, 3, 4], [], [0, 5, 6]]
5: [[7, 1, 2, 3], [4], [0, 5, 6]]
6: [[7, 1, 2], [4, 3], [0, 5, 6]]
7: [[7, 1], [4, 3, 2], [0, 5, 6]]
8: [[7], [4, 3, 2, 1], [0, 5, 6]]
9: [[7, 6], [4, 3, 2, 1], [0, 5]]
10: [[7, 6, 5], [4, 3, 2, 1], [0]]
11: [[7, 6, 5], [4, 3, 2], [0, 1]]
12: [[7, 6, 5], [4, 3], [0, 1, 2]]
13: [[7, 6, 5], [4], [0, 1, 2, 3]]
14: [[7, 6, 5, 4], [], [0, 1, 2, 3]]
15: [[7, 6, 5, 4, 3], [], [0, 1, 2]]
16: [[7, 6, 5, 4, 3, 2], [], [0, 1]]
17: [[7, 6, 5, 4, 3, 2, 1], [], [0]]
18: [[7, 6, 5, 4, 3, 2, 1, 0], [], []]
--------------------------

The beam width:                  20
The length of solution:          22
The number of nodes expanded:    775
The total CPU time of heuristic: 0.005702999999982694
The total CPU time of A*:        0.47811000000001513
The type of heuristic:           Adimissible
-----------path-----------
1: [[0, 6, 7, 5, 3, 1, 4, 2], [], []]
2: [[0, 6, 7, 5, 3, 1, 4], [2], []]
3: [[0, 6, 7, 5, 3, 1], [2, 4], []]
4: [[0, 6, 7, 5, 3], [2, 4], [1]]
5: [[0, 6, 7, 5, 3], [2], [1, 4]]
6: [[0, 6, 7, 5], [2, 3], [1, 4]]
7: [[0, 6, 7], [2, 3], [1, 4, 5]]
8: [[0, 6], [2, 3, 7], [1, 4, 5]]
9: [[0], [2, 3, 7, 6], [1, 4, 5]]
10: [[], [2, 3, 7, 6], [1, 4, 5, 0]]
11: [[], [2, 3, 7], [1, 4, 5, 0, 6]]
12: [[7], [2, 3], [1, 4, 5, 0, 6]]
13: [[7, 6], [2, 3], [1, 4, 5, 0]]
14: [[7, 6], [2, 3, 0], [1, 4, 5]]
15: [[7, 6, 5], [2, 3, 0], [1, 4]]
16: [[7, 6, 5, 4], [2, 3, 0], [1]]
17: [[7, 6, 5, 4], [2, 3], [1, 0]]
18: [[7, 6, 5, 4, 3], [2], [1, 0]]
19: [[7, 6, 5, 4, 3, 2], [], [1, 0]]
20: [[7, 6, 5, 4, 3, 2], [0], [1]]
21: [[7, 6, 5, 4, 3, 2, 1], [0], []]
22: [[7, 6, 5, 4, 3, 2, 1, 0], [], []]
--------------------------

The beam width:                  20
The length of solution:          19
The number of nodes expanded:    273
The total CPU time of heuristic: 0.0018039999998791245
The total CPU time of A*:        0.09243800000001556
The type of heuristic:           Adimissible
-----------path-----------
1: [[5, 7, 3, 0, 2, 4, 1, 6], [], []]
2: [[5, 7, 3, 0, 2, 4, 1], [], [6]]
3: [[5, 7, 3, 0, 2, 4], [1], [6]]
4: [[5, 7, 3, 0, 2], [1, 4], [6]]
5: [[5, 7, 3, 0, 2], [1, 4, 6], []]
6: [[5, 7, 3, 0], [1, 4, 6, 2], []]
7: [[5, 7, 3], [1, 4, 6, 2], [0]]
8: [[5, 7, 3], [1, 4, 6], [0, 2]]
9: [[5, 7], [1, 4, 6], [0, 2, 3]]
10: [[5], [1, 4, 6, 7], [0, 2, 3]]
11: [[], [1, 4, 6, 7], [0, 2, 3, 5]]
12: [[7], [1, 4, 6], [0, 2, 3, 5]]
13: [[7, 6], [1, 4], [0, 2, 3, 5]]
14: [[7, 6, 5], [1, 4], [0, 2, 3]]
15: [[7, 6, 5, 4], [1], [0, 2, 3]]
16: [[7, 6, 5, 4, 3], [1], [0, 2]]
17: [[7, 6, 5, 4, 3, 2], [1], [0]]
18: [[7, 6, 5, 4, 3, 2, 1], [], [0]]
19: [[7, 6, 5, 4, 3, 2, 1, 0], [], []]
--------------------------

