The beam width:                  10
The length of solution:          26
The number of nodes expanded:    503
The total CPU time of heuristic: 0.003497999999694912
The total CPU time of A*:        0.2928149999999903
The type of heuristic:           Adimissible
-----------path-----------
1: [[7, 6, 3, 0, 5, 8, 2, 1, 4], [], []]
2: [[7, 6, 3, 0, 5, 8, 2, 1], [], [4]]
3: [[7, 6, 3, 0, 5, 8, 2], [1], [4]]
4: [[7, 6, 3, 0, 5, 8, 2], [1, 4], []]
5: [[7, 6, 3, 0, 5, 8], [1, 4], [2]]
6: [[7, 6, 3, 0, 5], [1, 4], [2, 8]]
7: [[7, 6, 3, 0], [1, 4, 5], [2, 8]]
8: [[7, 6, 3], [1, 4, 5, 0], [2, 8]]
9: [[7, 6], [1, 4, 5, 0, 3], [2, 8]]
10: [[7], [1, 4, 5, 0, 3, 6], [2, 8]]
11: [[], [1, 4, 5, 0, 3, 6, 7], [2, 8]]
12: [[8], [1, 4, 5, 0, 3, 6, 7], [2]]
13: [[8, 7], [1, 4, 5, 0, 3, 6], [2]]
14: [[8, 7, 6], [1, 4, 5, 0, 3], [2]]
15: [[8, 7, 6, 2], [1, 4, 5, 0, 3], []]
16: [[8, 7, 6, 2, 3], [1, 4, 5, 0], []]
17: [[8, 7, 6, 2, 3], [1, 4, 5], [0]]
18: [[8, 7, 6, 2], [1, 4, 5, 3], [0]]
19: [[8, 7, 6], [1, 4, 5, 3], [0, 2]]
20: [[8, 7, 6], [1, 4, 5], [0, 2, 3]]
21: [[8, 7, 6, 5], [1, 4], [0, 2, 3]]
22: [[8, 7, 6, 5, 4], [1], [0, 2, 3]]
23: [[8, 7, 6, 5, 4, 3], [1], [0, 2]]
24: [[8, 7, 6, 5, 4, 3, 2], [1], [0]]
25: [[8, 7, 6, 5, 4, 3, 2, 1], [], [0]]
26: [[8, 7, 6, 5, 4, 3, 2, 1, 0], [], []]
--------------------------

The beam width:                  10
The length of solution:          28
The number of nodes expanded:    531
The total CPU time of heuristic: 0.0038349999998388284
The total CPU time of A*:        0.32338900000002013
The type of heuristic:           Adimissible
-----------path-----------
1: [[2, 7, 6, 3, 4, 5, 8, 1, 0], [], []]
2: [[2, 7, 6, 3, 4, 5, 8, 1], [], [0]]
3: [[2, 7, 6, 3, 4, 5, 8], [1], [0]]
4: [[2, 7, 6, 3, 4, 5], [1, 8], [0]]
5: [[2, 7, 6, 3, 4], [1, 8, 5], [0]]
6: [[2, 7, 6, 3], [1, 8, 5], [0, 4]]
7: [[2, 7, 6, 3], [1, 8], [0, 4, 5]]
8: [[2, 7, 6], [1, 8, 3], [0, 4, 5]]
9: [[2, 7], [1, 8, 3], [0, 4, 5, 6]]
10: [[2], [1, 8, 3], [0, 4, 5, 6, 7]]
11: [[], [1, 8, 3, 2], [0, 4, 5, 6, 7]]
12: [[7], [1, 8, 3, 2], [0, 4, 5, 6]]
13: [[7, 2], [1, 8, 3], [0, 4, 5, 6]]
14: [[7, 2, 3], [1, 8], [0, 4, 5, 6]]
15: [[7, 2, 3], [1], [0, 4, 5, 6, 8]]
16: [[7, 2], [1, 3], [0, 4, 5, 6, 8]]
17: [[7], [1, 3, 2], [0, 4, 5, 6, 8]]
18: [[], [1, 3, 2, 7], [0, 4, 5, 6, 8]]
19: [[8], [1, 3, 2, 7], [0, 4, 5, 6]]
20: [[8, 7], [1, 3, 2], [0, 4, 5, 6]]
21: [[8, 7, 6], [1, 3, 2], [0, 4, 5]]
22: [[8, 7, 6, 5], [1, 3, 2], [0, 4]]
23: [[8, 7, 6, 5, 4], [1, 3, 2], [0]]
24: [[8, 7, 6, 5, 4], [1, 3], [0, 2]]
25: [[8, 7, 6, 5, 4, 3], [1], [0, 2]]
26: [[8, 7, 6, 5, 4, 3, 2], [1], [0]]
27: [[8, 7, 6, 5, 4, 3, 2, 1], [], [0]]
28: [[8, 7, 6, 5, 4, 3, 2, 1, 0], [], []]
--------------------------

The beam width:                  10
The length of solution:          22
The number of nodes expanded:    313
The total CPU time of heuristic: 0.002357999999759386
The total CPU time of A*:        0.13670400000000882
The type of heuristic:           Adimissible
-----------path-----------
1: [[7, 3, 5, 2, 6, 8, 1, 0, 4], [], []]
2: [[7, 3, 5, 2, 6, 8, 1, 0], [], [4]]
3: [[7, 3, 5, 2, 6, 8, 1], [0], [4]]
4: [[7, 3, 5, 2, 6, 8, 1], [0, 4], []]
5: [[7, 3, 5, 2, 6, 8], [0, 4], [1]]
6: [[7, 3, 5, 2, 6], [0, 4, 8], [1]]
7: [[7, 3, 5, 2], [0, 4, 8, 6], [1]]
8: [[7, 3, 5], [0, 4, 8, 6], [1, 2]]
9: [[7, 3], [0, 4, 8, 6, 5], [1, 2]]
10: [[7], [0, 4, 8, 6, 5], [1, 2, 3]]
11: [[7], [0, 4, 8, 6], [1, 2, 3, 5]]
12: [[7], [0, 4, 8], [1, 2, 3, 5, 6]]
13: [[], [0, 4, 8], [1, 2, 3, 5, 6, 7]]
14: [[8], [0, 4], [1, 2, 3, 5, 6, 7]]
15: [[8, 7], [0, 4], [1, 2, 3, 5, 6]]
16: [[8, 7, 6], [0, 4], [1, 2, 3, 5]]
17: [[8, 7, 6, 5], [0, 4], [1, 2, 3]]
18: [[8, 7, 6, 5, 4], [0], [1, 2, 3]]
19: [[8, 7, 6, 5, 4, 3], [0], [1, 2]]
20: [[8, 7, 6, 5, 4, 3, 2], [0], [1]]
21: [[8, 7, 6, 5, 4, 3, 2, 1], [0], []]
22: [[8, 7, 6, 5, 4, 3, 2, 1, 0], [], []]
--------------------------

The beam width:                  10
The length of solution:          27
The number of nodes expanded:    461
The total CPU time of heuristic: 0.00301799999965624
The total CPU time of A*:        0.24047000000001617
The type of heuristic:           Adimissible
-----------path-----------
1: [[5, 7, 2, 1, 3, 4, 6, 0, 8], [], []]
2: [[5, 7, 2, 1, 3, 4, 6, 0], [8], []]
3: [[5, 7, 2, 1, 3, 4, 6], [8], [0]]
4: [[5, 7, 2, 1, 3, 4], [8], [0, 6]]
5: [[5, 7, 2, 1, 3, 4], [], [0, 6, 8]]
6: [[5, 7, 2, 1, 3], [4], [0, 6, 8]]
7: [[5, 7, 2, 1], [4, 3], [0, 6, 8]]
8: [[5, 7, 2], [4, 3, 1], [0, 6, 8]]
9: [[5, 7], [4, 3, 1, 2], [0, 6, 8]]
10: [[5], [4, 3, 1, 2, 7], [0, 6, 8]]
11: [[], [4, 3, 1, 2, 7, 5], [0, 6, 8]]
12: [[8], [4, 3, 1, 2, 7, 5], [0, 6]]
13: [[8, 5], [4, 3, 1, 2, 7], [0, 6]]
14: [[8, 5], [4, 3, 1, 2], [0, 6, 7]]
15: [[8], [4, 3, 1, 2, 5], [0, 6, 7]]
16: [[8, 7], [4, 3, 1, 2, 5], [0, 6]]
17: [[8, 7, 6], [4, 3, 1, 2, 5], [0]]
18: [[8, 7, 6, 5], [4, 3, 1, 2], [0]]
19: [[8, 7, 6, 5, 2], [4, 3, 1], [0]]
20: [[8, 7, 6, 5, 2], [4, 3], [0, 1]]
21: [[8, 7, 6, 5], [4, 3], [0, 1, 2]]
22: [[8, 7, 6, 5], [4], [0, 1, 2, 3]]
23: [[8, 7, 6, 5, 4], [], [0, 1, 2, 3]]
24: [[8, 7, 6, 5, 4, 3], [], [0, 1, 2]]
25: [[8, 7, 6, 5, 4, 3, 2], [], [0, 1]]
26: [[8, 7, 6, 5, 4, 3, 2, 1], [], [0]]
27: [[8, 7, 6, 5, 4, 3, 2, 1, 0], [], []]
--------------------------

The beam width:                  10
The length of solution:          28
The number of nodes expanded:    532
The total CPU time of heuristic: 0.003796000000335198
The total CPU time of A*:        0.3204899999999782
The type of heuristic:           Adimissible
-----------path-----------
1: [[6, 0, 2, 8, 3, 5, 1, 7, 4], [], []]
2: [[6, 0, 2, 8, 3, 5, 1, 7], [], [4]]
3: [[6, 0, 2, 8, 3, 5, 1], [], [4, 7]]
4: [[6, 0, 2, 8, 3, 5], [1], [4, 7]]
5: [[6, 0, 2, 8, 3], [1, 5], [4, 7]]
6: [[6, 0, 2, 8], [1, 5, 3], [4, 7]]
7: [[6, 0, 2], [1, 5, 3], [4, 7, 8]]
8: [[6, 0], [1, 5, 3, 2], [4, 7, 8]]
9: [[6], [1, 5, 3, 2, 0], [4, 7, 8]]
10: [[], [1, 5, 3, 2, 0, 6], [4, 7, 8]]
11: [[8], [1, 5, 3, 2, 0, 6], [4, 7]]
12: [[8, 7], [1, 5, 3, 2, 0, 6], [4]]
13: [[8, 7, 6], [1, 5, 3, 2, 0], [4]]
14: [[8, 7, 6, 0], [1, 5, 3, 2], [4]]
15: [[8, 7, 6, 0, 2], [1, 5, 3], [4]]
16: [[8, 7, 6, 0, 2, 3], [1, 5], [4]]
17: [[8, 7, 6, 0, 2, 3], [1], [4, 5]]
18: [[8, 7, 6, 0, 2], [1, 3], [4, 5]]
19: [[8, 7, 6, 0], [1, 3, 2], [4, 5]]
20: [[8, 7, 6], [1, 3, 2, 0], [4, 5]]
21: [[8, 7, 6, 5], [1, 3, 2, 0], [4]]
22: [[8, 7, 6, 5, 4], [1, 3, 2, 0], []]
23: [[8, 7, 6, 5, 4], [1, 3, 2], [0]]
24: [[8, 7, 6, 5, 4], [1, 3], [0, 2]]
25: [[8, 7, 6, 5, 4, 3], [1], [0, 2]]
26: [[8, 7, 6, 5, 4, 3, 2], [1], [0]]
27: [[8, 7, 6, 5, 4, 3, 2, 1], [], [0]]
28: [[8, 7, 6, 5, 4, 3, 2, 1, 0], [], []]
--------------------------

The beam width:                  10
The length of solution:          20
The number of nodes expanded:    258
The total CPU time of heuristic: 0.0018530000001248936
The total CPU time of A*:        0.10214600000000473
The type of heuristic:           Adimissible
-----------path-----------
1: [[7, 5, 8, 2, 6, 4, 0, 1, 3], [], []]
2: [[7, 5, 8, 2, 6, 4, 0, 1], [], [3]]
3: [[7, 5, 8, 2, 6, 4, 0], [1], [3]]
4: [[7, 5, 8, 2, 6, 4, 0], [1, 3], []]
5: [[7, 5, 8, 2, 6, 4], [1, 3], [0]]
6: [[7, 5, 8, 2, 6], [1, 3, 4], [0]]
7: [[7, 5, 8, 2], [1, 3, 4, 6], [0]]
8: [[7, 5, 8], [1, 3, 4, 6], [0, 2]]
9: [[7, 5], [1, 3, 4, 6, 8], [0, 2]]
10: [[7], [1, 3, 4, 6, 8], [0, 2, 5]]
11: [[], [1, 3, 4, 6, 8], [0, 2, 5, 7]]
12: [[8], [1, 3, 4, 6], [0, 2, 5, 7]]
13: [[8, 7], [1, 3, 4, 6], [0, 2, 5]]
14: [[8, 7, 6], [1, 3, 4], [0, 2, 5]]
15: [[8, 7, 6, 5], [1, 3, 4], [0, 2]]
16: [[8, 7, 6, 5, 4], [1, 3], [0, 2]]
17: [[8, 7, 6, 5, 4, 3], [1], [0, 2]]
18: [[8, 7, 6, 5, 4, 3, 2], [1], [0]]
19: [[8, 7, 6, 5, 4, 3, 2, 1], [], [0]]
20: [[8, 7, 6, 5, 4, 3, 2, 1, 0], [], []]
--------------------------

The beam width:                  10
The length of solution:          27
The number of nodes expanded:    622
The total CPU time of heuristic: 0.004430999999357255
The total CPU time of A*:        0.3988300000000038
The type of heuristic:           Adimissible
-----------path-----------
1: [[8, 5, 0, 3, 6, 7, 2, 4, 1], [], []]
2: [[8, 5, 0, 3, 6, 7, 2, 4], [], [1]]
3: [[8, 5, 0, 3, 6, 7, 2], [4], [1]]
4: [[8, 5, 0, 3, 6, 7], [4], [1, 2]]
5: [[8, 5, 0, 3, 6], [4], [1, 2, 7]]
6: [[8, 5, 0, 3], [4, 6], [1, 2, 7]]
7: [[8, 5, 0], [4, 6, 3], [1, 2, 7]]
8: [[8, 5], [4, 6, 3, 0], [1, 2, 7]]
9: [[8], [4, 6, 3, 0, 5], [1, 2, 7]]
10: [[8, 7], [4, 6, 3, 0, 5], [1, 2]]
11: [[8, 7, 5], [4, 6, 3, 0], [1, 2]]
12: [[8, 7, 5, 0], [4, 6, 3], [1, 2]]
13: [[8, 7, 5, 0], [4, 6], [1, 2, 3]]
14: [[8, 7, 5], [4, 6, 0], [1, 2, 3]]
15: [[8, 7], [4, 6, 0], [1, 2, 3, 5]]
16: [[8, 7, 0], [4, 6], [1, 2, 3, 5]]
17: [[8, 7, 0], [4], [1, 2, 3, 5, 6]]
18: [[8, 7], [4, 0], [1, 2, 3, 5, 6]]
19: [[8, 7, 6], [4, 0], [1, 2, 3, 5]]
20: [[8, 7, 6, 5], [4, 0], [1, 2, 3]]
21: [[8, 7, 6, 5], [4], [1, 2, 3, 0]]
22: [[8, 7, 6, 5, 4], [], [1, 2, 3, 0]]
23: [[8, 7, 6, 5, 4], [0], [1, 2, 3]]
24: [[8, 7, 6, 5, 4, 3], [0], [1, 2]]
25: [[8, 7, 6, 5, 4, 3, 2], [0], [1]]
26: [[8, 7, 6, 5, 4, 3, 2, 1], [0], []]
27: [[8, 7, 6, 5, 4, 3, 2, 1, 0], [], []]
--------------------------

The beam width:                  10
The length of solution:          24
The number of nodes expanded:    325
The total CPU time of heuristic: 0.0021919999998090134
The total CPU time of A*:        0.13974999999999227
The type of heuristic:           Adimissible
-----------path-----------
1: [[7, 5, 3, 2, 6, 0, 4, 1, 8], [], []]
2: [[7, 5, 3, 2, 6, 0, 4, 1], [], [8]]
3: [[7, 5, 3, 2, 6, 0, 4], [1], [8]]
4: [[7, 5, 3, 2, 6, 0, 4], [1, 8], []]
5: [[7, 5, 3, 2, 6, 0], [1, 8, 4], []]
6: [[7, 5, 3, 2, 6], [1, 8, 4], [0]]
7: [[7, 5, 3, 2], [1, 8, 4, 6], [0]]
8: [[7, 5, 3], [1, 8, 4, 6], [0, 2]]
9: [[7, 5], [1, 8, 4, 6], [0, 2, 3]]
10: [[7], [1, 8, 4, 6], [0, 2, 3, 5]]
11: [[7], [1, 8, 4], [0, 2, 3, 5, 6]]
12: [[], [1, 8, 4], [0, 2, 3, 5, 6, 7]]
13: [[4], [1, 8], [0, 2, 3, 5, 6, 7]]
14: [[4], [1], [0, 2, 3, 5, 6, 7, 8]]
15: [[], [1, 4], [0, 2, 3, 5, 6, 7, 8]]
16: [[8], [1, 4], [0, 2, 3, 5, 6, 7]]
17: [[8, 7], [1, 4], [0, 2, 3, 5, 6]]
18: [[8, 7, 6], [1, 4], [0, 2, 3, 5]]
19: [[8, 7, 6, 5], [1, 4], [0, 2, 3]]
20: [[8, 7, 6, 5, 4], [1], [0, 2, 3]]
21: [[8, 7, 6, 5, 4, 3], [1], [0, 2]]
22: [[8, 7, 6, 5, 4, 3, 2], [1], [0]]
23: [[8, 7, 6, 5, 4, 3, 2, 1], [], [0]]
24: [[8, 7, 6, 5, 4, 3, 2, 1, 0], [], []]
--------------------------

The beam width:                  10
The length of solution:          25
The number of nodes expanded:    419
The total CPU time of heuristic: 0.002736000000140848
The total CPU time of A*:        0.19582900000003178
The type of heuristic:           Adimissible
-----------path-----------
1: [[0, 1, 4, 8, 2, 6, 7, 3, 5], [], []]
2: [[0, 1, 4, 8, 2, 6, 7, 3], [], [5]]
3: [[0, 1, 4, 8, 2, 6, 7], [3], [5]]
4: [[0, 1, 4, 8, 2, 6, 7], [3, 5], []]
5: [[0, 1, 4, 8, 2, 6], [3, 5], [7]]
6: [[0, 1, 4, 8, 2], [3, 5, 6], [7]]
7: [[0, 1, 4, 8], [3, 5, 6, 2], [7]]
8: [[0, 1, 4], [3, 5, 6, 2], [7, 8]]
9: [[0, 1], [3, 5, 6, 2, 4], [7, 8]]
10: [[0], [3, 5, 6, 2, 4, 1], [7, 8]]
11: [[], [3, 5, 6, 2, 4, 1, 0], [7, 8]]
12: [[8], [3, 5, 6, 2, 4, 1, 0], [7]]
13: [[8, 7], [3, 5, 6, 2, 4, 1, 0], []]
14: [[8, 7], [3, 5, 6, 2, 4, 1], [0]]
15: [[8, 7], [3, 5, 6, 2, 4], [0, 1]]
16: [[8, 7, 4], [3, 5, 6, 2], [0, 1]]
17: [[8, 7, 4], [3, 5, 6], [0, 1, 2]]
18: [[8, 7], [3, 5, 6], [0, 1, 2, 4]]
19: [[8, 7, 6], [3, 5], [0, 1, 2, 4]]
20: [[8, 7, 6, 5], [3], [0, 1, 2, 4]]
21: [[8, 7, 6, 5, 4], [3], [0, 1, 2]]
22: [[8, 7, 6, 5, 4, 3], [], [0, 1, 2]]
23: [[8, 7, 6, 5, 4, 3, 2], [], [0, 1]]
24: [[8, 7, 6, 5, 4, 3, 2, 1], [], [0]]
25: [[8, 7, 6, 5, 4, 3, 2, 1, 0], [], []]
--------------------------

The beam width:                  10
The length of solution:          22
The number of nodes expanded:    307
The total CPU time of heuristic: 0.002145999999839887
The total CPU time of A*:        0.12991199999999026
The type of heuristic:           Adimissible
-----------path-----------
1: [[6, 2, 4, 5, 8, 3, 0, 7, 1], [], []]
2: [[6, 2, 4, 5, 8, 3, 0, 7], [1], []]
3: [[6, 2, 4, 5, 8, 3, 0], [1, 7], []]
4: [[6, 2, 4, 5, 8, 3], [1, 7], [0]]
5: [[6, 2, 4, 5, 8, 3], [1], [0, 7]]
6: [[6, 2, 4, 5, 8], [1, 3], [0, 7]]
7: [[6, 2, 4, 5], [1, 3], [0, 7, 8]]
8: [[6, 2, 4], [1, 3, 5], [0, 7, 8]]
9: [[6, 2], [1, 3, 5, 4], [0, 7, 8]]
10: [[6], [1, 3, 5, 4, 2], [0, 7, 8]]
11: [[], [1, 3, 5, 4, 2, 6], [0, 7, 8]]
12: [[8], [1, 3, 5, 4, 2, 6], [0, 7]]
13: [[8, 7], [1, 3, 5, 4, 2, 6], [0]]
14: [[8, 7, 6], [1, 3, 5, 4, 2], [0]]
15: [[8, 7, 6], [1, 3, 5, 4], [0, 2]]
16: [[8, 7, 6], [1, 3, 5], [0, 2, 4]]
17: [[8, 7, 6, 5], [1, 3], [0, 2, 4]]
18: [[8, 7, 6, 5, 4], [1, 3], [0, 2]]
19: [[8, 7, 6, 5, 4, 3], [1], [0, 2]]
20: [[8, 7, 6, 5, 4, 3, 2], [1], [0]]
21: [[8, 7, 6, 5, 4, 3, 2, 1], [], [0]]
22: [[8, 7, 6, 5, 4, 3, 2, 1, 0], [], []]
--------------------------

The beam width:                  10
The length of solution:          24
The number of nodes expanded:    379
The total CPU time of heuristic: 0.002790000000004511
The total CPU time of A*:        0.19317399999997065
The type of heuristic:           Adimissible
-----------path-----------
1: [[5, 1, 3, 8, 2, 0, 4, 7, 6], [], []]
2: [[5, 1, 3, 8, 2, 0, 4, 7], [], [6]]
3: [[5, 1, 3, 8, 2, 0, 4], [], [6, 7]]
4: [[5, 1, 3, 8, 2, 0], [], [6, 7, 4]]
5: [[5, 1, 3, 8, 2], [0], [6, 7, 4]]
6: [[5, 1, 3, 8, 2], [0, 4], [6, 7]]
7: [[5, 1, 3, 8], [0, 4, 2], [6, 7]]
8: [[5, 1, 3], [0, 4, 2], [6, 7, 8]]
9: [[5, 1], [0, 4, 2, 3], [6, 7, 8]]
10: [[5], [0, 4, 2, 3, 1], [6, 7, 8]]
11: [[], [0, 4, 2, 3, 1, 5], [6, 7, 8]]
12: [[8], [0, 4, 2, 3, 1, 5], [6, 7]]
13: [[8, 7], [0, 4, 2, 3, 1, 5], [6]]
14: [[8, 7, 6], [0, 4, 2, 3, 1, 5], []]
15: [[8, 7, 6, 5], [0, 4, 2, 3, 1], []]
16: [[8, 7, 6, 5], [0, 4, 2, 3], [1]]
17: [[8, 7, 6, 5, 3], [0, 4, 2], [1]]
18: [[8, 7, 6, 5, 3], [0, 4], [1, 2]]
19: [[8, 7, 6, 5], [0, 4], [1, 2, 3]]
20: [[8, 7, 6, 5, 4], [0], [1, 2, 3]]
21: [[8, 7, 6, 5, 4, 3], [0], [1, 2]]
22: [[8, 7, 6, 5, 4, 3, 2], [0], [1]]
23: [[8, 7, 6, 5, 4, 3, 2, 1], [0], []]
24: [[8, 7, 6, 5, 4, 3, 2, 1, 0], [], []]
--------------------------

The beam width:                  10
The length of solution:          25
The number of nodes expanded:    385
The total CPU time of heuristic: 0.0026789999998868552
The total CPU time of A*:        0.1855239999999867
The type of heuristic:           Adimissible
-----------path-----------
1: [[6, 2, 1, 3, 4, 5, 7, 8, 0], [], []]
2: [[6, 2, 1, 3, 4, 5, 7, 8], [0], []]
3: [[6, 2, 1, 3, 4, 5, 7], [0, 8], []]
4: [[6, 2, 1, 3, 4, 5], [0, 8], [7]]
5: [[6, 2, 1, 3, 4, 5], [0], [7, 8]]
6: [[6, 2, 1, 3, 4], [0, 5], [7, 8]]
7: [[6, 2, 1, 3], [0, 5, 4], [7, 8]]
8: [[6, 2, 1], [0, 5, 4, 3], [7, 8]]
9: [[6, 2], [0, 5, 4, 3, 1], [7, 8]]
10: [[6], [0, 5, 4, 3, 1, 2], [7, 8]]
11: [[], [0, 5, 4, 3, 1, 2, 6], [7, 8]]
12: [[8], [0, 5, 4, 3, 1, 2, 6], [7]]
13: [[8, 7], [0, 5, 4, 3, 1, 2, 6], []]
14: [[8, 7, 6], [0, 5, 4, 3, 1, 2], []]
15: [[8, 7, 6, 2], [0, 5, 4, 3, 1], []]
16: [[8, 7, 6, 2], [0, 5, 4, 3], [1]]
17: [[8, 7, 6], [0, 5, 4, 3], [1, 2]]
18: [[8, 7, 6], [0, 5, 4], [1, 2, 3]]
19: [[8, 7, 6], [0, 5], [1, 2, 3, 4]]
20: [[8, 7, 6, 5], [0], [1, 2, 3, 4]]
21: [[8, 7, 6, 5, 4], [0], [1, 2, 3]]
22: [[8, 7, 6, 5, 4, 3], [0], [1, 2]]
23: [[8, 7, 6, 5, 4, 3, 2], [0], [1]]
24: [[8, 7, 6, 5, 4, 3, 2, 1], [0], []]
25: [[8, 7, 6, 5, 4, 3, 2, 1, 0], [], []]
--------------------------

The beam width:                  10
The length of solution:          23
The number of nodes expanded:    411
The total CPU time of heuristic: 0.0028770000002396046
The total CPU time of A*:        0.19321400000001177
The type of heuristic:           Adimissible
-----------path-----------
1: [[8, 4, 0, 6, 2, 1, 7, 5, 3], [], []]
2: [[8, 4, 0, 6, 2, 1, 7, 5], [], [3]]
3: [[8, 4, 0, 6, 2, 1, 7], [], [3, 5]]
4: [[8, 4, 0, 6, 2, 1], [], [3, 5, 7]]
5: [[8, 4, 0, 6, 2], [1], [3, 5, 7]]
6: [[8, 4, 0, 6], [1, 2], [3, 5, 7]]
7: [[8, 4, 0], [1, 2, 6], [3, 5, 7]]
8: [[8, 4], [1, 2, 6, 0], [3, 5, 7]]
9: [[8], [1, 2, 6, 0, 4], [3, 5, 7]]
10: [[8, 7], [1, 2, 6, 0, 4], [3, 5]]
11: [[8, 7, 4], [1, 2, 6, 0], [3, 5]]
12: [[8, 7, 4, 0], [1, 2, 6], [3, 5]]
13: [[8, 7, 4, 0], [1, 2], [3, 5, 6]]
14: [[8, 7, 4], [1, 2, 0], [3, 5, 6]]
15: [[8, 7], [1, 2, 0, 4], [3, 5, 6]]
16: [[8, 7, 6], [1, 2, 0, 4], [3, 5]]
17: [[8, 7, 6, 5], [1, 2, 0, 4], [3]]
18: [[8, 7, 6, 5, 4], [1, 2, 0], [3]]
19: [[8, 7, 6, 5, 4, 3], [1, 2, 0], []]
20: [[8, 7, 6, 5, 4, 3], [1, 2], [0]]
21: [[8, 7, 6, 5, 4, 3, 2], [1], [0]]
22: [[8, 7, 6, 5, 4, 3, 2, 1], [], [0]]
23: [[8, 7, 6, 5, 4, 3, 2, 1, 0], [], []]
--------------------------

The beam width:                  10
The length of solution:          29
The number of nodes expanded:    670
The total CPU time of heuristic: 0.0046409999998218154
The total CPU time of A*:        0.4281639999999811
The type of heuristic:           Adimissible
-----------path-----------
1: [[2, 1, 8, 5, 6, 7, 3, 0, 4], [], []]
2: [[2, 1, 8, 5, 6, 7, 3, 0], [4], []]
3: [[2, 1, 8, 5, 6, 7, 3], [4], [0]]
4: [[2, 1, 8, 5, 6, 7, 3], [], [0, 4]]
5: [[2, 1, 8, 5, 6, 7], [3], [0, 4]]
6: [[2, 1, 8, 5, 6], [3, 7], [0, 4]]
7: [[2, 1, 8, 5], [3, 7, 6], [0, 4]]
8: [[2, 1, 8], [3, 7, 6], [0, 4, 5]]
9: [[2, 1], [3, 7, 6], [0, 4, 5, 8]]
10: [[2], [3, 7, 6, 1], [0, 4, 5, 8]]
11: [[], [3, 7, 6, 1, 2], [0, 4, 5, 8]]
12: [[8], [3, 7, 6, 1, 2], [0, 4, 5]]
13: [[8, 2], [3, 7, 6, 1], [0, 4, 5]]
14: [[8, 2, 1], [3, 7, 6], [0, 4, 5]]
15: [[8, 2, 1], [3, 7], [0, 4, 5, 6]]
16: [[8, 2, 1], [3], [0, 4, 5, 6, 7]]
17: [[8, 2], [3, 1], [0, 4, 5, 6, 7]]
18: [[8], [3, 1, 2], [0, 4, 5, 6, 7]]
19: [[8, 7], [3, 1, 2], [0, 4, 5, 6]]
20: [[8, 7, 6], [3, 1, 2], [0, 4, 5]]
21: [[8, 7, 6, 5], [3, 1, 2], [0, 4]]
22: [[8, 7, 6, 5, 4], [3, 1, 2], [0]]
23: [[8, 7, 6, 5, 4, 2], [3, 1], [0]]
24: [[8, 7, 6, 5, 4, 2], [3], [0, 1]]
25: [[8, 7, 6, 5, 4], [3], [0, 1, 2]]
26: [[8, 7, 6, 5, 4, 3], [], [0, 1, 2]]
27: [[8, 7, 6, 5, 4, 3, 2], [], [0, 1]]
28: [[8, 7, 6, 5, 4, 3, 2, 1], [], [0]]
29: [[8, 7, 6, 5, 4, 3, 2, 1, 0], [], []]
--------------------------

The beam width:                  10
The length of solution:          31
The number of nodes expanded:    672
The total CPU time of heuristic: 0.004696999999310947
The total CPU time of A*:        0.47180099999999925
The type of heuristic:           Adimissible
-----------path-----------
1: [[7, 5, 0, 3, 1, 4, 6, 8, 2], [], []]
2: [[7, 5, 0, 3, 1, 4, 6, 8], [2], []]
3: [[7, 5, 0, 3, 1, 4, 6], [2], [8]]
4: [[7, 5, 0, 3, 1, 4], [2], [8, 6]]
5: [[7, 5, 0, 3, 1], [2, 4], [8, 6]]
6: [[7, 5, 0, 3, 1], [2, 4, 6], [8]]
7: [[7, 5, 0, 3], [2, 4, 6, 1], [8]]
8: [[7, 5, 0], [2, 4, 6, 1, 3], [8]]
9: [[7, 5], [2, 4, 6, 1, 3, 0], [8]]
10: [[7], [2, 4, 6, 1, 3, 0, 5], [8]]
11: [[], [2, 4, 6, 1, 3, 0, 5, 7], [8]]
12: [[8], [2, 4, 6, 1, 3, 0, 5, 7], []]
13: [[8, 7], [2, 4, 6, 1, 3, 0, 5], []]
14: [[8, 7, 5], [2, 4, 6, 1, 3, 0], []]
15: [[8, 7, 5], [2, 4, 6, 1, 3], [0]]
16: [[8, 7, 5], [2, 4, 6, 1], [0, 3]]
17: [[8, 7], [2, 4, 6, 1], [0, 3, 5]]
18: [[8, 7, 1], [2, 4, 6], [0, 3, 5]]
19: [[8, 7, 1], [2, 4], [0, 3, 5, 6]]
20: [[8, 7], [2, 4, 1], [0, 3, 5, 6]]
21: [[8, 7, 6], [2, 4, 1], [0, 3, 5]]
22: [[8, 7, 6, 5], [2, 4, 1], [0, 3]]
23: [[8, 7, 6, 5, 1], [2, 4], [0, 3]]
24: [[8, 7, 6, 5, 1], [2], [0, 3, 4]]
25: [[8, 7, 6, 5], [2, 1], [0, 3, 4]]
26: [[8, 7, 6, 5, 4], [2, 1], [0, 3]]
27: [[8, 7, 6, 5, 4, 3], [2, 1], [0]]
28: [[8, 7, 6, 5, 4, 3], [2], [0, 1]]
29: [[8, 7, 6, 5, 4, 3, 2], [], [0, 1]]
30: [[8, 7, 6, 5, 4, 3, 2, 1], [], [0]]
31: [[8, 7, 6, 5, 4, 3, 2, 1, 0], [], []]
--------------------------

The beam width:                  10
The length of solution:          20
The number of nodes expanded:    257
The total CPU time of heuristic: 0.0018799999995167127
The total CPU time of A*:        0.09517200000001935
The type of heuristic:           Adimissible
-----------path-----------
1: [[8, 0, 1, 3, 7, 5, 4, 6, 2], [], []]
2: [[8, 0, 1, 3, 7, 5, 4, 6], [2], []]
3: [[8, 0, 1, 3, 7, 5, 4], [2], [6]]
4: [[8, 0, 1, 3, 7, 5], [2, 4], [6]]
5: [[8, 0, 1, 3, 7], [2, 4, 5], [6]]
6: [[8, 0, 1, 3], [2, 4, 5], [6, 7]]
7: [[8, 0, 1], [2, 4, 5, 3], [6, 7]]
8: [[8, 0], [2, 4, 5, 3, 1], [6, 7]]
9: [[8], [2, 4, 5, 3, 1, 0], [6, 7]]
10: [[8, 7], [2, 4, 5, 3, 1, 0], [6]]
11: [[8, 7, 6], [2, 4, 5, 3, 1, 0], []]
12: [[8, 7, 6], [2, 4, 5, 3, 1], [0]]
13: [[8, 7, 6], [2, 4, 5, 3], [0, 1]]
14: [[8, 7, 6], [2, 4, 5], [0, 1, 3]]
15: [[8, 7, 6, 5], [2, 4], [0, 1, 3]]
16: [[8, 7, 6, 5, 4], [2], [0, 1, 3]]
17: [[8, 7, 6, 5, 4, 3], [2], [0, 1]]
18: [[8, 7, 6, 5, 4, 3, 2], [], [0, 1]]
19: [[8, 7, 6, 5, 4, 3, 2, 1], [], [0]]
20: [[8, 7, 6, 5, 4, 3, 2, 1, 0], [], []]
--------------------------

The beam width:                  10
The length of solution:          23
The number of nodes expanded:    293
The total CPU time of heuristic: 0.0019489999999393604
The total CPU time of A*:        0.11914600000000064
The type of heuristic:           Adimissible
-----------path-----------
1: [[3, 2, 5, 6, 4, 0, 8, 7, 1], [], []]
2: [[3, 2, 5, 6, 4, 0, 8, 7], [], [1]]
3: [[3, 2, 5, 6, 4, 0, 8], [], [1, 7]]
4: [[3, 2, 5, 6, 4, 0], [], [1, 7, 8]]
5: [[3, 2, 5, 6, 4], [0], [1, 7, 8]]
6: [[3, 2, 5, 6], [0, 4], [1, 7, 8]]
7: [[3, 2, 5], [0, 4, 6], [1, 7, 8]]
8: [[3, 2], [0, 4, 6, 5], [1, 7, 8]]
9: [[3], [0, 4, 6, 5, 2], [1, 7, 8]]
10: [[], [0, 4, 6, 5, 2, 3], [1, 7, 8]]
11: [[8], [0, 4, 6, 5, 2, 3], [1, 7]]
12: [[8, 7], [0, 4, 6, 5, 2, 3], [1]]
13: [[8, 7, 3], [0, 4, 6, 5, 2], [1]]
14: [[8, 7, 3], [0, 4, 6, 5], [1, 2]]
15: [[8, 7], [0, 4, 6, 5], [1, 2, 3]]
16: [[8, 7], [0, 4, 6], [1, 2, 3, 5]]
17: [[8, 7, 6], [0, 4], [1, 2, 3, 5]]
18: [[8, 7, 6, 5], [0, 4], [1, 2, 3]]
19: [[8, 7, 6, 5, 4], [0], [1, 2, 3]]
20: [[8, 7, 6, 5, 4, 3], [0], [1, 2]]
21: [[8, 7, 6, 5, 4, 3, 2], [0], [1]]
22: [[8, 7, 6, 5, 4, 3, 2, 1], [0], []]
23: [[8, 7, 6, 5, 4, 3, 2, 1, 0], [], []]
--------------------------

The beam width:                  10
The length of solution:          23
The number of nodes expanded:    352
The total CPU time of heuristic: 0.0025299999996093447
The total CPU time of A*:        0.16989200000000437
The type of heuristic:           Adimissible
-----------path-----------
1: [[7, 5, 0, 8, 2, 4, 1, 6, 3], [], []]
2: [[7, 5, 0, 8, 2, 4, 1, 6], [], [3]]
3: [[7, 5, 0, 8, 2, 4, 1], [], [3, 6]]
4: [[7, 5, 0, 8, 2, 4], [1], [3, 6]]
5: [[7, 5, 0, 8, 2], [1, 4], [3, 6]]
6: [[7, 5, 0, 8], [1, 4, 2], [3, 6]]
7: [[7, 5, 0], [1, 4, 2], [3, 6, 8]]
8: [[7, 5], [1, 4, 2, 0], [3, 6, 8]]
9: [[7], [1, 4, 2, 0, 5], [3, 6, 8]]
10: [[], [1, 4, 2, 0, 5, 7], [3, 6, 8]]
11: [[8], [1, 4, 2, 0, 5, 7], [3, 6]]
12: [[8, 7], [1, 4, 2, 0, 5], [3, 6]]
13: [[8, 7, 6], [1, 4, 2, 0, 5], [3]]
14: [[8, 7, 6, 5], [1, 4, 2, 0], [3]]
15: [[8, 7, 6, 5, 3], [1, 4, 2, 0], []]
16: [[8, 7, 6, 5, 3], [1, 4, 2], [0]]
17: [[8, 7, 6, 5, 3], [1, 4], [0, 2]]
18: [[8, 7, 6, 5], [1, 4], [0, 2, 3]]
19: [[8, 7, 6, 5, 4], [1], [0, 2, 3]]
20: [[8, 7, 6, 5, 4, 3], [1], [0, 2]]
21: [[8, 7, 6, 5, 4, 3, 2], [1], [0]]
22: [[8, 7, 6, 5, 4, 3, 2, 1], [], [0]]
23: [[8, 7, 6, 5, 4, 3, 2, 1, 0], [], []]
--------------------------

The beam width:                  10
The length of solution:          32
The number of nodes expanded:    740
The total CPU time of heuristic: 0.005459000000172409
The total CPU time of A*:        0.583564000000024
The type of heuristic:           Adimissible
-----------path-----------
1: [[6, 5, 0, 2, 1, 8, 7, 3, 4], [], []]
2: [[6, 5, 0, 2, 1, 8, 7, 3], [], [4]]
3: [[6, 5, 0, 2, 1, 8, 7], [3], [4]]
4: [[6, 5, 0, 2, 1, 8, 7], [3, 4], []]
5: [[6, 5, 0, 2, 1, 8], [3, 4, 7], []]
6: [[6, 5, 0, 2, 1], [3, 4, 7, 8], []]
7: [[6, 5, 0, 2], [3, 4, 7, 8, 1], []]
8: [[6, 5, 0], [3, 4, 7, 8, 1, 2], []]
9: [[6, 5], [3, 4, 7, 8, 1, 2], [0]]
10: [[6, 5], [3, 4, 7, 8, 1], [0, 2]]
11: [[6], [3, 4, 7, 8, 1], [0, 2, 5]]
12: [[], [3, 4, 7, 8, 1], [0, 2, 5, 6]]
13: [[1], [3, 4, 7, 8], [0, 2, 5, 6]]
14: [[1], [3, 4, 7], [0, 2, 5, 6, 8]]
15: [[], [3, 4, 7, 1], [0, 2, 5, 6, 8]]
16: [[8], [3, 4, 7, 1], [0, 2, 5, 6]]
17: [[8, 1], [3, 4, 7], [0, 2, 5, 6]]
18: [[8, 1], [3, 4], [0, 2, 5, 6, 7]]
19: [[8], [3, 4, 1], [0, 2, 5, 6, 7]]
20: [[8, 7], [3, 4, 1], [0, 2, 5, 6]]
21: [[8, 7, 6], [3, 4, 1], [0, 2, 5]]
22: [[8, 7, 6, 5], [3, 4, 1], [0, 2]]
23: [[8, 7, 6, 5, 1], [3, 4], [0, 2]]
24: [[8, 7, 6, 5, 1], [3], [0, 2, 4]]
25: [[8, 7, 6, 5], [3, 1], [0, 2, 4]]
26: [[8, 7, 6, 5, 4], [3, 1], [0, 2]]
27: [[8, 7, 6, 5, 4], [3], [0, 2, 1]]
28: [[8, 7, 6, 5, 4, 3], [], [0, 2, 1]]
29: [[8, 7, 6, 5, 4, 3], [1], [0, 2]]
30: [[8, 7, 6, 5, 4, 3, 2], [1], [0]]
31: [[8, 7, 6, 5, 4, 3, 2, 1], [], [0]]
32: [[8, 7, 6, 5, 4, 3, 2, 1, 0], [], []]
--------------------------

The beam width:                  10
The length of solution:          26
The number of nodes expanded:    466
The total CPU time of heuristic: 0.003285000000346372
The total CPU time of A*:        0.2568719999999871
The type of heuristic:           Adimissible
-----------path-----------
1: [[1, 4, 6, 8, 2, 3, 0, 7, 5], [], []]
2: [[1, 4, 6, 8, 2, 3, 0, 7], [], [5]]
3: [[1, 4, 6, 8, 2, 3, 0], [], [5, 7]]
4: [[1, 4, 6, 8, 2, 3], [0], [5, 7]]
5: [[1, 4, 6, 8, 2], [0, 3], [5, 7]]
6: [[1, 4, 6, 8], [0, 3, 2], [5, 7]]
7: [[1, 4, 6], [0, 3, 2], [5, 7, 8]]
8: [[1, 4], [0, 3, 2, 6], [5, 7, 8]]
9: [[1], [0, 3, 2, 6, 4], [5, 7, 8]]
10: [[], [0, 3, 2, 6, 4, 1], [5, 7, 8]]
11: [[8], [0, 3, 2, 6, 4, 1], [5, 7]]
12: [[8, 7], [0, 3, 2, 6, 4, 1], [5]]
13: [[8, 7, 1], [0, 3, 2, 6, 4], [5]]
14: [[8, 7, 1, 4], [0, 3, 2, 6], [5]]
15: [[8, 7, 1, 4], [0, 3, 2], [5, 6]]
16: [[8, 7, 1], [0, 3, 2, 4], [5, 6]]
17: [[8, 7], [0, 3, 2, 4, 1], [5, 6]]
18: [[8, 7, 6], [0, 3, 2, 4, 1], [5]]
19: [[8, 7, 6, 5], [0, 3, 2, 4, 1], []]
20: [[8, 7, 6, 5], [0, 3, 2, 4], [1]]
21: [[8, 7, 6, 5, 4], [0, 3, 2], [1]]
22: [[8, 7, 6, 5, 4], [0, 3], [1, 2]]
23: [[8, 7, 6, 5, 4, 3], [0], [1, 2]]
24: [[8, 7, 6, 5, 4, 3, 2], [0], [1]]
25: [[8, 7, 6, 5, 4, 3, 2, 1], [0], []]
26: [[8, 7, 6, 5, 4, 3, 2, 1, 0], [], []]
--------------------------

