The beam width:                  50
The length of solution:          17
The number of nodes expanded:    316
The total CPU time of heuristic: 0.0020320000002413963
The total CPU time of A*:        0.10506100000000629
The type of heuristic:           Adimissible
-----------path-----------
1: [[2, 1, 0, 4, 3, 5, 6], [], []]
2: [[2, 1, 0, 4, 3, 5], [], [6]]
3: [[2, 1, 0, 4, 3], [], [6, 5]]
4: [[2, 1, 0, 4], [3], [6, 5]]
5: [[2, 1, 0], [3, 4], [6, 5]]
6: [[2, 1, 0], [3, 4, 5], [6]]
7: [[2, 1, 0], [3, 4, 5, 6], []]
8: [[2, 1], [3, 4, 5, 6], [0]]
9: [[2], [3, 4, 5, 6], [0, 1]]
10: [[], [3, 4, 5, 6], [0, 1, 2]]
11: [[6], [3, 4, 5], [0, 1, 2]]
12: [[6, 5], [3, 4], [0, 1, 2]]
13: [[6, 5, 4], [3], [0, 1, 2]]
14: [[6, 5, 4, 3], [], [0, 1, 2]]
15: [[6, 5, 4, 3, 2], [], [0, 1]]
16: [[6, 5, 4, 3, 2, 1], [], [0]]
17: [[6, 5, 4, 3, 2, 1, 0], [], []]
--------------------------

The beam width:                  50
The length of solution:          18
The number of nodes expanded:    685
The total CPU time of heuristic: 0.004801999999898499
The total CPU time of A*:        0.32895499999997924
The type of heuristic:           Adimissible
-----------path-----------
1: [[1, 2, 5, 6, 3, 0, 4], [], []]
2: [[1, 2, 5, 6, 3, 0], [], [4]]
3: [[1, 2, 5, 6, 3], [0], [4]]
4: [[1, 2, 5, 6], [0, 3], [4]]
5: [[1, 2, 5], [0, 3, 6], [4]]
6: [[1, 2], [0, 3, 6], [4, 5]]
7: [[1, 2], [0, 3], [4, 5, 6]]
8: [[1], [0, 3, 2], [4, 5, 6]]
9: [[], [0, 3, 2, 1], [4, 5, 6]]
10: [[6], [0, 3, 2, 1], [4, 5]]
11: [[6, 5], [0, 3, 2, 1], [4]]
12: [[6, 5, 4], [0, 3, 2, 1], []]
13: [[6, 5, 4], [0, 3, 2], [1]]
14: [[6, 5, 4], [0, 3], [1, 2]]
15: [[6, 5, 4, 3], [0], [1, 2]]
16: [[6, 5, 4, 3, 2], [0], [1]]
17: [[6, 5, 4, 3, 2, 1], [0], []]
18: [[6, 5, 4, 3, 2, 1, 0], [], []]
--------------------------

The beam width:                  50
The length of solution:          16
The number of nodes expanded:    406
The total CPU time of heuristic: 0.002785000000017135
The total CPU time of A*:        0.16064900000000648
The type of heuristic:           Adimissible
-----------path-----------
1: [[5, 6, 0, 3, 4, 2, 1], [], []]
2: [[5, 6, 0, 3, 4, 2], [1], []]
3: [[5, 6, 0, 3, 4], [1, 2], []]
4: [[5, 6, 0, 3], [1, 2], [4]]
5: [[5, 6, 0], [1, 2, 3], [4]]
6: [[5, 6, 0], [1, 2, 3, 4], []]
7: [[5, 6], [1, 2, 3, 4], [0]]
8: [[5], [1, 2, 3, 4], [0, 6]]
9: [[], [1, 2, 3, 4, 5], [0, 6]]
10: [[6], [1, 2, 3, 4, 5], [0]]
11: [[6, 5], [1, 2, 3, 4], [0]]
12: [[6, 5, 4], [1, 2, 3], [0]]
13: [[6, 5, 4, 3], [1, 2], [0]]
14: [[6, 5, 4, 3, 2], [1], [0]]
15: [[6, 5, 4, 3, 2, 1], [], [0]]
16: [[6, 5, 4, 3, 2, 1, 0], [], []]
--------------------------

The beam width:                  50
The length of solution:          16
The number of nodes expanded:    470
The total CPU time of heuristic: 0.003218000000089205
The total CPU time of A*:        0.1861899999999821
The type of heuristic:           Adimissible
-----------path-----------
1: [[2, 4, 6, 3, 1, 5, 0], [], []]
2: [[2, 4, 6, 3, 1, 5], [], [0]]
3: [[2, 4, 6, 3, 1], [5], [0]]
4: [[2, 4, 6, 3], [5], [0, 1]]
5: [[2, 4, 6], [5], [0, 1, 3]]
6: [[2, 4], [5, 6], [0, 1, 3]]
7: [[2], [5, 6], [0, 1, 3, 4]]
8: [[], [5, 6], [0, 1, 3, 4, 2]]
9: [[6], [5], [0, 1, 3, 4, 2]]
10: [[6, 5], [], [0, 1, 3, 4, 2]]
11: [[6, 5], [2], [0, 1, 3, 4]]
12: [[6, 5, 4], [2], [0, 1, 3]]
13: [[6, 5, 4, 3], [2], [0, 1]]
14: [[6, 5, 4, 3, 2], [], [0, 1]]
15: [[6, 5, 4, 3, 2, 1], [], [0]]
16: [[6, 5, 4, 3, 2, 1, 0], [], []]
--------------------------

The beam width:                  50
The length of solution:          16
The number of nodes expanded:    274
The total CPU time of heuristic: 0.001905999999848973
The total CPU time of A*:        0.10759300000000849
The type of heuristic:           Adimissible
-----------path-----------
1: [[4, 6, 2, 3, 0, 5, 1], [], []]
2: [[4, 6, 2, 3, 0, 5], [1], []]
3: [[4, 6, 2, 3, 0], [1, 5], []]
4: [[4, 6, 2, 3], [1, 5], [0]]
5: [[4, 6, 2], [1, 5], [0, 3]]
6: [[4, 6, 2], [1], [0, 3, 5]]
7: [[4, 6], [1, 2], [0, 3, 5]]
8: [[4], [1, 2], [0, 3, 5, 6]]
9: [[], [1, 2, 4], [0, 3, 5, 6]]
10: [[6], [1, 2, 4], [0, 3, 5]]
11: [[6, 5], [1, 2, 4], [0, 3]]
12: [[6, 5, 4], [1, 2], [0, 3]]
13: [[6, 5, 4, 3], [1, 2], [0]]
14: [[6, 5, 4, 3, 2], [1], [0]]
15: [[6, 5, 4, 3, 2, 1], [], [0]]
16: [[6, 5, 4, 3, 2, 1, 0], [], []]
--------------------------

The beam width:                  50
The length of solution:          17
The number of nodes expanded:    478
The total CPU time of heuristic: 0.0031260000001509525
The total CPU time of A*:        0.2018850000000043
The type of heuristic:           Adimissible
-----------path-----------
1: [[5, 2, 1, 3, 4, 0, 6], [], []]
2: [[5, 2, 1, 3, 4, 0], [6], []]
3: [[5, 2, 1, 3, 4], [6], [0]]
4: [[5, 2, 1, 3], [6, 4], [0]]
5: [[5, 2, 1], [6, 4, 3], [0]]
6: [[5, 2], [6, 4, 3], [0, 1]]
7: [[5], [6, 4, 3], [0, 1, 2]]
8: [[5], [6, 4], [0, 1, 2, 3]]
9: [[5], [6], [0, 1, 2, 3, 4]]
10: [[], [6], [0, 1, 2, 3, 4, 5]]
11: [[6], [], [0, 1, 2, 3, 4, 5]]
12: [[6, 5], [], [0, 1, 2, 3, 4]]
13: [[6, 5, 4], [], [0, 1, 2, 3]]
14: [[6, 5, 4, 3], [], [0, 1, 2]]
15: [[6, 5, 4, 3, 2], [], [0, 1]]
16: [[6, 5, 4, 3, 2, 1], [], [0]]
17: [[6, 5, 4, 3, 2, 1, 0], [], []]
--------------------------

The beam width:                  50
The length of solution:          17
The number of nodes expanded:    326
The total CPU time of heuristic: 0.0021100000002149955
The total CPU time of A*:        0.11011900000002584
The type of heuristic:           Adimissible
-----------path-----------
1: [[3, 1, 0, 5, 2, 4, 6], [], []]
2: [[3, 1, 0, 5, 2, 4], [6], []]
3: [[3, 1, 0, 5, 2], [6, 4], []]
4: [[3, 1, 0, 5], [6, 4], [2]]
5: [[3, 1, 0, 5], [6], [2, 4]]
6: [[3, 1, 0], [6], [2, 4, 5]]
7: [[3, 1, 0], [], [2, 4, 5, 6]]
8: [[3, 1], [0], [2, 4, 5, 6]]
9: [[3], [0, 1], [2, 4, 5, 6]]
10: [[], [0, 1, 3], [2, 4, 5, 6]]
11: [[6], [0, 1, 3], [2, 4, 5]]
12: [[6, 5], [0, 1, 3], [2, 4]]
13: [[6, 5, 4], [0, 1, 3], [2]]
14: [[6, 5, 4, 3], [0, 1], [2]]
15: [[6, 5, 4, 3, 2], [0, 1], []]
16: [[6, 5, 4, 3, 2, 1], [0], []]
17: [[6, 5, 4, 3, 2, 1, 0], [], []]
--------------------------

The beam width:                  50
The length of solution:          17
The number of nodes expanded:    358
The total CPU time of heuristic: 0.002400999999878195
The total CPU time of A*:        0.1220079999999939
The type of heuristic:           Adimissible
-----------path-----------
1: [[4, 1, 0, 6, 2, 3, 5], [], []]
2: [[4, 1, 0, 6, 2, 3], [5], []]
3: [[4, 1, 0, 6, 2], [5, 3], []]
4: [[4, 1, 0, 6], [5, 3], [2]]
5: [[4, 1, 0, 6], [5], [2, 3]]
6: [[4, 1, 0, 6], [], [2, 3, 5]]
7: [[4, 1, 0], [], [2, 3, 5, 6]]
8: [[4, 1], [0], [2, 3, 5, 6]]
9: [[4], [0, 1], [2, 3, 5, 6]]
10: [[], [0, 1, 4], [2, 3, 5, 6]]
11: [[6], [0, 1, 4], [2, 3, 5]]
12: [[6, 5], [0, 1, 4], [2, 3]]
13: [[6, 5, 4], [0, 1], [2, 3]]
14: [[6, 5, 4, 3], [0, 1], [2]]
15: [[6, 5, 4, 3, 2], [0, 1], []]
16: [[6, 5, 4, 3, 2, 1], [0], []]
17: [[6, 5, 4, 3, 2, 1, 0], [], []]
--------------------------

The beam width:                  50
The length of solution:          17
The number of nodes expanded:    508
The total CPU time of heuristic: 0.00375200000016207
The total CPU time of A*:        0.233854000000008
The type of heuristic:           Adimissible
-----------path-----------
1: [[0, 3, 5, 4, 2, 1, 6], [], []]
2: [[0, 3, 5, 4, 2, 1], [], [6]]
3: [[0, 3, 5, 4, 2], [1], [6]]
4: [[0, 3, 5, 4], [1, 2], [6]]
5: [[0, 3, 5], [1, 2, 4], [6]]
6: [[0, 3], [1, 2, 4, 5], [6]]
7: [[0], [1, 2, 4, 5, 3], [6]]
8: [[], [1, 2, 4, 5, 3, 0], [6]]
9: [[6], [1, 2, 4, 5, 3, 0], []]
10: [[6], [1, 2, 4, 5, 3], [0]]
11: [[6], [1, 2, 4, 5], [0, 3]]
12: [[6, 5], [1, 2, 4], [0, 3]]
13: [[6, 5, 4], [1, 2], [0, 3]]
14: [[6, 5, 4, 3], [1, 2], [0]]
15: [[6, 5, 4, 3, 2], [1], [0]]
16: [[6, 5, 4, 3, 2, 1], [], [0]]
17: [[6, 5, 4, 3, 2, 1, 0], [], []]
--------------------------

The beam width:                  50
The length of solution:          17
The number of nodes expanded:    435
The total CPU time of heuristic: 0.0028260000002262586
The total CPU time of A*:        0.16148300000000404
The type of heuristic:           Adimissible
-----------path-----------
1: [[1, 3, 0, 6, 4, 2, 5], [], []]
2: [[1, 3, 0, 6, 4, 2], [], [5]]
3: [[1, 3, 0, 6, 4], [2], [5]]
4: [[1, 3, 0, 6], [2, 4], [5]]
5: [[1, 3, 0, 6], [2, 4, 5], []]
6: [[1, 3, 0], [2, 4, 5, 6], []]
7: [[1, 3], [2, 4, 5, 6], [0]]
8: [[1], [2, 4, 5, 6, 3], [0]]
9: [[], [2, 4, 5, 6, 3], [0, 1]]
10: [[], [2, 4, 5, 6], [0, 1, 3]]
11: [[6], [2, 4, 5], [0, 1, 3]]
12: [[6, 5], [2, 4], [0, 1, 3]]
13: [[6, 5, 4], [2], [0, 1, 3]]
14: [[6, 5, 4, 3], [2], [0, 1]]
15: [[6, 5, 4, 3, 2], [], [0, 1]]
16: [[6, 5, 4, 3, 2, 1], [], [0]]
17: [[6, 5, 4, 3, 2, 1, 0], [], []]
--------------------------

The beam width:                  50
The length of solution:          17
The number of nodes expanded:    529
The total CPU time of heuristic: 0.003606000000388576
The total CPU time of A*:        0.23383400000000165
The type of heuristic:           Adimissible
-----------path-----------
1: [[3, 2, 0, 6, 1, 5, 4], [], []]
2: [[3, 2, 0, 6, 1, 5], [4], []]
3: [[3, 2, 0, 6, 1], [4, 5], []]
4: [[3, 2, 0, 6], [4, 5, 1], []]
5: [[3, 2, 0], [4, 5, 1, 6], []]
6: [[3, 2], [4, 5, 1, 6], [0]]
7: [[3], [4, 5, 1, 6], [0, 2]]
8: [[], [4, 5, 1, 6], [0, 2, 3]]
9: [[6], [4, 5, 1], [0, 2, 3]]
10: [[6], [4, 5], [0, 2, 3, 1]]
11: [[6, 5], [4], [0, 2, 3, 1]]
12: [[6, 5, 4], [], [0, 2, 3, 1]]
13: [[6, 5, 4], [1], [0, 2, 3]]
14: [[6, 5, 4, 3], [1], [0, 2]]
15: [[6, 5, 4, 3, 2], [1], [0]]
16: [[6, 5, 4, 3, 2, 1], [], [0]]
17: [[6, 5, 4, 3, 2, 1, 0], [], []]
--------------------------

The beam width:                  50
The length of solution:          17
The number of nodes expanded:    532
The total CPU time of heuristic: 0.0036790000006590162
The total CPU time of A*:        0.22123899999999708
The type of heuristic:           Adimissible
-----------path-----------
1: [[4, 0, 3, 1, 2, 6, 5], [], []]
2: [[4, 0, 3, 1, 2, 6], [], [5]]
3: [[4, 0, 3, 1, 2], [], [5, 6]]
4: [[4, 0, 3, 1], [], [5, 6, 2]]
5: [[4, 0, 3], [1], [5, 6, 2]]
6: [[4, 0, 3], [1, 2], [5, 6]]
7: [[4, 0], [1, 2, 3], [5, 6]]
8: [[4], [1, 2, 3, 0], [5, 6]]
9: [[], [1, 2, 3, 0, 4], [5, 6]]
10: [[6], [1, 2, 3, 0, 4], [5]]
11: [[6, 5], [1, 2, 3, 0, 4], []]
12: [[6, 5, 4], [1, 2, 3, 0], []]
13: [[6, 5, 4], [1, 2, 3], [0]]
14: [[6, 5, 4, 3], [1, 2], [0]]
15: [[6, 5, 4, 3, 2], [1], [0]]
16: [[6, 5, 4, 3, 2, 1], [], [0]]
17: [[6, 5, 4, 3, 2, 1, 0], [], []]
--------------------------

The beam width:                  50
The length of solution:          15
The number of nodes expanded:    351
The total CPU time of heuristic: 0.0024419999998031017
The total CPU time of A*:        0.12987900000001673
The type of heuristic:           Adimissible
-----------path-----------
1: [[6, 0, 1, 3, 2, 5, 4], [], []]
2: [[6, 0, 1, 3, 2, 5], [4], []]
3: [[6, 0, 1, 3, 2], [4, 5], []]
4: [[6, 0, 1, 3], [4, 5], [2]]
5: [[6, 0, 1], [4, 5], [2, 3]]
6: [[6, 0], [4, 5], [2, 3, 1]]
7: [[6], [4, 5], [2, 3, 1, 0]]
8: [[6, 5], [4], [2, 3, 1, 0]]
9: [[6, 5, 4], [], [2, 3, 1, 0]]
10: [[6, 5, 4], [0], [2, 3, 1]]
11: [[6, 5, 4], [0, 1], [2, 3]]
12: [[6, 5, 4, 3], [0, 1], [2]]
13: [[6, 5, 4, 3, 2], [0, 1], []]
14: [[6, 5, 4, 3, 2, 1], [0], []]
15: [[6, 5, 4, 3, 2, 1, 0], [], []]
--------------------------

The beam width:                  50
The length of solution:          17
The number of nodes expanded:    600
The total CPU time of heuristic: 0.003969000000296319
The total CPU time of A*:        0.2687079999999753
The type of heuristic:           Adimissible
-----------path-----------
1: [[2, 3, 6, 5, 0, 1, 4], [], []]
2: [[2, 3, 6, 5, 0, 1], [4], []]
3: [[2, 3, 6, 5, 0], [4], [1]]
4: [[2, 3, 6, 5, 0], [], [1, 4]]
5: [[2, 3, 6, 5], [0], [1, 4]]
6: [[2, 3, 6], [0], [1, 4, 5]]
7: [[2, 3], [0], [1, 4, 5, 6]]
8: [[2], [0, 3], [1, 4, 5, 6]]
9: [[], [0, 3, 2], [1, 4, 5, 6]]
10: [[6], [0, 3, 2], [1, 4, 5]]
11: [[6, 5], [0, 3, 2], [1, 4]]
12: [[6, 5, 4], [0, 3, 2], [1]]
13: [[6, 5, 4], [0, 3], [1, 2]]
14: [[6, 5, 4, 3], [0], [1, 2]]
15: [[6, 5, 4, 3, 2], [0], [1]]
16: [[6, 5, 4, 3, 2, 1], [0], []]
17: [[6, 5, 4, 3, 2, 1, 0], [], []]
--------------------------

The beam width:                  50
The length of solution:          16
The number of nodes expanded:    270
The total CPU time of heuristic: 0.0017569999995998842
The total CPU time of A*:        0.08875100000000202
The type of heuristic:           Adimissible
-----------path-----------
1: [[1, 6, 2, 5, 0, 4, 3], [], []]
2: [[1, 6, 2, 5, 0, 4], [], [3]]
3: [[1, 6, 2, 5, 0], [], [3, 4]]
4: [[1, 6, 2, 5], [0], [3, 4]]
5: [[1, 6, 2], [0], [3, 4, 5]]
6: [[1, 6], [0, 2], [3, 4, 5]]
7: [[1], [0, 2], [3, 4, 5, 6]]
8: [[], [0, 2, 1], [3, 4, 5, 6]]
9: [[6], [0, 2, 1], [3, 4, 5]]
10: [[6, 5], [0, 2, 1], [3, 4]]
11: [[6, 5, 4], [0, 2, 1], [3]]
12: [[6, 5, 4, 3], [0, 2, 1], []]
13: [[6, 5, 4, 3], [0, 2], [1]]
14: [[6, 5, 4, 3, 2], [0], [1]]
15: [[6, 5, 4, 3, 2, 1], [0], []]
16: [[6, 5, 4, 3, 2, 1, 0], [], []]
--------------------------

The beam width:                  50
The length of solution:          14
The number of nodes expanded:    244
The total CPU time of heuristic: 0.0018449999998892963
The total CPU time of A*:        0.08693800000003193
The type of heuristic:           Adimissible
-----------path-----------
1: [[6, 3, 4, 2, 1, 0, 5], [], []]
2: [[6, 3, 4, 2, 1, 0], [], [5]]
3: [[6, 3, 4, 2, 1], [0], [5]]
4: [[6, 3, 4, 2], [0, 1], [5]]
5: [[6, 3, 4], [0, 1, 2], [5]]
6: [[6, 3], [0, 1, 2, 4], [5]]
7: [[6, 3], [0, 1, 2, 4, 5], []]
8: [[6], [0, 1, 2, 4, 5], [3]]
9: [[6, 5], [0, 1, 2, 4], [3]]
10: [[6, 5, 4], [0, 1, 2], [3]]
11: [[6, 5, 4, 3], [0, 1, 2], []]
12: [[6, 5, 4, 3, 2], [0, 1], []]
13: [[6, 5, 4, 3, 2, 1], [0], []]
14: [[6, 5, 4, 3, 2, 1, 0], [], []]
--------------------------

The beam width:                  50
The length of solution:          16
The number of nodes expanded:    497
The total CPU time of heuristic: 0.0031600000004914364
The total CPU time of A*:        0.19106700000000387
The type of heuristic:           Adimissible
-----------path-----------
1: [[4, 0, 6, 1, 5, 3, 2], [], []]
2: [[4, 0, 6, 1, 5, 3], [], [2]]
3: [[4, 0, 6, 1, 5], [], [2, 3]]
4: [[4, 0, 6, 1], [], [2, 3, 5]]
5: [[4, 0, 6], [1], [2, 3, 5]]
6: [[4, 0], [1], [2, 3, 5, 6]]
7: [[4], [1, 0], [2, 3, 5, 6]]
8: [[], [1, 0, 4], [2, 3, 5, 6]]
9: [[6], [1, 0, 4], [2, 3, 5]]
10: [[6, 5], [1, 0, 4], [2, 3]]
11: [[6, 5, 4], [1, 0], [2, 3]]
12: [[6, 5, 4, 3], [1, 0], [2]]
13: [[6, 5, 4, 3, 2], [1, 0], []]
14: [[6, 5, 4, 3, 2], [1], [0]]
15: [[6, 5, 4, 3, 2, 1], [], [0]]
16: [[6, 5, 4, 3, 2, 1, 0], [], []]
--------------------------

The beam width:                  50
The length of solution:          17
The number of nodes expanded:    571
The total CPU time of heuristic: 0.0038890000002140823
The total CPU time of A*:        0.24814999999998122
The type of heuristic:           Adimissible
-----------path-----------
1: [[0, 6, 2, 3, 5, 4, 1], [], []]
2: [[0, 6, 2, 3, 5, 4], [1], []]
3: [[0, 6, 2, 3, 5], [1], [4]]
4: [[0, 6, 2, 3], [1], [4, 5]]
5: [[0, 6, 2], [1], [4, 5, 3]]
6: [[0, 6], [1, 2], [4, 5, 3]]
7: [[0, 6], [1, 2, 3], [4, 5]]
8: [[0], [1, 2, 3], [4, 5, 6]]
9: [[], [1, 2, 3, 0], [4, 5, 6]]
10: [[6], [1, 2, 3, 0], [4, 5]]
11: [[6, 5], [1, 2, 3, 0], [4]]
12: [[6, 5, 4], [1, 2, 3, 0], []]
13: [[6, 5, 4], [1, 2, 3], [0]]
14: [[6, 5, 4, 3], [1, 2], [0]]
15: [[6, 5, 4, 3, 2], [1], [0]]
16: [[6, 5, 4, 3, 2, 1], [], [0]]
17: [[6, 5, 4, 3, 2, 1, 0], [], []]
--------------------------

The beam width:                  50
The length of solution:          17
The number of nodes expanded:    634
The total CPU time of heuristic: 0.004121000000708364
The total CPU time of A*:        0.28794500000000767
The type of heuristic:           Adimissible
-----------path-----------
1: [[2, 3, 6, 4, 1, 5, 0], [], []]
2: [[2, 3, 6, 4, 1, 5], [], [0]]
3: [[2, 3, 6, 4, 1], [], [0, 5]]
4: [[2, 3, 6, 4], [1], [0, 5]]
5: [[2, 3, 6], [1, 4], [0, 5]]
6: [[2, 3, 6], [1, 4, 5], [0]]
7: [[2, 3], [1, 4, 5, 6], [0]]
8: [[2], [1, 4, 5, 6, 3], [0]]
9: [[], [1, 4, 5, 6, 3], [0, 2]]
10: [[], [1, 4, 5, 6], [0, 2, 3]]
11: [[6], [1, 4, 5], [0, 2, 3]]
12: [[6, 5], [1, 4], [0, 2, 3]]
13: [[6, 5, 4], [1], [0, 2, 3]]
14: [[6, 5, 4, 3], [1], [0, 2]]
15: [[6, 5, 4, 3, 2], [1], [0]]
16: [[6, 5, 4, 3, 2, 1], [], [0]]
17: [[6, 5, 4, 3, 2, 1, 0], [], []]
--------------------------

The beam width:                  50
The length of solution:          15
The number of nodes expanded:    126
The total CPU time of heuristic: 0.0008819999998479489
The total CPU time of A*:        0.0454639999999813
The type of heuristic:           Adimissible
-----------path-----------
1: [[5, 4, 6, 2, 0, 3, 1], [], []]
2: [[5, 4, 6, 2, 0, 3], [1], []]
3: [[5, 4, 6, 2, 0], [1, 3], []]
4: [[5, 4, 6, 2], [1, 3], [0]]
5: [[5, 4, 6], [1, 3], [0, 2]]
6: [[5, 4], [1, 3], [0, 2, 6]]
7: [[5], [1, 3, 4], [0, 2, 6]]
8: [[], [1, 3, 4, 5], [0, 2, 6]]
9: [[6], [1, 3, 4, 5], [0, 2]]
10: [[6, 5], [1, 3, 4], [0, 2]]
11: [[6, 5, 4], [1, 3], [0, 2]]
12: [[6, 5, 4, 3], [1], [0, 2]]
13: [[6, 5, 4, 3, 2], [1], [0]]
14: [[6, 5, 4, 3, 2, 1], [], [0]]
15: [[6, 5, 4, 3, 2, 1, 0], [], []]
--------------------------

