The beam width:                  15
The length of solution:          24
The number of nodes expanded:    542
The total CPU time of heuristic: 0.003800000000097725
The total CPU time of A*:        0.2896109999999794
The type of heuristic:           Adimissible
-----------path-----------
1: [[1, 3, 0, 6, 5, 2, 4, 7], [], []]
2: [[1, 3, 0, 6, 5, 2, 4], [], [7]]
3: [[1, 3, 0, 6, 5, 2], [], [7, 4]]
4: [[1, 3, 0, 6, 5], [2], [7, 4]]
5: [[1, 3, 0, 6, 5], [2, 4], [7]]
6: [[1, 3, 0, 6], [2, 4, 5], [7]]
7: [[1, 3, 0], [2, 4, 5, 6], [7]]
8: [[1, 3], [2, 4, 5, 6, 0], [7]]
9: [[1], [2, 4, 5, 6, 0, 3], [7]]
10: [[], [2, 4, 5, 6, 0, 3, 1], [7]]
11: [[7], [2, 4, 5, 6, 0, 3, 1], []]
12: [[7, 1], [2, 4, 5, 6, 0, 3], []]
13: [[7, 1, 3], [2, 4, 5, 6, 0], []]
14: [[7, 1, 3], [2, 4, 5, 6], [0]]
15: [[7, 1], [2, 4, 5, 6, 3], [0]]
16: [[7], [2, 4, 5, 6, 3], [0, 1]]
17: [[7], [2, 4, 5, 6], [0, 1, 3]]
18: [[7, 6], [2, 4, 5], [0, 1, 3]]
19: [[7, 6, 5], [2, 4], [0, 1, 3]]
20: [[7, 6, 5, 4], [2], [0, 1, 3]]
21: [[7, 6, 5, 4, 3], [2], [0, 1]]
22: [[7, 6, 5, 4, 3, 2], [], [0, 1]]
23: [[7, 6, 5, 4, 3, 2, 1], [], [0]]
24: [[7, 6, 5, 4, 3, 2, 1, 0], [], []]
--------------------------

The beam width:                  15
The length of solution:          18
The number of nodes expanded:    195
The total CPU time of heuristic: 0.0013079999999945358
The total CPU time of A*:        0.06167300000001319
The type of heuristic:           Adimissible
-----------path-----------
1: [[5, 4, 6, 1, 7, 0, 3, 2], [], []]
2: [[5, 4, 6, 1, 7, 0, 3], [2], []]
3: [[5, 4, 6, 1, 7, 0], [2, 3], []]
4: [[5, 4, 6, 1, 7], [2, 3], [0]]
5: [[5, 4, 6, 1], [2, 3, 7], [0]]
6: [[5, 4, 6], [2, 3, 7], [0, 1]]
7: [[5, 4], [2, 3, 7, 6], [0, 1]]
8: [[5], [2, 3, 7, 6], [0, 1, 4]]
9: [[], [2, 3, 7, 6], [0, 1, 4, 5]]
10: [[], [2, 3, 7], [0, 1, 4, 5, 6]]
11: [[7], [2, 3], [0, 1, 4, 5, 6]]
12: [[7, 6], [2, 3], [0, 1, 4, 5]]
13: [[7, 6, 5], [2, 3], [0, 1, 4]]
14: [[7, 6, 5, 4], [2, 3], [0, 1]]
15: [[7, 6, 5, 4, 3], [2], [0, 1]]
16: [[7, 6, 5, 4, 3, 2], [], [0, 1]]
17: [[7, 6, 5, 4, 3, 2, 1], [], [0]]
18: [[7, 6, 5, 4, 3, 2, 1, 0], [], []]
--------------------------

The beam width:                  15
The length of solution:          21
The number of nodes expanded:    442
The total CPU time of heuristic: 0.003421999999943637
The total CPU time of A*:        0.22693899999998735
The type of heuristic:           Adimissible
-----------path-----------
1: [[0, 5, 3, 4, 2, 1, 6, 7], [], []]
2: [[0, 5, 3, 4, 2, 1, 6], [7], []]
3: [[0, 5, 3, 4, 2, 1], [7, 6], []]
4: [[0, 5, 3, 4, 2], [7, 6], [1]]
5: [[0, 5, 3, 4], [7, 6], [1, 2]]
6: [[0, 5, 3], [7, 6, 4], [1, 2]]
7: [[0, 5], [7, 6, 4], [1, 2, 3]]
8: [[0, 5], [7, 6], [1, 2, 3, 4]]
9: [[0], [7, 6, 5], [1, 2, 3, 4]]
10: [[], [7, 6, 5], [1, 2, 3, 4, 0]]
11: [[], [7, 6], [1, 2, 3, 4, 0, 5]]
12: [[], [7], [1, 2, 3, 4, 0, 5, 6]]
13: [[7], [], [1, 2, 3, 4, 0, 5, 6]]
14: [[7, 6], [], [1, 2, 3, 4, 0, 5]]
15: [[7, 6, 5], [], [1, 2, 3, 4, 0]]
16: [[7, 6, 5], [0], [1, 2, 3, 4]]
17: [[7, 6, 5, 4], [0], [1, 2, 3]]
18: [[7, 6, 5, 4, 3], [0], [1, 2]]
19: [[7, 6, 5, 4, 3, 2], [0], [1]]
20: [[7, 6, 5, 4, 3, 2, 1], [0], []]
21: [[7, 6, 5, 4, 3, 2, 1, 0], [], []]
--------------------------

The beam width:                  15
The length of solution:          22
The number of nodes expanded:    524
The total CPU time of heuristic: 0.003687999999698377
The total CPU time of A*:        0.2562070000000176
The type of heuristic:           Adimissible
-----------path-----------
1: [[2, 4, 3, 5, 7, 6, 0, 1], [], []]
2: [[2, 4, 3, 5, 7, 6, 0], [], [1]]
3: [[2, 4, 3, 5, 7, 6], [0], [1]]
4: [[2, 4, 3, 5, 7, 6], [0, 1], []]
5: [[2, 4, 3, 5, 7], [0, 1], [6]]
6: [[2, 4, 3, 5], [0, 1], [6, 7]]
7: [[2, 4, 3], [0, 1, 5], [6, 7]]
8: [[2, 4], [0, 1, 5, 3], [6, 7]]
9: [[2], [0, 1, 5, 3, 4], [6, 7]]
10: [[], [0, 1, 5, 3, 4, 2], [6, 7]]
11: [[7], [0, 1, 5, 3, 4, 2], [6]]
12: [[7, 6], [0, 1, 5, 3, 4, 2], []]
13: [[7, 6], [0, 1, 5, 3, 4], [2]]
14: [[7, 6, 4], [0, 1, 5, 3], [2]]
15: [[7, 6, 4], [0, 1, 5], [2, 3]]
16: [[7, 6], [0, 1, 5], [2, 3, 4]]
17: [[7, 6, 5], [0, 1], [2, 3, 4]]
18: [[7, 6, 5, 4], [0, 1], [2, 3]]
19: [[7, 6, 5, 4, 3], [0, 1], [2]]
20: [[7, 6, 5, 4, 3, 2], [0, 1], []]
21: [[7, 6, 5, 4, 3, 2, 1], [0], []]
22: [[7, 6, 5, 4, 3, 2, 1, 0], [], []]
--------------------------

The beam width:                  15
The length of solution:          21
The number of nodes expanded:    411
The total CPU time of heuristic: 0.0029860000001349363
The total CPU time of A*:        0.1856000000000222
The type of heuristic:           Adimissible
-----------path-----------
1: [[5, 4, 2, 6, 3, 7, 1, 0], [], []]
2: [[5, 4, 2, 6, 3, 7, 1], [], [0]]
3: [[5, 4, 2, 6, 3, 7], [], [0, 1]]
4: [[5, 4, 2, 6, 3], [7], [0, 1]]
5: [[5, 4, 2, 6], [7, 3], [0, 1]]
6: [[5, 4, 2], [7, 3, 6], [0, 1]]
7: [[5, 4], [7, 3, 6], [0, 1, 2]]
8: [[5], [7, 3, 6], [0, 1, 2, 4]]
9: [[], [7, 3, 6], [0, 1, 2, 4, 5]]
10: [[], [7, 3], [0, 1, 2, 4, 5, 6]]
11: [[3], [7], [0, 1, 2, 4, 5, 6]]
12: [[3], [], [0, 1, 2, 4, 5, 6, 7]]
13: [[], [3], [0, 1, 2, 4, 5, 6, 7]]
14: [[7], [3], [0, 1, 2, 4, 5, 6]]
15: [[7, 6], [3], [0, 1, 2, 4, 5]]
16: [[7, 6, 5], [3], [0, 1, 2, 4]]
17: [[7, 6, 5, 4], [3], [0, 1, 2]]
18: [[7, 6, 5, 4, 3], [], [0, 1, 2]]
19: [[7, 6, 5, 4, 3, 2], [], [0, 1]]
20: [[7, 6, 5, 4, 3, 2, 1], [], [0]]
21: [[7, 6, 5, 4, 3, 2, 1, 0], [], []]
--------------------------

The beam width:                  15
The length of solution:          20
The number of nodes expanded:    305
The total CPU time of heuristic: 0.0020889999999553766
The total CPU time of A*:        0.11636600000002773
The type of heuristic:           Adimissible
-----------path-----------
1: [[1, 4, 0, 3, 7, 2, 6, 5], [], []]
2: [[1, 4, 0, 3, 7, 2, 6], [], [5]]
3: [[1, 4, 0, 3, 7, 2], [], [5, 6]]
4: [[1, 4, 0, 3, 7], [2], [5, 6]]
5: [[1, 4, 0, 3], [2], [5, 6, 7]]
6: [[1, 4, 0], [2, 3], [5, 6, 7]]
7: [[1, 4], [2, 3, 0], [5, 6, 7]]
8: [[1], [2, 3, 0, 4], [5, 6, 7]]
9: [[], [2, 3, 0, 4, 1], [5, 6, 7]]
10: [[7], [2, 3, 0, 4, 1], [5, 6]]
11: [[7, 6], [2, 3, 0, 4, 1], [5]]
12: [[7, 6, 5], [2, 3, 0, 4, 1], []]
13: [[7, 6, 5], [2, 3, 0, 4], [1]]
14: [[7, 6, 5, 4], [2, 3, 0], [1]]
15: [[7, 6, 5, 4], [2, 3], [1, 0]]
16: [[7, 6, 5, 4, 3], [2], [1, 0]]
17: [[7, 6, 5, 4, 3, 2], [], [1, 0]]
18: [[7, 6, 5, 4, 3, 2], [0], [1]]
19: [[7, 6, 5, 4, 3, 2, 1], [0], []]
20: [[7, 6, 5, 4, 3, 2, 1, 0], [], []]
--------------------------

The beam width:                  15
The length of solution:          24
The number of nodes expanded:    519
The total CPU time of heuristic: 0.003792999999859603
The total CPU time of A*:        0.2813600000000065
The type of heuristic:           Adimissible
-----------path-----------
1: [[1, 3, 0, 6, 2, 7, 4, 5], [], []]
2: [[1, 3, 0, 6, 2, 7, 4], [], [5]]
3: [[1, 3, 0, 6, 2, 7], [4], [5]]
4: [[1, 3, 0, 6, 2, 7], [4, 5], []]
5: [[1, 3, 0, 6, 2], [4, 5, 7], []]
6: [[1, 3, 0, 6], [4, 5, 7, 2], []]
7: [[1, 3, 0], [4, 5, 7, 2, 6], []]
8: [[1, 3], [4, 5, 7, 2, 6], [0]]
9: [[1], [4, 5, 7, 2, 6, 3], [0]]
10: [[], [4, 5, 7, 2, 6, 3], [0, 1]]
11: [[3], [4, 5, 7, 2, 6], [0, 1]]
12: [[3, 6], [4, 5, 7, 2], [0, 1]]
13: [[3, 6], [4, 5, 7], [0, 1, 2]]
14: [[3], [4, 5, 7, 6], [0, 1, 2]]
15: [[], [4, 5, 7, 6], [0, 1, 2, 3]]
16: [[], [4, 5, 7], [0, 1, 2, 3, 6]]
17: [[7], [4, 5], [0, 1, 2, 3, 6]]
18: [[7, 6], [4, 5], [0, 1, 2, 3]]
19: [[7, 6, 5], [4], [0, 1, 2, 3]]
20: [[7, 6, 5, 4], [], [0, 1, 2, 3]]
21: [[7, 6, 5, 4, 3], [], [0, 1, 2]]
22: [[7, 6, 5, 4, 3, 2], [], [0, 1]]
23: [[7, 6, 5, 4, 3, 2, 1], [], [0]]
24: [[7, 6, 5, 4, 3, 2, 1, 0], [], []]
--------------------------

The beam width:                  15
The length of solution:          23
The number of nodes expanded:    511
The total CPU time of heuristic: 0.003599999999892134
The total CPU time of A*:        0.2612490000000207
The type of heuristic:           Adimissible
-----------path-----------
1: [[4, 3, 7, 0, 5, 1, 2, 6], [], []]
2: [[4, 3, 7, 0, 5, 1, 2], [], [6]]
3: [[4, 3, 7, 0, 5, 1], [], [6, 2]]
4: [[4, 3, 7, 0, 5], [1], [6, 2]]
5: [[4, 3, 7, 0, 5], [1, 2], [6]]
6: [[4, 3, 7, 0], [1, 2, 5], [6]]
7: [[4, 3, 7], [1, 2, 5, 0], [6]]
8: [[4, 3], [1, 2, 5, 0], [6, 7]]
9: [[4], [1, 2, 5, 0, 3], [6, 7]]
10: [[], [1, 2, 5, 0, 3, 4], [6, 7]]
11: [[7], [1, 2, 5, 0, 3, 4], [6]]
12: [[7, 6], [1, 2, 5, 0, 3, 4], []]
13: [[7, 6, 4], [1, 2, 5, 0, 3], []]
14: [[7, 6, 4, 3], [1, 2, 5, 0], []]
15: [[7, 6, 4, 3], [1, 2, 5], [0]]
16: [[7, 6, 4], [1, 2, 5], [0, 3]]
17: [[7, 6], [1, 2, 5], [0, 3, 4]]
18: [[7, 6, 5], [1, 2], [0, 3, 4]]
19: [[7, 6, 5, 4], [1, 2], [0, 3]]
20: [[7, 6, 5, 4, 3], [1, 2], [0]]
21: [[7, 6, 5, 4, 3, 2], [1], [0]]
22: [[7, 6, 5, 4, 3, 2, 1], [], [0]]
23: [[7, 6, 5, 4, 3, 2, 1, 0], [], []]
--------------------------

The beam width:                  15
The length of solution:          19
The number of nodes expanded:    309
The total CPU time of heuristic: 0.0021099999999023566
The total CPU time of A*:        0.11177700000001778
The type of heuristic:           Adimissible
-----------path-----------
1: [[3, 2, 6, 7, 1, 4, 5, 0], [], []]
2: [[3, 2, 6, 7, 1, 4, 5], [0], []]
3: [[3, 2, 6, 7, 1, 4], [0], [5]]
4: [[3, 2, 6, 7, 1], [0, 4], [5]]
5: [[3, 2, 6, 7, 1], [0, 4, 5], []]
6: [[3, 2, 6, 7], [0, 4, 5], [1]]
7: [[3, 2, 6], [0, 4, 5, 7], [1]]
8: [[3, 2], [0, 4, 5, 7, 6], [1]]
9: [[3], [0, 4, 5, 7, 6], [1, 2]]
10: [[], [0, 4, 5, 7, 6], [1, 2, 3]]
11: [[], [0, 4, 5, 7], [1, 2, 3, 6]]
12: [[7], [0, 4, 5], [1, 2, 3, 6]]
13: [[7, 6], [0, 4, 5], [1, 2, 3]]
14: [[7, 6, 5], [0, 4], [1, 2, 3]]
15: [[7, 6, 5, 4], [0], [1, 2, 3]]
16: [[7, 6, 5, 4, 3], [0], [1, 2]]
17: [[7, 6, 5, 4, 3, 2], [0], [1]]
18: [[7, 6, 5, 4, 3, 2, 1], [0], []]
19: [[7, 6, 5, 4, 3, 2, 1, 0], [], []]
--------------------------

The beam width:                  15
The length of solution:          21
The number of nodes expanded:    416
The total CPU time of heuristic: 0.002846999999349009
The total CPU time of A*:        0.1773019999999974
The type of heuristic:           Adimissible
-----------path-----------
1: [[1, 6, 0, 5, 7, 3, 2, 4], [], []]
2: [[1, 6, 0, 5, 7, 3, 2], [], [4]]
3: [[1, 6, 0, 5, 7, 3], [2], [4]]
4: [[1, 6, 0, 5, 7], [2, 3], [4]]
5: [[1, 6, 0, 5, 7], [2, 3, 4], []]
6: [[1, 6, 0, 5], [2, 3, 4, 7], []]
7: [[1, 6, 0], [2, 3, 4, 7, 5], []]
8: [[1, 6], [2, 3, 4, 7, 5], [0]]
9: [[1], [2, 3, 4, 7, 5, 6], [0]]
10: [[], [2, 3, 4, 7, 5, 6], [0, 1]]
11: [[6], [2, 3, 4, 7, 5], [0, 1]]
12: [[6], [2, 3, 4, 7], [0, 1, 5]]
13: [[], [2, 3, 4, 7], [0, 1, 5, 6]]
14: [[7], [2, 3, 4], [0, 1, 5, 6]]
15: [[7, 6], [2, 3, 4], [0, 1, 5]]
16: [[7, 6, 5], [2, 3, 4], [0, 1]]
17: [[7, 6, 5, 4], [2, 3], [0, 1]]
18: [[7, 6, 5, 4, 3], [2], [0, 1]]
19: [[7, 6, 5, 4, 3, 2], [], [0, 1]]
20: [[7, 6, 5, 4, 3, 2, 1], [], [0]]
21: [[7, 6, 5, 4, 3, 2, 1, 0], [], []]
--------------------------

The beam width:                  15
The length of solution:          21
The number of nodes expanded:    445
The total CPU time of heuristic: 0.0032470000000728305
The total CPU time of A*:        0.21009200000000305
The type of heuristic:           Adimissible
-----------path-----------
1: [[4, 2, 6, 5, 1, 7, 0, 3], [], []]
2: [[4, 2, 6, 5, 1, 7, 0], [3], []]
3: [[4, 2, 6, 5, 1, 7], [3], [0]]
4: [[4, 2, 6, 5, 1], [3, 7], [0]]
5: [[4, 2, 6, 5], [3, 7], [0, 1]]
6: [[4, 2, 6, 5], [3], [0, 1, 7]]
7: [[4, 2, 6], [3, 5], [0, 1, 7]]
8: [[4, 2], [3, 5, 6], [0, 1, 7]]
9: [[4], [3, 5, 6, 2], [0, 1, 7]]
10: [[], [3, 5, 6, 2, 4], [0, 1, 7]]
11: [[7], [3, 5, 6, 2, 4], [0, 1]]
12: [[7, 4], [3, 5, 6, 2], [0, 1]]
13: [[7, 4], [3, 5, 6], [0, 1, 2]]
14: [[7], [3, 5, 6], [0, 1, 2, 4]]
15: [[7, 6], [3, 5], [0, 1, 2, 4]]
16: [[7, 6, 5], [3], [0, 1, 2, 4]]
17: [[7, 6, 5, 4], [3], [0, 1, 2]]
18: [[7, 6, 5, 4, 3], [], [0, 1, 2]]
19: [[7, 6, 5, 4, 3, 2], [], [0, 1]]
20: [[7, 6, 5, 4, 3, 2, 1], [], [0]]
21: [[7, 6, 5, 4, 3, 2, 1, 0], [], []]
--------------------------

The beam width:                  15
The length of solution:          18
The number of nodes expanded:    392
The total CPU time of heuristic: 0.0028180000001896133
The total CPU time of A*:        0.17892500000002087
The type of heuristic:           Adimissible
-----------path-----------
1: [[5, 4, 3, 2, 6, 7, 1, 0], [], []]
2: [[5, 4, 3, 2, 6, 7, 1], [], [0]]
3: [[5, 4, 3, 2, 6, 7], [], [0, 1]]
4: [[5, 4, 3, 2, 6], [7], [0, 1]]
5: [[5, 4, 3, 2], [7, 6], [0, 1]]
6: [[5, 4, 3], [7, 6], [0, 1, 2]]
7: [[5, 4], [7, 6], [0, 1, 2, 3]]
8: [[5], [7, 6], [0, 1, 2, 3, 4]]
9: [[], [7, 6], [0, 1, 2, 3, 4, 5]]
10: [[], [7], [0, 1, 2, 3, 4, 5, 6]]
11: [[7], [], [0, 1, 2, 3, 4, 5, 6]]
12: [[7, 6], [], [0, 1, 2, 3, 4, 5]]
13: [[7, 6, 5], [], [0, 1, 2, 3, 4]]
14: [[7, 6, 5, 4], [], [0, 1, 2, 3]]
15: [[7, 6, 5, 4, 3], [], [0, 1, 2]]
16: [[7, 6, 5, 4, 3, 2], [], [0, 1]]
17: [[7, 6, 5, 4, 3, 2, 1], [], [0]]
18: [[7, 6, 5, 4, 3, 2, 1, 0], [], []]
--------------------------

The beam width:                  15
The length of solution:          22
The number of nodes expanded:    598
The total CPU time of heuristic: 0.004264999999406882
The total CPU time of A*:        0.3171649999999886
The type of heuristic:           Adimissible
-----------path-----------
1: [[1, 6, 7, 2, 5, 3, 4, 0], [], []]
2: [[1, 6, 7, 2, 5, 3, 4], [0], []]
3: [[1, 6, 7, 2, 5, 3], [0], [4]]
4: [[1, 6, 7, 2, 5], [0, 3], [4]]
5: [[1, 6, 7, 2], [0, 3], [4, 5]]
6: [[1, 6, 7], [0, 3, 2], [4, 5]]
7: [[1, 6], [0, 3, 2], [4, 5, 7]]
8: [[1], [0, 3, 2, 6], [4, 5, 7]]
9: [[], [0, 3, 2, 6, 1], [4, 5, 7]]
10: [[7], [0, 3, 2, 6, 1], [4, 5]]
11: [[7, 1], [0, 3, 2, 6], [4, 5]]
12: [[7, 1], [0, 3, 2], [4, 5, 6]]
13: [[7], [0, 3, 2, 1], [4, 5, 6]]
14: [[7, 6], [0, 3, 2, 1], [4, 5]]
15: [[7, 6, 5], [0, 3, 2, 1], [4]]
16: [[7, 6, 5, 4], [0, 3, 2, 1], []]
17: [[7, 6, 5, 4], [0, 3, 2], [1]]
18: [[7, 6, 5, 4], [0, 3], [1, 2]]
19: [[7, 6, 5, 4, 3], [0], [1, 2]]
20: [[7, 6, 5, 4, 3, 2], [0], [1]]
21: [[7, 6, 5, 4, 3, 2, 1], [0], []]
22: [[7, 6, 5, 4, 3, 2, 1, 0], [], []]
--------------------------

The beam width:                  15
The length of solution:          20
The number of nodes expanded:    394
The total CPU time of heuristic: 0.002575000000348382
The total CPU time of A*:        0.15744800000001646
The type of heuristic:           Adimissible
-----------path-----------
1: [[3, 4, 6, 5, 2, 1, 7, 0], [], []]
2: [[3, 4, 6, 5, 2, 1, 7], [0], []]
3: [[3, 4, 6, 5, 2, 1], [0, 7], []]
4: [[3, 4, 6, 5, 2], [0, 7], [1]]
5: [[3, 4, 6, 5, 2], [0], [1, 7]]
6: [[3, 4, 6, 5], [0, 2], [1, 7]]
7: [[3, 4, 6], [0, 2, 5], [1, 7]]
8: [[3, 4], [0, 2, 5, 6], [1, 7]]
9: [[3], [0, 2, 5, 6, 4], [1, 7]]
10: [[], [0, 2, 5, 6, 4, 3], [1, 7]]
11: [[7], [0, 2, 5, 6, 4, 3], [1]]
12: [[7], [0, 2, 5, 6, 4], [1, 3]]
13: [[7], [0, 2, 5, 6], [1, 3, 4]]
14: [[7, 6], [0, 2, 5], [1, 3, 4]]
15: [[7, 6, 5], [0, 2], [1, 3, 4]]
16: [[7, 6, 5, 4], [0, 2], [1, 3]]
17: [[7, 6, 5, 4, 3], [0, 2], [1]]
18: [[7, 6, 5, 4, 3, 2], [0], [1]]
19: [[7, 6, 5, 4, 3, 2, 1], [0], []]
20: [[7, 6, 5, 4, 3, 2, 1, 0], [], []]
--------------------------

The beam width:                  15
The length of solution:          18
The number of nodes expanded:    360
The total CPU time of heuristic: 0.002328999999633652
The total CPU time of A*:        0.13164299999999685
The type of heuristic:           Adimissible
-----------path-----------
1: [[7, 2, 3, 0, 6, 1, 4, 5], [], []]
2: [[7, 2, 3, 0, 6, 1, 4], [5], []]
3: [[7, 2, 3, 0, 6, 1], [5], [4]]
4: [[7, 2, 3, 0, 6, 1], [], [4, 5]]
5: [[7, 2, 3, 0, 6], [1], [4, 5]]
6: [[7, 2, 3, 0], [1], [4, 5, 6]]
7: [[7, 2, 3], [1, 0], [4, 5, 6]]
8: [[7, 2], [1, 0, 3], [4, 5, 6]]
9: [[7], [1, 0, 3, 2], [4, 5, 6]]
10: [[7, 6], [1, 0, 3, 2], [4, 5]]
11: [[7, 6, 5], [1, 0, 3, 2], [4]]
12: [[7, 6, 5, 4], [1, 0, 3, 2], []]
13: [[7, 6, 5, 4], [1, 0, 3], [2]]
14: [[7, 6, 5, 4, 3], [1, 0], [2]]
15: [[7, 6, 5, 4, 3, 2], [1, 0], []]
16: [[7, 6, 5, 4, 3, 2], [1], [0]]
17: [[7, 6, 5, 4, 3, 2, 1], [], [0]]
18: [[7, 6, 5, 4, 3, 2, 1, 0], [], []]
--------------------------

The beam width:                  15
The length of solution:          22
The number of nodes expanded:    512
The total CPU time of heuristic: 0.0035869999996407387
The total CPU time of A*:        0.2568689999999947
The type of heuristic:           Adimissible
-----------path-----------
1: [[3, 7, 6, 0, 4, 1, 5, 2], [], []]
2: [[3, 7, 6, 0, 4, 1, 5], [], [2]]
3: [[3, 7, 6, 0, 4, 1], [], [2, 5]]
4: [[3, 7, 6, 0, 4], [1], [2, 5]]
5: [[3, 7, 6, 0], [1, 4], [2, 5]]
6: [[3, 7, 6], [1, 4, 0], [2, 5]]
7: [[3, 7], [1, 4, 0], [2, 5, 6]]
8: [[3], [1, 4, 0], [2, 5, 6, 7]]
9: [[], [1, 4, 0, 3], [2, 5, 6, 7]]
10: [[7], [1, 4, 0, 3], [2, 5, 6]]
11: [[7, 6], [1, 4, 0, 3], [2, 5]]
12: [[7, 6, 5], [1, 4, 0, 3], [2]]
13: [[7, 6, 5], [1, 4, 0], [2, 3]]
14: [[7, 6, 5, 0], [1, 4], [2, 3]]
15: [[7, 6, 5, 0], [1], [2, 3, 4]]
16: [[7, 6, 5], [1, 0], [2, 3, 4]]
17: [[7, 6, 5, 4], [1, 0], [2, 3]]
18: [[7, 6, 5, 4, 3], [1, 0], [2]]
19: [[7, 6, 5, 4, 3, 2], [1, 0], []]
20: [[7, 6, 5, 4, 3, 2], [1], [0]]
21: [[7, 6, 5, 4, 3, 2, 1], [], [0]]
22: [[7, 6, 5, 4, 3, 2, 1, 0], [], []]
--------------------------

The beam width:                  15
The length of solution:          25
The number of nodes expanded:    615
The total CPU time of heuristic: 0.004505000000335713
The total CPU time of A*:        0.36481900000001133
The type of heuristic:           Adimissible
-----------path-----------
1: [[3, 4, 0, 2, 6, 1, 5, 7], [], []]
2: [[3, 4, 0, 2, 6, 1, 5], [], [7]]
3: [[3, 4, 0, 2, 6, 1], [], [7, 5]]
4: [[3, 4, 0, 2, 6], [1], [7, 5]]
5: [[3, 4, 0, 2, 6], [1, 5], [7]]
6: [[3, 4, 0, 2], [1, 5, 6], [7]]
7: [[3, 4, 0], [1, 5, 6, 2], [7]]
8: [[3, 4], [1, 5, 6, 2, 0], [7]]
9: [[3], [1, 5, 6, 2, 0, 4], [7]]
10: [[], [1, 5, 6, 2, 0, 4, 3], [7]]
11: [[7], [1, 5, 6, 2, 0, 4, 3], []]
12: [[7, 3], [1, 5, 6, 2, 0, 4], []]
13: [[7, 3, 4], [1, 5, 6, 2, 0], []]
14: [[7, 3, 4], [1, 5, 6, 2], [0]]
15: [[7, 3, 4], [1, 5, 6], [0, 2]]
16: [[7, 3], [1, 5, 6, 4], [0, 2]]
17: [[7], [1, 5, 6, 4], [0, 2, 3]]
18: [[7], [1, 5, 6], [0, 2, 3, 4]]
19: [[7, 6], [1, 5], [0, 2, 3, 4]]
20: [[7, 6, 5], [1], [0, 2, 3, 4]]
21: [[7, 6, 5, 4], [1], [0, 2, 3]]
22: [[7, 6, 5, 4, 3], [1], [0, 2]]
23: [[7, 6, 5, 4, 3, 2], [1], [0]]
24: [[7, 6, 5, 4, 3, 2, 1], [], [0]]
25: [[7, 6, 5, 4, 3, 2, 1, 0], [], []]
--------------------------

The beam width:                  15
The length of solution:          18
The number of nodes expanded:    349
The total CPU time of heuristic: 0.0024699999997324085
The total CPU time of A*:        0.13909699999999248
The type of heuristic:           Adimissible
-----------path-----------
1: [[7, 1, 2, 3, 4, 6, 5, 0], [], []]
2: [[7, 1, 2, 3, 4, 6, 5], [0], []]
3: [[7, 1, 2, 3, 4, 6], [0], [5]]
4: [[7, 1, 2, 3, 4], [0], [5, 6]]
5: [[7, 1, 2, 3], [0, 4], [5, 6]]
6: [[7, 1, 2], [0, 4, 3], [5, 6]]
7: [[7, 1], [0, 4, 3, 2], [5, 6]]
8: [[7], [0, 4, 3, 2, 1], [5, 6]]
9: [[7, 6], [0, 4, 3, 2, 1], [5]]
10: [[7, 6, 5], [0, 4, 3, 2, 1], []]
11: [[7, 6, 5], [0, 4, 3, 2], [1]]
12: [[7, 6, 5], [0, 4, 3], [1, 2]]
13: [[7, 6, 5], [0, 4], [1, 2, 3]]
14: [[7, 6, 5, 4], [0], [1, 2, 3]]
15: [[7, 6, 5, 4, 3], [0], [1, 2]]
16: [[7, 6, 5, 4, 3, 2], [0], [1]]
17: [[7, 6, 5, 4, 3, 2, 1], [0], []]
18: [[7, 6, 5, 4, 3, 2, 1, 0], [], []]
--------------------------

The beam width:                  15
The length of solution:          22
The number of nodes expanded:    553
The total CPU time of heuristic: 0.003994999999747506
The total CPU time of A*:        0.2966419999999914
The type of heuristic:           Adimissible
-----------path-----------
1: [[0, 6, 7, 5, 3, 1, 4, 2], [], []]
2: [[0, 6, 7, 5, 3, 1, 4], [], [2]]
3: [[0, 6, 7, 5, 3, 1], [], [2, 4]]
4: [[0, 6, 7, 5, 3], [], [2, 4, 1]]
5: [[0, 6, 7, 5], [3], [2, 4, 1]]
6: [[0, 6, 7], [3, 5], [2, 4, 1]]
7: [[0, 6], [3, 5, 7], [2, 4, 1]]
8: [[0], [3, 5, 7, 6], [2, 4, 1]]
9: [[], [3, 5, 7, 6], [2, 4, 1, 0]]
10: [[], [3, 5, 7], [2, 4, 1, 0, 6]]
11: [[7], [3, 5], [2, 4, 1, 0, 6]]
12: [[7, 6], [3, 5], [2, 4, 1, 0]]
13: [[7, 6, 5], [3], [2, 4, 1, 0]]
14: [[7, 6, 5, 3], [], [2, 4, 1, 0]]
15: [[7, 6, 5, 3], [0], [2, 4, 1]]
16: [[7, 6, 5, 3], [0, 1], [2, 4]]
17: [[7, 6, 5], [0, 1, 3], [2, 4]]
18: [[7, 6, 5, 4], [0, 1, 3], [2]]
19: [[7, 6, 5, 4, 3], [0, 1], [2]]
20: [[7, 6, 5, 4, 3, 2], [0, 1], []]
21: [[7, 6, 5, 4, 3, 2, 1], [0], []]
22: [[7, 6, 5, 4, 3, 2, 1, 0], [], []]
--------------------------

The beam width:                  15
The length of solution:          20
The number of nodes expanded:    427
The total CPU time of heuristic: 0.003004000000430551
The total CPU time of A*:        0.1962739999999883
The type of heuristic:           Adimissible
-----------path-----------
1: [[5, 7, 3, 0, 2, 4, 1, 6], [], []]
2: [[5, 7, 3, 0, 2, 4, 1], [6], []]
3: [[5, 7, 3, 0, 2, 4], [6], [1]]
4: [[5, 7, 3, 0, 2], [6], [1, 4]]
5: [[5, 7, 3, 0, 2], [], [1, 4, 6]]
6: [[5, 7, 3, 0], [2], [1, 4, 6]]
7: [[5, 7, 3], [2, 0], [1, 4, 6]]
8: [[5, 7], [2, 0, 3], [1, 4, 6]]
9: [[5], [2, 0, 3], [1, 4, 6, 7]]
10: [[], [2, 0, 3, 5], [1, 4, 6, 7]]
11: [[7], [2, 0, 3, 5], [1, 4, 6]]
12: [[7, 6], [2, 0, 3, 5], [1, 4]]
13: [[7, 6, 5], [2, 0, 3], [1, 4]]
14: [[7, 6, 5, 4], [2, 0, 3], [1]]
15: [[7, 6, 5, 4, 3], [2, 0], [1]]
16: [[7, 6, 5, 4, 3], [2], [1, 0]]
17: [[7, 6, 5, 4, 3, 2], [], [1, 0]]
18: [[7, 6, 5, 4, 3, 2], [0], [1]]
19: [[7, 6, 5, 4, 3, 2, 1], [0], []]
20: [[7, 6, 5, 4, 3, 2, 1, 0], [], []]
--------------------------

