The beam width:                  10
The length of solution:          24
The number of nodes expanded:    425
The total CPU time of heuristic: 0.0030670000004136
The total CPU time of A*:        0.21390900000000101
The type of heuristic:           Adimissible
-----------path-----------
1: [[1, 3, 0, 6, 5, 2, 4, 7], [], []]
2: [[1, 3, 0, 6, 5, 2, 4], [], [7]]
3: [[1, 3, 0, 6, 5, 2], [], [7, 4]]
4: [[1, 3, 0, 6, 5], [2], [7, 4]]
5: [[1, 3, 0, 6, 5], [2, 4], [7]]
6: [[1, 3, 0, 6], [2, 4, 5], [7]]
7: [[1, 3, 0], [2, 4, 5, 6], [7]]
8: [[1, 3], [2, 4, 5, 6, 0], [7]]
9: [[1], [2, 4, 5, 6, 0, 3], [7]]
10: [[], [2, 4, 5, 6, 0, 3, 1], [7]]
11: [[7], [2, 4, 5, 6, 0, 3, 1], []]
12: [[7, 1], [2, 4, 5, 6, 0, 3], []]
13: [[7, 1, 3], [2, 4, 5, 6, 0], []]
14: [[7, 1, 3], [2, 4, 5, 6], [0]]
15: [[7, 1], [2, 4, 5, 6, 3], [0]]
16: [[7], [2, 4, 5, 6, 3], [0, 1]]
17: [[7], [2, 4, 5, 6], [0, 1, 3]]
18: [[7, 6], [2, 4, 5], [0, 1, 3]]
19: [[7, 6, 5], [2, 4], [0, 1, 3]]
20: [[7, 6, 5, 4], [2], [0, 1, 3]]
21: [[7, 6, 5, 4, 3], [2], [0, 1]]
22: [[7, 6, 5, 4, 3, 2], [], [0, 1]]
23: [[7, 6, 5, 4, 3, 2, 1], [], [0]]
24: [[7, 6, 5, 4, 3, 2, 1, 0], [], []]
--------------------------

The beam width:                  10
The length of solution:          18
The number of nodes expanded:    157
The total CPU time of heuristic: 0.0010659999998381409
The total CPU time of A*:        0.04767400000000066
The type of heuristic:           Adimissible
-----------path-----------
1: [[5, 4, 6, 1, 7, 0, 3, 2], [], []]
2: [[5, 4, 6, 1, 7, 0, 3], [2], []]
3: [[5, 4, 6, 1, 7, 0], [2, 3], []]
4: [[5, 4, 6, 1, 7], [2, 3], [0]]
5: [[5, 4, 6, 1], [2, 3, 7], [0]]
6: [[5, 4, 6], [2, 3, 7], [0, 1]]
7: [[5, 4], [2, 3, 7, 6], [0, 1]]
8: [[5], [2, 3, 7, 6], [0, 1, 4]]
9: [[], [2, 3, 7, 6], [0, 1, 4, 5]]
10: [[], [2, 3, 7], [0, 1, 4, 5, 6]]
11: [[7], [2, 3], [0, 1, 4, 5, 6]]
12: [[7, 6], [2, 3], [0, 1, 4, 5]]
13: [[7, 6, 5], [2, 3], [0, 1, 4]]
14: [[7, 6, 5, 4], [2, 3], [0, 1]]
15: [[7, 6, 5, 4, 3], [2], [0, 1]]
16: [[7, 6, 5, 4, 3, 2], [], [0, 1]]
17: [[7, 6, 5, 4, 3, 2, 1], [], [0]]
18: [[7, 6, 5, 4, 3, 2, 1, 0], [], []]
--------------------------

The beam width:                  10
The length of solution:          20
The number of nodes expanded:    271
The total CPU time of heuristic: 0.0017840000002706802
The total CPU time of A*:        0.09924399999999878
The type of heuristic:           Adimissible
-----------path-----------
1: [[0, 5, 3, 4, 2, 1, 6, 7], [], []]
2: [[0, 5, 3, 4, 2, 1, 6], [7], []]
3: [[0, 5, 3, 4, 2, 1], [7], [6]]
4: [[0, 5, 3, 4, 2, 1], [], [6, 7]]
5: [[0, 5, 3, 4, 2], [1], [6, 7]]
6: [[0, 5, 3, 4], [1, 2], [6, 7]]
7: [[0, 5, 3], [1, 2, 4], [6, 7]]
8: [[0, 5], [1, 2, 4, 3], [6, 7]]
9: [[0], [1, 2, 4, 3, 5], [6, 7]]
10: [[], [1, 2, 4, 3, 5, 0], [6, 7]]
11: [[7], [1, 2, 4, 3, 5, 0], [6]]
12: [[7, 6], [1, 2, 4, 3, 5, 0], []]
13: [[7, 6], [1, 2, 4, 3, 5], [0]]
14: [[7, 6, 5], [1, 2, 4, 3], [0]]
15: [[7, 6, 5], [1, 2, 4], [0, 3]]
16: [[7, 6, 5, 4], [1, 2], [0, 3]]
17: [[7, 6, 5, 4, 3], [1, 2], [0]]
18: [[7, 6, 5, 4, 3, 2], [1], [0]]
19: [[7, 6, 5, 4, 3, 2, 1], [], [0]]
20: [[7, 6, 5, 4, 3, 2, 1, 0], [], []]
--------------------------

The beam width:                  10
The length of solution:          21
The number of nodes expanded:    328
The total CPU time of heuristic: 0.0021779999998727817
The total CPU time of A*:        0.14588499999999271
The type of heuristic:           Adimissible
-----------path-----------
1: [[2, 4, 3, 5, 7, 6, 0, 1], [], []]
2: [[2, 4, 3, 5, 7, 6, 0], [], [1]]
3: [[2, 4, 3, 5, 7, 6], [0], [1]]
4: [[2, 4, 3, 5, 7], [0], [1, 6]]
5: [[2, 4, 3, 5], [0], [1, 6, 7]]
6: [[2, 4, 3], [0, 5], [1, 6, 7]]
7: [[2, 4], [0, 5, 3], [1, 6, 7]]
8: [[2], [0, 5, 3, 4], [1, 6, 7]]
9: [[], [0, 5, 3, 4, 2], [1, 6, 7]]
10: [[7], [0, 5, 3, 4, 2], [1, 6]]
11: [[7, 6], [0, 5, 3, 4, 2], [1]]
12: [[7, 6], [0, 5, 3, 4], [1, 2]]
13: [[7, 6, 4], [0, 5, 3], [1, 2]]
14: [[7, 6, 4], [0, 5], [1, 2, 3]]
15: [[7, 6], [0, 5], [1, 2, 3, 4]]
16: [[7, 6, 5], [0], [1, 2, 3, 4]]
17: [[7, 6, 5, 4], [0], [1, 2, 3]]
18: [[7, 6, 5, 4, 3], [0], [1, 2]]
19: [[7, 6, 5, 4, 3, 2], [0], [1]]
20: [[7, 6, 5, 4, 3, 2, 1], [0], []]
21: [[7, 6, 5, 4, 3, 2, 1, 0], [], []]
--------------------------

The beam width:                  10
The length of solution:          24
The number of nodes expanded:    514
The total CPU time of heuristic: 0.0036860000001013304
The total CPU time of A*:        0.29867599999997196
The type of heuristic:           Adimissible
-----------path-----------
1: [[5, 4, 2, 6, 3, 7, 1, 0], [], []]
2: [[5, 4, 2, 6, 3, 7, 1], [], [0]]
3: [[5, 4, 2, 6, 3, 7], [1], [0]]
4: [[5, 4, 2, 6, 3], [1], [0, 7]]
5: [[5, 4, 2, 6], [1, 3], [0, 7]]
6: [[5, 4, 2], [1, 3, 6], [0, 7]]
7: [[5, 4], [1, 3, 6, 2], [0, 7]]
8: [[5], [1, 3, 6, 2, 4], [0, 7]]
9: [[], [1, 3, 6, 2, 4, 5], [0, 7]]
10: [[7], [1, 3, 6, 2, 4, 5], [0]]
11: [[7, 5], [1, 3, 6, 2, 4], [0]]
12: [[7, 5], [1, 3, 6, 2], [0, 4]]
13: [[7], [1, 3, 6, 2], [0, 4, 5]]
14: [[7, 2], [1, 3, 6], [0, 4, 5]]
15: [[7, 2], [1, 3], [0, 4, 5, 6]]
16: [[7], [1, 3, 2], [0, 4, 5, 6]]
17: [[7, 6], [1, 3, 2], [0, 4, 5]]
18: [[7, 6, 5], [1, 3, 2], [0, 4]]
19: [[7, 6, 5, 4], [1, 3, 2], [0]]
20: [[7, 6, 5, 4], [1, 3], [0, 2]]
21: [[7, 6, 5, 4, 3], [1], [0, 2]]
22: [[7, 6, 5, 4, 3, 2], [1], [0]]
23: [[7, 6, 5, 4, 3, 2, 1], [], [0]]
24: [[7, 6, 5, 4, 3, 2, 1, 0], [], []]
--------------------------

The beam width:                  10
The length of solution:          20
The number of nodes expanded:    229
The total CPU time of heuristic: 0.001422000000047774
The total CPU time of A*:        0.07489799999999036
The type of heuristic:           Adimissible
-----------path-----------
1: [[1, 4, 0, 3, 7, 2, 6, 5], [], []]
2: [[1, 4, 0, 3, 7, 2, 6], [], [5]]
3: [[1, 4, 0, 3, 7, 2], [], [5, 6]]
4: [[1, 4, 0, 3, 7], [2], [5, 6]]
5: [[1, 4, 0, 3], [2], [5, 6, 7]]
6: [[1, 4, 0], [2, 3], [5, 6, 7]]
7: [[1, 4], [2, 3, 0], [5, 6, 7]]
8: [[1], [2, 3, 0, 4], [5, 6, 7]]
9: [[], [2, 3, 0, 4, 1], [5, 6, 7]]
10: [[7], [2, 3, 0, 4, 1], [5, 6]]
11: [[7, 6], [2, 3, 0, 4, 1], [5]]
12: [[7, 6, 5], [2, 3, 0, 4, 1], []]
13: [[7, 6, 5], [2, 3, 0, 4], [1]]
14: [[7, 6, 5, 4], [2, 3, 0], [1]]
15: [[7, 6, 5, 4], [2, 3], [1, 0]]
16: [[7, 6, 5, 4, 3], [2], [1, 0]]
17: [[7, 6, 5, 4, 3, 2], [], [1, 0]]
18: [[7, 6, 5, 4, 3, 2], [0], [1]]
19: [[7, 6, 5, 4, 3, 2, 1], [0], []]
20: [[7, 6, 5, 4, 3, 2, 1, 0], [], []]
--------------------------

The beam width:                  10
The length of solution:          24
The number of nodes expanded:    394
The total CPU time of heuristic: 0.002829999999590882
The total CPU time of A*:        0.19579500000000394
The type of heuristic:           Adimissible
-----------path-----------
1: [[1, 3, 0, 6, 2, 7, 4, 5], [], []]
2: [[1, 3, 0, 6, 2, 7, 4], [], [5]]
3: [[1, 3, 0, 6, 2, 7], [4], [5]]
4: [[1, 3, 0, 6, 2, 7], [4, 5], []]
5: [[1, 3, 0, 6, 2], [4, 5, 7], []]
6: [[1, 3, 0, 6], [4, 5, 7, 2], []]
7: [[1, 3, 0], [4, 5, 7, 2, 6], []]
8: [[1, 3], [4, 5, 7, 2, 6], [0]]
9: [[1], [4, 5, 7, 2, 6, 3], [0]]
10: [[], [4, 5, 7, 2, 6, 3], [0, 1]]
11: [[3], [4, 5, 7, 2, 6], [0, 1]]
12: [[3, 6], [4, 5, 7, 2], [0, 1]]
13: [[3, 6], [4, 5, 7], [0, 1, 2]]
14: [[3], [4, 5, 7, 6], [0, 1, 2]]
15: [[], [4, 5, 7, 6], [0, 1, 2, 3]]
16: [[], [4, 5, 7], [0, 1, 2, 3, 6]]
17: [[7], [4, 5], [0, 1, 2, 3, 6]]
18: [[7, 6], [4, 5], [0, 1, 2, 3]]
19: [[7, 6, 5], [4], [0, 1, 2, 3]]
20: [[7, 6, 5, 4], [], [0, 1, 2, 3]]
21: [[7, 6, 5, 4, 3], [], [0, 1, 2]]
22: [[7, 6, 5, 4, 3, 2], [], [0, 1]]
23: [[7, 6, 5, 4, 3, 2, 1], [], [0]]
24: [[7, 6, 5, 4, 3, 2, 1, 0], [], []]
--------------------------

The beam width:                  10
The length of solution:          23
The number of nodes expanded:    387
The total CPU time of heuristic: 0.0024759999995467297
The total CPU time of A*:        0.1792030000000011
The type of heuristic:           Adimissible
-----------path-----------
1: [[4, 3, 7, 0, 5, 1, 2, 6], [], []]
2: [[4, 3, 7, 0, 5, 1, 2], [], [6]]
3: [[4, 3, 7, 0, 5, 1], [], [6, 2]]
4: [[4, 3, 7, 0, 5], [1], [6, 2]]
5: [[4, 3, 7, 0, 5], [1, 2], [6]]
6: [[4, 3, 7, 0], [1, 2, 5], [6]]
7: [[4, 3, 7], [1, 2, 5, 0], [6]]
8: [[4, 3], [1, 2, 5, 0], [6, 7]]
9: [[4], [1, 2, 5, 0, 3], [6, 7]]
10: [[], [1, 2, 5, 0, 3, 4], [6, 7]]
11: [[7], [1, 2, 5, 0, 3, 4], [6]]
12: [[7, 6], [1, 2, 5, 0, 3, 4], []]
13: [[7, 6, 4], [1, 2, 5, 0, 3], []]
14: [[7, 6, 4, 3], [1, 2, 5, 0], []]
15: [[7, 6, 4, 3], [1, 2, 5], [0]]
16: [[7, 6, 4], [1, 2, 5], [0, 3]]
17: [[7, 6], [1, 2, 5], [0, 3, 4]]
18: [[7, 6, 5], [1, 2], [0, 3, 4]]
19: [[7, 6, 5, 4], [1, 2], [0, 3]]
20: [[7, 6, 5, 4, 3], [1, 2], [0]]
21: [[7, 6, 5, 4, 3, 2], [1], [0]]
22: [[7, 6, 5, 4, 3, 2, 1], [], [0]]
23: [[7, 6, 5, 4, 3, 2, 1, 0], [], []]
--------------------------

The beam width:                  10
The length of solution:          21
The number of nodes expanded:    365
The total CPU time of heuristic: 0.002550000000127284
The total CPU time of A*:        0.1612609999999961
The type of heuristic:           Adimissible
-----------path-----------
1: [[3, 2, 6, 7, 1, 4, 5, 0], [], []]
2: [[3, 2, 6, 7, 1, 4, 5], [0], []]
3: [[3, 2, 6, 7, 1, 4], [0, 5], []]
4: [[3, 2, 6, 7, 1], [0, 5, 4], []]
5: [[3, 2, 6, 7], [0, 5, 4], [1]]
6: [[3, 2, 6], [0, 5, 4], [1, 7]]
7: [[3, 2], [0, 5, 4, 6], [1, 7]]
8: [[3], [0, 5, 4, 6, 2], [1, 7]]
9: [[], [0, 5, 4, 6, 2, 3], [1, 7]]
10: [[7], [0, 5, 4, 6, 2, 3], [1]]
11: [[7, 3], [0, 5, 4, 6, 2], [1]]
12: [[7, 3], [0, 5, 4, 6], [1, 2]]
13: [[7], [0, 5, 4, 6], [1, 2, 3]]
14: [[7, 6], [0, 5, 4], [1, 2, 3]]
15: [[7, 6], [0, 5], [1, 2, 3, 4]]
16: [[7, 6, 5], [0], [1, 2, 3, 4]]
17: [[7, 6, 5, 4], [0], [1, 2, 3]]
18: [[7, 6, 5, 4, 3], [0], [1, 2]]
19: [[7, 6, 5, 4, 3, 2], [0], [1]]
20: [[7, 6, 5, 4, 3, 2, 1], [0], []]
21: [[7, 6, 5, 4, 3, 2, 1, 0], [], []]
--------------------------

The beam width:                  10
The length of solution:          26
The number of nodes expanded:    548
The total CPU time of heuristic: 0.0040960000000893615
The total CPU time of A*:        0.34287700000001564
The type of heuristic:           Adimissible
-----------path-----------
1: [[1, 6, 0, 5, 7, 3, 2, 4], [], []]
2: [[1, 6, 0, 5, 7, 3, 2], [], [4]]
3: [[1, 6, 0, 5, 7, 3], [2], [4]]
4: [[1, 6, 0, 5, 7, 3], [2, 4], []]
5: [[1, 6, 0, 5, 7], [2, 4], [3]]
6: [[1, 6, 0, 5], [2, 4], [3, 7]]
7: [[1, 6, 0], [2, 4, 5], [3, 7]]
8: [[1, 6], [2, 4, 5, 0], [3, 7]]
9: [[1], [2, 4, 5, 0, 6], [3, 7]]
10: [[], [2, 4, 5, 0, 6, 1], [3, 7]]
11: [[7], [2, 4, 5, 0, 6, 1], [3]]
12: [[7], [2, 4, 5, 0, 6], [3, 1]]
13: [[7, 6], [2, 4, 5, 0], [3, 1]]
14: [[7, 6], [2, 4, 5], [3, 1, 0]]
15: [[7, 6, 5], [2, 4], [3, 1, 0]]
16: [[7, 6, 5, 4], [2], [3, 1, 0]]
17: [[7, 6, 5, 4, 0], [2], [3, 1]]
18: [[7, 6, 5, 4, 0, 1], [2], [3]]
19: [[7, 6, 5, 4, 0, 1], [2, 3], []]
20: [[7, 6, 5, 4, 0], [2, 3, 1], []]
21: [[7, 6, 5, 4], [2, 3, 1], [0]]
22: [[7, 6, 5, 4], [2, 3], [0, 1]]
23: [[7, 6, 5, 4, 3], [2], [0, 1]]
24: [[7, 6, 5, 4, 3, 2], [], [0, 1]]
25: [[7, 6, 5, 4, 3, 2, 1], [], [0]]
26: [[7, 6, 5, 4, 3, 2, 1, 0], [], []]
--------------------------

The beam width:                  10
The length of solution:          21
The number of nodes expanded:    292
The total CPU time of heuristic: 0.0019370000000833443
The total CPU time of A*:        0.11273800000000733
The type of heuristic:           Adimissible
-----------path-----------
1: [[4, 2, 6, 5, 1, 7, 0, 3], [], []]
2: [[4, 2, 6, 5, 1, 7, 0], [], [3]]
3: [[4, 2, 6, 5, 1, 7], [0], [3]]
4: [[4, 2, 6, 5, 1, 7], [0, 3], []]
5: [[4, 2, 6, 5, 1], [0, 3, 7], []]
6: [[4, 2, 6, 5], [0, 3, 7], [1]]
7: [[4, 2, 6], [0, 3, 7, 5], [1]]
8: [[4, 2], [0, 3, 7, 5, 6], [1]]
9: [[4], [0, 3, 7, 5, 6], [1, 2]]
10: [[], [0, 3, 7, 5, 6], [1, 2, 4]]
11: [[6], [0, 3, 7, 5], [1, 2, 4]]
12: [[6], [0, 3, 7], [1, 2, 4, 5]]
13: [[], [0, 3, 7], [1, 2, 4, 5, 6]]
14: [[7], [0, 3], [1, 2, 4, 5, 6]]
15: [[7, 6], [0, 3], [1, 2, 4, 5]]
16: [[7, 6, 5], [0, 3], [1, 2, 4]]
17: [[7, 6, 5, 4], [0, 3], [1, 2]]
18: [[7, 6, 5, 4, 3], [0], [1, 2]]
19: [[7, 6, 5, 4, 3, 2], [0], [1]]
20: [[7, 6, 5, 4, 3, 2, 1], [0], []]
21: [[7, 6, 5, 4, 3, 2, 1, 0], [], []]
--------------------------

The beam width:                  10
The length of solution:          18
The number of nodes expanded:    210
The total CPU time of heuristic: 0.0015200000000845648
The total CPU time of A*:        0.07596800000001735
The type of heuristic:           Adimissible
-----------path-----------
1: [[5, 4, 3, 2, 6, 7, 1, 0], [], []]
2: [[5, 4, 3, 2, 6, 7, 1], [], [0]]
3: [[5, 4, 3, 2, 6, 7], [], [0, 1]]
4: [[5, 4, 3, 2, 6], [7], [0, 1]]
5: [[5, 4, 3, 2], [7, 6], [0, 1]]
6: [[5, 4, 3], [7, 6], [0, 1, 2]]
7: [[5, 4], [7, 6], [0, 1, 2, 3]]
8: [[5], [7, 6], [0, 1, 2, 3, 4]]
9: [[], [7, 6], [0, 1, 2, 3, 4, 5]]
10: [[], [7], [0, 1, 2, 3, 4, 5, 6]]
11: [[7], [], [0, 1, 2, 3, 4, 5, 6]]
12: [[7, 6], [], [0, 1, 2, 3, 4, 5]]
13: [[7, 6, 5], [], [0, 1, 2, 3, 4]]
14: [[7, 6, 5, 4], [], [0, 1, 2, 3]]
15: [[7, 6, 5, 4, 3], [], [0, 1, 2]]
16: [[7, 6, 5, 4, 3, 2], [], [0, 1]]
17: [[7, 6, 5, 4, 3, 2, 1], [], [0]]
18: [[7, 6, 5, 4, 3, 2, 1, 0], [], []]
--------------------------

The beam width:                  10
The length of solution:          22
The number of nodes expanded:    458
The total CPU time of heuristic: 0.0030550000001312583
The total CPU time of A*:        0.22673500000001923
The type of heuristic:           Adimissible
-----------path-----------
1: [[1, 6, 7, 2, 5, 3, 4, 0], [], []]
2: [[1, 6, 7, 2, 5, 3, 4], [], [0]]
3: [[1, 6, 7, 2, 5, 3], [], [0, 4]]
4: [[1, 6, 7, 2, 5], [3], [0, 4]]
5: [[1, 6, 7, 2], [3], [0, 4, 5]]
6: [[1, 6, 7], [3, 2], [0, 4, 5]]
7: [[1, 6], [3, 2], [0, 4, 5, 7]]
8: [[1], [3, 2, 6], [0, 4, 5, 7]]
9: [[], [3, 2, 6, 1], [0, 4, 5, 7]]
10: [[7], [3, 2, 6, 1], [0, 4, 5]]
11: [[7, 1], [3, 2, 6], [0, 4, 5]]
12: [[7, 1], [3, 2], [0, 4, 5, 6]]
13: [[7], [3, 2, 1], [0, 4, 5, 6]]
14: [[7, 6], [3, 2, 1], [0, 4, 5]]
15: [[7, 6, 5], [3, 2, 1], [0, 4]]
16: [[7, 6, 5, 4], [3, 2, 1], [0]]
17: [[7, 6, 5, 4], [3, 2], [0, 1]]
18: [[7, 6, 5, 4], [3], [0, 1, 2]]
19: [[7, 6, 5, 4, 3], [], [0, 1, 2]]
20: [[7, 6, 5, 4, 3, 2], [], [0, 1]]
21: [[7, 6, 5, 4, 3, 2, 1], [], [0]]
22: [[7, 6, 5, 4, 3, 2, 1, 0], [], []]
--------------------------

The beam width:                  10
The length of solution:          19
The number of nodes expanded:    240
The total CPU time of heuristic: 0.0016289999999230531
The total CPU time of A*:        0.09029499999999757
The type of heuristic:           Adimissible
-----------path-----------
1: [[3, 4, 6, 5, 2, 1, 7, 0], [], []]
2: [[3, 4, 6, 5, 2, 1, 7], [], [0]]
3: [[3, 4, 6, 5, 2, 1], [], [0, 7]]
4: [[3, 4, 6, 5, 2], [1], [0, 7]]
5: [[3, 4, 6, 5], [1, 2], [0, 7]]
6: [[3, 4, 6], [1, 2, 5], [0, 7]]
7: [[3, 4], [1, 2, 5, 6], [0, 7]]
8: [[3], [1, 2, 5, 6, 4], [0, 7]]
9: [[], [1, 2, 5, 6, 4, 3], [0, 7]]
10: [[7], [1, 2, 5, 6, 4, 3], [0]]
11: [[7], [1, 2, 5, 6, 4], [0, 3]]
12: [[7], [1, 2, 5, 6], [0, 3, 4]]
13: [[7, 6], [1, 2, 5], [0, 3, 4]]
14: [[7, 6, 5], [1, 2], [0, 3, 4]]
15: [[7, 6, 5, 4], [1, 2], [0, 3]]
16: [[7, 6, 5, 4, 3], [1, 2], [0]]
17: [[7, 6, 5, 4, 3, 2], [1], [0]]
18: [[7, 6, 5, 4, 3, 2, 1], [], [0]]
19: [[7, 6, 5, 4, 3, 2, 1, 0], [], []]
--------------------------

The beam width:                  10
The length of solution:          18
The number of nodes expanded:    294
The total CPU time of heuristic: 0.002001999999720283
The total CPU time of A*:        0.10778199999998606
The type of heuristic:           Adimissible
-----------path-----------
1: [[7, 2, 3, 0, 6, 1, 4, 5], [], []]
2: [[7, 2, 3, 0, 6, 1, 4], [5], []]
3: [[7, 2, 3, 0, 6, 1], [5], [4]]
4: [[7, 2, 3, 0, 6, 1], [], [4, 5]]
5: [[7, 2, 3, 0, 6], [1], [4, 5]]
6: [[7, 2, 3, 0], [1], [4, 5, 6]]
7: [[7, 2, 3], [1, 0], [4, 5, 6]]
8: [[7, 2], [1, 0, 3], [4, 5, 6]]
9: [[7], [1, 0, 3, 2], [4, 5, 6]]
10: [[7, 6], [1, 0, 3, 2], [4, 5]]
11: [[7, 6, 5], [1, 0, 3, 2], [4]]
12: [[7, 6, 5, 4], [1, 0, 3, 2], []]
13: [[7, 6, 5, 4], [1, 0, 3], [2]]
14: [[7, 6, 5, 4, 3], [1, 0], [2]]
15: [[7, 6, 5, 4, 3, 2], [1, 0], []]
16: [[7, 6, 5, 4, 3, 2], [1], [0]]
17: [[7, 6, 5, 4, 3, 2, 1], [], [0]]
18: [[7, 6, 5, 4, 3, 2, 1, 0], [], []]
--------------------------

The beam width:                  10
The length of solution:          22
The number of nodes expanded:    357
The total CPU time of heuristic: 0.0025379999999870506
The total CPU time of A*:        0.16266200000001163
The type of heuristic:           Adimissible
-----------path-----------
1: [[3, 7, 6, 0, 4, 1, 5, 2], [], []]
2: [[3, 7, 6, 0, 4, 1, 5], [], [2]]
3: [[3, 7, 6, 0, 4, 1], [], [2, 5]]
4: [[3, 7, 6, 0, 4], [1], [2, 5]]
5: [[3, 7, 6, 0], [1, 4], [2, 5]]
6: [[3, 7, 6], [1, 4, 0], [2, 5]]
7: [[3, 7], [1, 4, 0], [2, 5, 6]]
8: [[3], [1, 4, 0], [2, 5, 6, 7]]
9: [[], [1, 4, 0, 3], [2, 5, 6, 7]]
10: [[7], [1, 4, 0, 3], [2, 5, 6]]
11: [[7, 6], [1, 4, 0, 3], [2, 5]]
12: [[7, 6, 5], [1, 4, 0, 3], [2]]
13: [[7, 6, 5], [1, 4, 0], [2, 3]]
14: [[7, 6, 5, 0], [1, 4], [2, 3]]
15: [[7, 6, 5, 0], [1], [2, 3, 4]]
16: [[7, 6, 5], [1, 0], [2, 3, 4]]
17: [[7, 6, 5, 4], [1, 0], [2, 3]]
18: [[7, 6, 5, 4, 3], [1, 0], [2]]
19: [[7, 6, 5, 4, 3, 2], [1, 0], []]
20: [[7, 6, 5, 4, 3, 2], [1], [0]]
21: [[7, 6, 5, 4, 3, 2, 1], [], [0]]
22: [[7, 6, 5, 4, 3, 2, 1, 0], [], []]
--------------------------

The beam width:                  10
The length of solution:          25
The number of nodes expanded:    446
The total CPU time of heuristic: 0.0029169999999965057
The total CPU time of A*:        0.23328699999999003
The type of heuristic:           Adimissible
-----------path-----------
1: [[3, 4, 0, 2, 6, 1, 5, 7], [], []]
2: [[3, 4, 0, 2, 6, 1, 5], [], [7]]
3: [[3, 4, 0, 2, 6, 1], [], [7, 5]]
4: [[3, 4, 0, 2, 6], [1], [7, 5]]
5: [[3, 4, 0, 2, 6], [1, 5], [7]]
6: [[3, 4, 0, 2], [1, 5, 6], [7]]
7: [[3, 4, 0], [1, 5, 6, 2], [7]]
8: [[3, 4], [1, 5, 6, 2, 0], [7]]
9: [[3], [1, 5, 6, 2, 0, 4], [7]]
10: [[], [1, 5, 6, 2, 0, 4, 3], [7]]
11: [[7], [1, 5, 6, 2, 0, 4, 3], []]
12: [[7, 3], [1, 5, 6, 2, 0, 4], []]
13: [[7, 3, 4], [1, 5, 6, 2, 0], []]
14: [[7, 3, 4], [1, 5, 6, 2], [0]]
15: [[7, 3, 4], [1, 5, 6], [0, 2]]
16: [[7, 3], [1, 5, 6, 4], [0, 2]]
17: [[7], [1, 5, 6, 4], [0, 2, 3]]
18: [[7], [1, 5, 6], [0, 2, 3, 4]]
19: [[7, 6], [1, 5], [0, 2, 3, 4]]
20: [[7, 6, 5], [1], [0, 2, 3, 4]]
21: [[7, 6, 5, 4], [1], [0, 2, 3]]
22: [[7, 6, 5, 4, 3], [1], [0, 2]]
23: [[7, 6, 5, 4, 3, 2], [1], [0]]
24: [[7, 6, 5, 4, 3, 2, 1], [], [0]]
25: [[7, 6, 5, 4, 3, 2, 1, 0], [], []]
--------------------------

The beam width:                  10
The length of solution:          18
The number of nodes expanded:    266
The total CPU time of heuristic: 0.0017420000004619851
The total CPU time of A*:        0.08865000000002965
The type of heuristic:           Adimissible
-----------path-----------
1: [[7, 1, 2, 3, 4, 6, 5, 0], [], []]
2: [[7, 1, 2, 3, 4, 6, 5], [0], []]
3: [[7, 1, 2, 3, 4, 6], [0], [5]]
4: [[7, 1, 2, 3, 4], [0], [5, 6]]
5: [[7, 1, 2, 3], [0, 4], [5, 6]]
6: [[7, 1, 2], [0, 4, 3], [5, 6]]
7: [[7, 1], [0, 4, 3, 2], [5, 6]]
8: [[7], [0, 4, 3, 2, 1], [5, 6]]
9: [[7, 6], [0, 4, 3, 2, 1], [5]]
10: [[7, 6, 5], [0, 4, 3, 2, 1], []]
11: [[7, 6, 5], [0, 4, 3, 2], [1]]
12: [[7, 6, 5], [0, 4, 3], [1, 2]]
13: [[7, 6, 5], [0, 4], [1, 2, 3]]
14: [[7, 6, 5, 4], [0], [1, 2, 3]]
15: [[7, 6, 5, 4, 3], [0], [1, 2]]
16: [[7, 6, 5, 4, 3, 2], [0], [1]]
17: [[7, 6, 5, 4, 3, 2, 1], [0], []]
18: [[7, 6, 5, 4, 3, 2, 1, 0], [], []]
--------------------------

The beam width:                  10
The length of solution:          23
The number of nodes expanded:    387
The total CPU time of heuristic: 0.0030489999996632378
The total CPU time of A*:        0.22501699999997982
The type of heuristic:           Adimissible
-----------path-----------
1: [[0, 6, 7, 5, 3, 1, 4, 2], [], []]
2: [[0, 6, 7, 5, 3, 1, 4], [], [2]]
3: [[0, 6, 7, 5, 3, 1], [], [2, 4]]
4: [[0, 6, 7, 5, 3], [1], [2, 4]]
5: [[0, 6, 7, 5], [1, 3], [2, 4]]
6: [[0, 6, 7], [1, 3], [2, 4, 5]]
7: [[0, 6], [1, 3, 7], [2, 4, 5]]
8: [[0], [1, 3, 7, 6], [2, 4, 5]]
9: [[], [1, 3, 7, 6], [2, 4, 5, 0]]
10: [[], [1, 3, 7], [2, 4, 5, 0, 6]]
11: [[7], [1, 3], [2, 4, 5, 0, 6]]
12: [[7, 6], [1, 3], [2, 4, 5, 0]]
13: [[7, 6], [1, 3, 0], [2, 4, 5]]
14: [[7, 6, 5], [1, 3, 0], [2, 4]]
15: [[7, 6, 5, 4], [1, 3, 0], [2]]
16: [[7, 6, 5, 4], [1, 3], [2, 0]]
17: [[7, 6, 5, 4, 3], [1], [2, 0]]
18: [[7, 6, 5, 4, 3, 0], [1], [2]]
19: [[7, 6, 5, 4, 3, 0], [1, 2], []]
20: [[7, 6, 5, 4, 3], [1, 2], [0]]
21: [[7, 6, 5, 4, 3, 2], [1], [0]]
22: [[7, 6, 5, 4, 3, 2, 1], [], [0]]
23: [[7, 6, 5, 4, 3, 2, 1, 0], [], []]
--------------------------

The beam width:                  10
The length of solution:          20
The number of nodes expanded:    286
The total CPU time of heuristic: 0.0019370000000265009
The total CPU time of A*:        0.11295300000000452
The type of heuristic:           Adimissible
-----------path-----------
1: [[5, 7, 3, 0, 2, 4, 1, 6], [], []]
2: [[5, 7, 3, 0, 2, 4, 1], [6], []]
3: [[5, 7, 3, 0, 2, 4], [6], [1]]
4: [[5, 7, 3, 0, 2], [6], [1, 4]]
5: [[5, 7, 3, 0, 2], [], [1, 4, 6]]
6: [[5, 7, 3, 0], [2], [1, 4, 6]]
7: [[5, 7, 3], [2, 0], [1, 4, 6]]
8: [[5, 7], [2, 0, 3], [1, 4, 6]]
9: [[5], [2, 0, 3], [1, 4, 6, 7]]
10: [[], [2, 0, 3, 5], [1, 4, 6, 7]]
11: [[7], [2, 0, 3, 5], [1, 4, 6]]
12: [[7, 6], [2, 0, 3, 5], [1, 4]]
13: [[7, 6, 5], [2, 0, 3], [1, 4]]
14: [[7, 6, 5, 4], [2, 0, 3], [1]]
15: [[7, 6, 5, 4, 3], [2, 0], [1]]
16: [[7, 6, 5, 4, 3], [2], [1, 0]]
17: [[7, 6, 5, 4, 3, 2], [], [1, 0]]
18: [[7, 6, 5, 4, 3, 2], [0], [1]]
19: [[7, 6, 5, 4, 3, 2, 1], [0], []]
20: [[7, 6, 5, 4, 3, 2, 1, 0], [], []]
--------------------------

