The beam width:                  15
The length of solution:          21
The number of nodes expanded:    297
The total CPU time of heuristic: 0.0020060000001649314
The total CPU time of A*:        0.11081899999999223
The type of heuristic:           Adimissible
-----------path-----------
1: [[7, 6, 3, 0, 5, 8, 2, 1, 4], [], []]
2: [[7, 6, 3, 0, 5, 8, 2, 1], [], [4]]
3: [[7, 6, 3, 0, 5, 8, 2], [1], [4]]
4: [[7, 6, 3, 0, 5, 8], [1, 2], [4]]
5: [[7, 6, 3, 0, 5, 8], [1, 2, 4], []]
6: [[7, 6, 3, 0, 5], [1, 2, 4, 8], []]
7: [[7, 6, 3, 0], [1, 2, 4, 8, 5], []]
8: [[7, 6, 3], [1, 2, 4, 8, 5], [0]]
9: [[7, 6], [1, 2, 4, 8, 5], [0, 3]]
10: [[7, 6], [1, 2, 4, 8], [0, 3, 5]]
11: [[7], [1, 2, 4, 8], [0, 3, 5, 6]]
12: [[], [1, 2, 4, 8], [0, 3, 5, 6, 7]]
13: [[8], [1, 2, 4], [0, 3, 5, 6, 7]]
14: [[8, 7], [1, 2, 4], [0, 3, 5, 6]]
15: [[8, 7, 6], [1, 2, 4], [0, 3, 5]]
16: [[8, 7, 6, 5], [1, 2, 4], [0, 3]]
17: [[8, 7, 6, 5, 4], [1, 2], [0, 3]]
18: [[8, 7, 6, 5, 4, 3], [1, 2], [0]]
19: [[8, 7, 6, 5, 4, 3, 2], [1], [0]]
20: [[8, 7, 6, 5, 4, 3, 2, 1], [], [0]]
21: [[8, 7, 6, 5, 4, 3, 2, 1, 0], [], []]
--------------------------

The beam width:                  15
The length of solution:          28
The number of nodes expanded:    755
The total CPU time of heuristic: 0.005510999999927435
The total CPU time of A*:        0.505377999999979
The type of heuristic:           Adimissible
-----------path-----------
1: [[2, 7, 6, 3, 4, 5, 8, 1, 0], [], []]
2: [[2, 7, 6, 3, 4, 5, 8, 1], [0], []]
3: [[2, 7, 6, 3, 4, 5, 8], [0, 1], []]
4: [[2, 7, 6, 3, 4, 5], [0, 1, 8], []]
5: [[2, 7, 6, 3, 4], [0, 1, 8, 5], []]
6: [[2, 7, 6, 3], [0, 1, 8, 5], [4]]
7: [[2, 7, 6, 3], [0, 1, 8], [4, 5]]
8: [[2, 7, 6], [0, 1, 8, 3], [4, 5]]
9: [[2, 7], [0, 1, 8, 3], [4, 5, 6]]
10: [[2], [0, 1, 8, 3], [4, 5, 6, 7]]
11: [[], [0, 1, 8, 3, 2], [4, 5, 6, 7]]
12: [[7], [0, 1, 8, 3, 2], [4, 5, 6]]
13: [[7, 2], [0, 1, 8, 3], [4, 5, 6]]
14: [[7, 2, 3], [0, 1, 8], [4, 5, 6]]
15: [[7, 2, 3], [0, 1], [4, 5, 6, 8]]
16: [[7, 2], [0, 1, 3], [4, 5, 6, 8]]
17: [[7], [0, 1, 3, 2], [4, 5, 6, 8]]
18: [[], [0, 1, 3, 2, 7], [4, 5, 6, 8]]
19: [[8], [0, 1, 3, 2, 7], [4, 5, 6]]
20: [[8, 7], [0, 1, 3, 2], [4, 5, 6]]
21: [[8, 7, 6], [0, 1, 3, 2], [4, 5]]
22: [[8, 7, 6, 5], [0, 1, 3, 2], [4]]
23: [[8, 7, 6, 5, 4], [0, 1, 3, 2], []]
24: [[8, 7, 6, 5, 4], [0, 1, 3], [2]]
25: [[8, 7, 6, 5, 4, 3], [0, 1], [2]]
26: [[8, 7, 6, 5, 4, 3, 2], [0, 1], []]
27: [[8, 7, 6, 5, 4, 3, 2, 1], [0], []]
28: [[8, 7, 6, 5, 4, 3, 2, 1, 0], [], []]
--------------------------

The beam width:                  15
The length of solution:          21
The number of nodes expanded:    319
The total CPU time of heuristic: 0.0021540000001607496
The total CPU time of A*:        0.12562500000001364
The type of heuristic:           Adimissible
-----------path-----------
1: [[7, 3, 5, 2, 6, 8, 1, 0, 4], [], []]
2: [[7, 3, 5, 2, 6, 8, 1, 0], [4], []]
3: [[7, 3, 5, 2, 6, 8, 1], [4], [0]]
4: [[7, 3, 5, 2, 6, 8], [4], [0, 1]]
5: [[7, 3, 5, 2, 6], [4, 8], [0, 1]]
6: [[7, 3, 5, 2], [4, 8, 6], [0, 1]]
7: [[7, 3, 5], [4, 8, 6], [0, 1, 2]]
8: [[7, 3], [4, 8, 6, 5], [0, 1, 2]]
9: [[7], [4, 8, 6, 5], [0, 1, 2, 3]]
10: [[7], [4, 8, 6], [0, 1, 2, 3, 5]]
11: [[7], [4, 8], [0, 1, 2, 3, 5, 6]]
12: [[], [4, 8], [0, 1, 2, 3, 5, 6, 7]]
13: [[8], [4], [0, 1, 2, 3, 5, 6, 7]]
14: [[8, 7], [4], [0, 1, 2, 3, 5, 6]]
15: [[8, 7, 6], [4], [0, 1, 2, 3, 5]]
16: [[8, 7, 6, 5], [4], [0, 1, 2, 3]]
17: [[8, 7, 6, 5, 4], [], [0, 1, 2, 3]]
18: [[8, 7, 6, 5, 4, 3], [], [0, 1, 2]]
19: [[8, 7, 6, 5, 4, 3, 2], [], [0, 1]]
20: [[8, 7, 6, 5, 4, 3, 2, 1], [], [0]]
21: [[8, 7, 6, 5, 4, 3, 2, 1, 0], [], []]
--------------------------

The beam width:                  15
The length of solution:          27
The number of nodes expanded:    621
The total CPU time of heuristic: 0.004437000000194757
The total CPU time of A*:        0.3775929999999903
The type of heuristic:           Adimissible
-----------path-----------
1: [[5, 7, 2, 1, 3, 4, 6, 0, 8], [], []]
2: [[5, 7, 2, 1, 3, 4, 6, 0], [8], []]
3: [[5, 7, 2, 1, 3, 4, 6], [8], [0]]
4: [[5, 7, 2, 1, 3, 4], [8], [0, 6]]
5: [[5, 7, 2, 1, 3, 4], [], [0, 6, 8]]
6: [[5, 7, 2, 1, 3], [4], [0, 6, 8]]
7: [[5, 7, 2, 1], [4, 3], [0, 6, 8]]
8: [[5, 7, 2], [4, 3, 1], [0, 6, 8]]
9: [[5, 7], [4, 3, 1, 2], [0, 6, 8]]
10: [[5], [4, 3, 1, 2, 7], [0, 6, 8]]
11: [[], [4, 3, 1, 2, 7, 5], [0, 6, 8]]
12: [[8], [4, 3, 1, 2, 7, 5], [0, 6]]
13: [[8, 5], [4, 3, 1, 2, 7], [0, 6]]
14: [[8, 5], [4, 3, 1, 2], [0, 6, 7]]
15: [[8], [4, 3, 1, 2, 5], [0, 6, 7]]
16: [[8, 7], [4, 3, 1, 2, 5], [0, 6]]
17: [[8, 7, 6], [4, 3, 1, 2, 5], [0]]
18: [[8, 7, 6, 5], [4, 3, 1, 2], [0]]
19: [[8, 7, 6, 5, 2], [4, 3, 1], [0]]
20: [[8, 7, 6, 5, 2], [4, 3], [0, 1]]
21: [[8, 7, 6, 5], [4, 3], [0, 1, 2]]
22: [[8, 7, 6, 5], [4], [0, 1, 2, 3]]
23: [[8, 7, 6, 5, 4], [], [0, 1, 2, 3]]
24: [[8, 7, 6, 5, 4, 3], [], [0, 1, 2]]
25: [[8, 7, 6, 5, 4, 3, 2], [], [0, 1]]
26: [[8, 7, 6, 5, 4, 3, 2, 1], [], [0]]
27: [[8, 7, 6, 5, 4, 3, 2, 1, 0], [], []]
--------------------------

The beam width:                  15
The length of solution:          27
The number of nodes expanded:    669
The total CPU time of heuristic: 0.004671999999800391
The total CPU time of A*:        0.42482200000000603
The type of heuristic:           Adimissible
-----------path-----------
1: [[6, 0, 2, 8, 3, 5, 1, 7, 4], [], []]
2: [[6, 0, 2, 8, 3, 5, 1, 7], [], [4]]
3: [[6, 0, 2, 8, 3, 5, 1], [], [4, 7]]
4: [[6, 0, 2, 8, 3, 5], [1], [4, 7]]
5: [[6, 0, 2, 8, 3], [1], [4, 7, 5]]
6: [[6, 0, 2, 8], [1, 3], [4, 7, 5]]
7: [[6, 0, 2, 8], [1, 3, 5], [4, 7]]
8: [[6, 0, 2], [1, 3, 5], [4, 7, 8]]
9: [[6, 0], [1, 3, 5, 2], [4, 7, 8]]
10: [[6], [1, 3, 5, 2, 0], [4, 7, 8]]
11: [[], [1, 3, 5, 2, 0, 6], [4, 7, 8]]
12: [[8], [1, 3, 5, 2, 0, 6], [4, 7]]
13: [[8, 7], [1, 3, 5, 2, 0, 6], [4]]
14: [[8, 7, 6], [1, 3, 5, 2, 0], [4]]
15: [[8, 7, 6, 0], [1, 3, 5, 2], [4]]
16: [[8, 7, 6, 0, 2], [1, 3, 5], [4]]
17: [[8, 7, 6, 0, 2], [1, 3], [4, 5]]
18: [[8, 7, 6, 0], [1, 3, 2], [4, 5]]
19: [[8, 7, 6], [1, 3, 2, 0], [4, 5]]
20: [[8, 7, 6, 5], [1, 3, 2, 0], [4]]
21: [[8, 7, 6, 5, 4], [1, 3, 2, 0], []]
22: [[8, 7, 6, 5, 4], [1, 3, 2], [0]]
23: [[8, 7, 6, 5, 4], [1, 3], [0, 2]]
24: [[8, 7, 6, 5, 4, 3], [1], [0, 2]]
25: [[8, 7, 6, 5, 4, 3, 2], [1], [0]]
26: [[8, 7, 6, 5, 4, 3, 2, 1], [], [0]]
27: [[8, 7, 6, 5, 4, 3, 2, 1, 0], [], []]
--------------------------

The beam width:                  15
The length of solution:          20
The number of nodes expanded:    378
The total CPU time of heuristic: 0.0027029999995988874
The total CPU time of A*:        0.1819629999999961
The type of heuristic:           Adimissible
-----------path-----------
1: [[7, 5, 8, 2, 6, 4, 0, 1, 3], [], []]
2: [[7, 5, 8, 2, 6, 4, 0, 1], [3], []]
3: [[7, 5, 8, 2, 6, 4, 0], [3, 1], []]
4: [[7, 5, 8, 2, 6, 4], [3, 1], [0]]
5: [[7, 5, 8, 2, 6, 4], [3], [0, 1]]
6: [[7, 5, 8, 2, 6], [3, 4], [0, 1]]
7: [[7, 5, 8, 2], [3, 4, 6], [0, 1]]
8: [[7, 5, 8], [3, 4, 6], [0, 1, 2]]
9: [[7, 5], [3, 4, 6, 8], [0, 1, 2]]
10: [[7], [3, 4, 6, 8], [0, 1, 2, 5]]
11: [[], [3, 4, 6, 8], [0, 1, 2, 5, 7]]
12: [[8], [3, 4, 6], [0, 1, 2, 5, 7]]
13: [[8, 7], [3, 4, 6], [0, 1, 2, 5]]
14: [[8, 7, 6], [3, 4], [0, 1, 2, 5]]
15: [[8, 7, 6, 5], [3, 4], [0, 1, 2]]
16: [[8, 7, 6, 5, 4], [3], [0, 1, 2]]
17: [[8, 7, 6, 5, 4, 3], [], [0, 1, 2]]
18: [[8, 7, 6, 5, 4, 3, 2], [], [0, 1]]
19: [[8, 7, 6, 5, 4, 3, 2, 1], [], [0]]
20: [[8, 7, 6, 5, 4, 3, 2, 1, 0], [], []]
--------------------------

The beam width:                  15
The length of solution:          25
The number of nodes expanded:    741
The total CPU time of heuristic: 0.005219999999610536
The total CPU time of A*:        0.4444870000000094
The type of heuristic:           Adimissible
-----------path-----------
1: [[8, 5, 0, 3, 6, 7, 2, 4, 1], [], []]
2: [[8, 5, 0, 3, 6, 7, 2, 4], [], [1]]
3: [[8, 5, 0, 3, 6, 7, 2], [4], [1]]
4: [[8, 5, 0, 3, 6, 7], [4], [1, 2]]
5: [[8, 5, 0, 3, 6, 7], [], [1, 2, 4]]
6: [[8, 5, 0, 3, 6], [7], [1, 2, 4]]
7: [[8, 5, 0, 3], [7, 6], [1, 2, 4]]
8: [[8, 5, 0], [7, 6, 3], [1, 2, 4]]
9: [[8, 5], [7, 6, 3, 0], [1, 2, 4]]
10: [[8], [7, 6, 3, 0], [1, 2, 4, 5]]
11: [[8, 0], [7, 6, 3], [1, 2, 4, 5]]
12: [[8, 0, 3], [7, 6], [1, 2, 4, 5]]
13: [[8, 0, 3], [7], [1, 2, 4, 5, 6]]
14: [[8, 0], [7], [1, 2, 4, 5, 6, 3]]
15: [[8], [7], [1, 2, 4, 5, 6, 3, 0]]
16: [[8, 7], [], [1, 2, 4, 5, 6, 3, 0]]
17: [[8, 7], [0], [1, 2, 4, 5, 6, 3]]
18: [[8, 7], [0, 3], [1, 2, 4, 5, 6]]
19: [[8, 7, 6], [0, 3], [1, 2, 4, 5]]
20: [[8, 7, 6, 5], [0, 3], [1, 2, 4]]
21: [[8, 7, 6, 5, 4], [0, 3], [1, 2]]
22: [[8, 7, 6, 5, 4, 3], [0], [1, 2]]
23: [[8, 7, 6, 5, 4, 3, 2], [0], [1]]
24: [[8, 7, 6, 5, 4, 3, 2, 1], [0], []]
25: [[8, 7, 6, 5, 4, 3, 2, 1, 0], [], []]
--------------------------

The beam width:                  15
The length of solution:          21
The number of nodes expanded:    241
The total CPU time of heuristic: 0.0016549999998858311
The total CPU time of A*:        0.08820899999997778
The type of heuristic:           Adimissible
-----------path-----------
1: [[7, 5, 3, 2, 6, 0, 4, 1, 8], [], []]
2: [[7, 5, 3, 2, 6, 0, 4, 1], [], [8]]
3: [[7, 5, 3, 2, 6, 0, 4], [1], [8]]
4: [[7, 5, 3, 2, 6, 0], [1, 4], [8]]
5: [[7, 5, 3, 2, 6, 0], [1, 4, 8], []]
6: [[7, 5, 3, 2, 6], [1, 4, 8], [0]]
7: [[7, 5, 3, 2], [1, 4, 8, 6], [0]]
8: [[7, 5, 3], [1, 4, 8, 6], [0, 2]]
9: [[7, 5], [1, 4, 8, 6], [0, 2, 3]]
10: [[7], [1, 4, 8, 6], [0, 2, 3, 5]]
11: [[7], [1, 4, 8], [0, 2, 3, 5, 6]]
12: [[], [1, 4, 8], [0, 2, 3, 5, 6, 7]]
13: [[8], [1, 4], [0, 2, 3, 5, 6, 7]]
14: [[8, 7], [1, 4], [0, 2, 3, 5, 6]]
15: [[8, 7, 6], [1, 4], [0, 2, 3, 5]]
16: [[8, 7, 6, 5], [1, 4], [0, 2, 3]]
17: [[8, 7, 6, 5, 4], [1], [0, 2, 3]]
18: [[8, 7, 6, 5, 4, 3], [1], [0, 2]]
19: [[8, 7, 6, 5, 4, 3, 2], [1], [0]]
20: [[8, 7, 6, 5, 4, 3, 2, 1], [], [0]]
21: [[8, 7, 6, 5, 4, 3, 2, 1, 0], [], []]
--------------------------

The beam width:                  15
The length of solution:          26
The number of nodes expanded:    622
The total CPU time of heuristic: 0.004269000000078904
The total CPU time of A*:        0.33761399999997366
The type of heuristic:           Adimissible
-----------path-----------
1: [[0, 1, 4, 8, 2, 6, 7, 3, 5], [], []]
2: [[0, 1, 4, 8, 2, 6, 7, 3], [], [5]]
3: [[0, 1, 4, 8, 2, 6, 7], [3], [5]]
4: [[0, 1, 4, 8, 2, 6, 7], [3, 5], []]
5: [[0, 1, 4, 8, 2, 6], [3, 5, 7], []]
6: [[0, 1, 4, 8, 2], [3, 5, 7, 6], []]
7: [[0, 1, 4, 8], [3, 5, 7, 6, 2], []]
8: [[0, 1, 4], [3, 5, 7, 6, 2], [8]]
9: [[0, 1], [3, 5, 7, 6, 2, 4], [8]]
10: [[0], [3, 5, 7, 6, 2, 4, 1], [8]]
11: [[], [3, 5, 7, 6, 2, 4, 1, 0], [8]]
12: [[8], [3, 5, 7, 6, 2, 4, 1, 0], []]
13: [[8], [3, 5, 7, 6, 2, 4, 1], [0]]
14: [[8], [3, 5, 7, 6, 2, 4], [0, 1]]
15: [[8, 4], [3, 5, 7, 6, 2], [0, 1]]
16: [[8, 4], [3, 5, 7, 6], [0, 1, 2]]
17: [[8], [3, 5, 7, 6], [0, 1, 2, 4]]
18: [[8], [3, 5, 7], [0, 1, 2, 4, 6]]
19: [[8, 7], [3, 5], [0, 1, 2, 4, 6]]
20: [[8, 7, 6], [3, 5], [0, 1, 2, 4]]
21: [[8, 7, 6, 5], [3], [0, 1, 2, 4]]
22: [[8, 7, 6, 5, 4], [3], [0, 1, 2]]
23: [[8, 7, 6, 5, 4, 3], [], [0, 1, 2]]
24: [[8, 7, 6, 5, 4, 3, 2], [], [0, 1]]
25: [[8, 7, 6, 5, 4, 3, 2, 1], [], [0]]
26: [[8, 7, 6, 5, 4, 3, 2, 1, 0], [], []]
--------------------------

The beam width:                  15
The length of solution:          22
The number of nodes expanded:    457
The total CPU time of heuristic: 0.0032410000001164008
The total CPU time of A*:        0.2122810000000186
The type of heuristic:           Adimissible
-----------path-----------
1: [[6, 2, 4, 5, 8, 3, 0, 7, 1], [], []]
2: [[6, 2, 4, 5, 8, 3, 0, 7], [1], []]
3: [[6, 2, 4, 5, 8, 3, 0], [1, 7], []]
4: [[6, 2, 4, 5, 8, 3], [1, 7], [0]]
5: [[6, 2, 4, 5, 8, 3], [1], [0, 7]]
6: [[6, 2, 4, 5, 8], [1, 3], [0, 7]]
7: [[6, 2, 4, 5], [1, 3], [0, 7, 8]]
8: [[6, 2, 4], [1, 3, 5], [0, 7, 8]]
9: [[6, 2], [1, 3, 5, 4], [0, 7, 8]]
10: [[6], [1, 3, 5, 4, 2], [0, 7, 8]]
11: [[], [1, 3, 5, 4, 2, 6], [0, 7, 8]]
12: [[8], [1, 3, 5, 4, 2, 6], [0, 7]]
13: [[8, 7], [1, 3, 5, 4, 2, 6], [0]]
14: [[8, 7, 6], [1, 3, 5, 4, 2], [0]]
15: [[8, 7, 6], [1, 3, 5, 4], [0, 2]]
16: [[8, 7, 6], [1, 3, 5], [0, 2, 4]]
17: [[8, 7, 6, 5], [1, 3], [0, 2, 4]]
18: [[8, 7, 6, 5, 4], [1, 3], [0, 2]]
19: [[8, 7, 6, 5, 4, 3], [1], [0, 2]]
20: [[8, 7, 6, 5, 4, 3, 2], [1], [0]]
21: [[8, 7, 6, 5, 4, 3, 2, 1], [], [0]]
22: [[8, 7, 6, 5, 4, 3, 2, 1, 0], [], []]
--------------------------

The beam width:                  15
The length of solution:          22
The number of nodes expanded:    371
The total CPU time of heuristic: 0.0026490000002752367
The total CPU time of A*:        0.1571220000000153
The type of heuristic:           Adimissible
-----------path-----------
1: [[5, 1, 3, 8, 2, 0, 4, 7, 6], [], []]
2: [[5, 1, 3, 8, 2, 0, 4, 7], [], [6]]
3: [[5, 1, 3, 8, 2, 0, 4], [], [6, 7]]
4: [[5, 1, 3, 8, 2, 0], [], [6, 7, 4]]
5: [[5, 1, 3, 8, 2], [0], [6, 7, 4]]
6: [[5, 1, 3, 8], [0, 2], [6, 7, 4]]
7: [[5, 1, 3, 8], [0, 2, 4], [6, 7]]
8: [[5, 1, 3], [0, 2, 4], [6, 7, 8]]
9: [[5, 1], [0, 2, 4, 3], [6, 7, 8]]
10: [[5], [0, 2, 4, 3, 1], [6, 7, 8]]
11: [[], [0, 2, 4, 3, 1, 5], [6, 7, 8]]
12: [[8], [0, 2, 4, 3, 1, 5], [6, 7]]
13: [[8, 7], [0, 2, 4, 3, 1, 5], [6]]
14: [[8, 7, 6], [0, 2, 4, 3, 1, 5], []]
15: [[8, 7, 6, 5], [0, 2, 4, 3, 1], []]
16: [[8, 7, 6, 5], [0, 2, 4, 3], [1]]
17: [[8, 7, 6, 5], [0, 2, 4], [1, 3]]
18: [[8, 7, 6, 5, 4], [0, 2], [1, 3]]
19: [[8, 7, 6, 5, 4, 3], [0, 2], [1]]
20: [[8, 7, 6, 5, 4, 3, 2], [0], [1]]
21: [[8, 7, 6, 5, 4, 3, 2, 1], [0], []]
22: [[8, 7, 6, 5, 4, 3, 2, 1, 0], [], []]
--------------------------

The beam width:                  15
The length of solution:          25
The number of nodes expanded:    582
The total CPU time of heuristic: 0.003941000001020711
The total CPU time of A*:        0.3226879999999994
The type of heuristic:           Adimissible
-----------path-----------
1: [[6, 2, 1, 3, 4, 5, 7, 8, 0], [], []]
2: [[6, 2, 1, 3, 4, 5, 7, 8], [0], []]
3: [[6, 2, 1, 3, 4, 5, 7], [0, 8], []]
4: [[6, 2, 1, 3, 4, 5], [0, 8], [7]]
5: [[6, 2, 1, 3, 4, 5], [0], [7, 8]]
6: [[6, 2, 1, 3, 4], [0, 5], [7, 8]]
7: [[6, 2, 1, 3], [0, 5, 4], [7, 8]]
8: [[6, 2, 1], [0, 5, 4, 3], [7, 8]]
9: [[6, 2], [0, 5, 4, 3, 1], [7, 8]]
10: [[6], [0, 5, 4, 3, 1, 2], [7, 8]]
11: [[], [0, 5, 4, 3, 1, 2, 6], [7, 8]]
12: [[8], [0, 5, 4, 3, 1, 2, 6], [7]]
13: [[8, 7], [0, 5, 4, 3, 1, 2, 6], []]
14: [[8, 7, 6], [0, 5, 4, 3, 1, 2], []]
15: [[8, 7, 6, 2], [0, 5, 4, 3, 1], []]
16: [[8, 7, 6, 2], [0, 5, 4, 3], [1]]
17: [[8, 7, 6], [0, 5, 4, 3], [1, 2]]
18: [[8, 7, 6], [0, 5, 4], [1, 2, 3]]
19: [[8, 7, 6], [0, 5], [1, 2, 3, 4]]
20: [[8, 7, 6, 5], [0], [1, 2, 3, 4]]
21: [[8, 7, 6, 5, 4], [0], [1, 2, 3]]
22: [[8, 7, 6, 5, 4, 3], [0], [1, 2]]
23: [[8, 7, 6, 5, 4, 3, 2], [0], [1]]
24: [[8, 7, 6, 5, 4, 3, 2, 1], [0], []]
25: [[8, 7, 6, 5, 4, 3, 2, 1, 0], [], []]
--------------------------

The beam width:                  15
The length of solution:          23
The number of nodes expanded:    573
The total CPU time of heuristic: 0.004013000000611555
The total CPU time of A*:        0.29339500000003227
The type of heuristic:           Adimissible
-----------path-----------
1: [[8, 4, 0, 6, 2, 1, 7, 5, 3], [], []]
2: [[8, 4, 0, 6, 2, 1, 7, 5], [], [3]]
3: [[8, 4, 0, 6, 2, 1, 7], [], [3, 5]]
4: [[8, 4, 0, 6, 2, 1], [], [3, 5, 7]]
5: [[8, 4, 0, 6, 2], [1], [3, 5, 7]]
6: [[8, 4, 0, 6], [1, 2], [3, 5, 7]]
7: [[8, 4, 0], [1, 2, 6], [3, 5, 7]]
8: [[8, 4], [1, 2, 6, 0], [3, 5, 7]]
9: [[8], [1, 2, 6, 0, 4], [3, 5, 7]]
10: [[8, 7], [1, 2, 6, 0, 4], [3, 5]]
11: [[8, 7, 4], [1, 2, 6, 0], [3, 5]]
12: [[8, 7, 4, 0], [1, 2, 6], [3, 5]]
13: [[8, 7, 4, 0], [1, 2], [3, 5, 6]]
14: [[8, 7, 4], [1, 2, 0], [3, 5, 6]]
15: [[8, 7], [1, 2, 0, 4], [3, 5, 6]]
16: [[8, 7, 6], [1, 2, 0, 4], [3, 5]]
17: [[8, 7, 6, 5], [1, 2, 0, 4], [3]]
18: [[8, 7, 6, 5, 4], [1, 2, 0], [3]]
19: [[8, 7, 6, 5, 4, 3], [1, 2, 0], []]
20: [[8, 7, 6, 5, 4, 3], [1, 2], [0]]
21: [[8, 7, 6, 5, 4, 3, 2], [1], [0]]
22: [[8, 7, 6, 5, 4, 3, 2, 1], [], [0]]
23: [[8, 7, 6, 5, 4, 3, 2, 1, 0], [], []]
--------------------------

The beam width:                  15
The length of solution:          29
The number of nodes expanded:    931
The total CPU time of heuristic: 0.007230000000220116
The total CPU time of A*:        0.731632999999988
The type of heuristic:           Adimissible
-----------path-----------
1: [[2, 1, 8, 5, 6, 7, 3, 0, 4], [], []]
2: [[2, 1, 8, 5, 6, 7, 3, 0], [4], []]
3: [[2, 1, 8, 5, 6, 7, 3], [4], [0]]
4: [[2, 1, 8, 5, 6, 7, 3], [], [0, 4]]
5: [[2, 1, 8, 5, 6, 7], [3], [0, 4]]
6: [[2, 1, 8, 5, 6], [3, 7], [0, 4]]
7: [[2, 1, 8, 5], [3, 7, 6], [0, 4]]
8: [[2, 1, 8], [3, 7, 6], [0, 4, 5]]
9: [[2, 1], [3, 7, 6], [0, 4, 5, 8]]
10: [[2], [3, 7, 6, 1], [0, 4, 5, 8]]
11: [[], [3, 7, 6, 1, 2], [0, 4, 5, 8]]
12: [[8], [3, 7, 6, 1, 2], [0, 4, 5]]
13: [[8, 2], [3, 7, 6, 1], [0, 4, 5]]
14: [[8, 2, 1], [3, 7, 6], [0, 4, 5]]
15: [[8, 2, 1], [3, 7], [0, 4, 5, 6]]
16: [[8, 2, 1], [3], [0, 4, 5, 6, 7]]
17: [[8, 2], [3, 1], [0, 4, 5, 6, 7]]
18: [[8], [3, 1, 2], [0, 4, 5, 6, 7]]
19: [[8, 7], [3, 1, 2], [0, 4, 5, 6]]
20: [[8, 7, 6], [3, 1, 2], [0, 4, 5]]
21: [[8, 7, 6, 5], [3, 1, 2], [0, 4]]
22: [[8, 7, 6, 5, 4], [3, 1, 2], [0]]
23: [[8, 7, 6, 5, 4, 2], [3, 1], [0]]
24: [[8, 7, 6, 5, 4, 2], [3], [0, 1]]
25: [[8, 7, 6, 5, 4], [3], [0, 1, 2]]
26: [[8, 7, 6, 5, 4, 3], [], [0, 1, 2]]
27: [[8, 7, 6, 5, 4, 3, 2], [], [0, 1]]
28: [[8, 7, 6, 5, 4, 3, 2, 1], [], [0]]
29: [[8, 7, 6, 5, 4, 3, 2, 1, 0], [], []]
--------------------------

The beam width:                  15
The length of solution:          24
The number of nodes expanded:    557
The total CPU time of heuristic: 0.003824999999864076
The total CPU time of A*:        0.2954040000000191
The type of heuristic:           Adimissible
-----------path-----------
1: [[7, 5, 0, 3, 1, 4, 6, 8, 2], [], []]
2: [[7, 5, 0, 3, 1, 4, 6, 8], [2], []]
3: [[7, 5, 0, 3, 1, 4, 6], [2, 8], []]
4: [[7, 5, 0, 3, 1, 4], [2, 8], [6]]
5: [[7, 5, 0, 3, 1, 4], [2], [6, 8]]
6: [[7, 5, 0, 3, 1], [2, 4], [6, 8]]
7: [[7, 5, 0, 3], [2, 4, 1], [6, 8]]
8: [[7, 5, 0], [2, 4, 1, 3], [6, 8]]
9: [[7, 5], [2, 4, 1, 3, 0], [6, 8]]
10: [[7], [2, 4, 1, 3, 0, 5], [6, 8]]
11: [[], [2, 4, 1, 3, 0, 5, 7], [6, 8]]
12: [[8], [2, 4, 1, 3, 0, 5, 7], [6]]
13: [[8, 7], [2, 4, 1, 3, 0, 5], [6]]
14: [[8, 7, 6], [2, 4, 1, 3, 0, 5], []]
15: [[8, 7, 6, 5], [2, 4, 1, 3, 0], []]
16: [[8, 7, 6, 5], [2, 4, 1, 3], [0]]
17: [[8, 7, 6, 5, 3], [2, 4, 1], [0]]
18: [[8, 7, 6, 5, 3], [2, 4], [0, 1]]
19: [[8, 7, 6, 5], [2, 4], [0, 1, 3]]
20: [[8, 7, 6, 5, 4], [2], [0, 1, 3]]
21: [[8, 7, 6, 5, 4, 3], [2], [0, 1]]
22: [[8, 7, 6, 5, 4, 3, 2], [], [0, 1]]
23: [[8, 7, 6, 5, 4, 3, 2, 1], [], [0]]
24: [[8, 7, 6, 5, 4, 3, 2, 1, 0], [], []]
--------------------------

The beam width:                  15
The length of solution:          27
The number of nodes expanded:    835
The total CPU time of heuristic: 0.00549400000019773
The total CPU time of A*:        0.5320509999999956
The type of heuristic:           Adimissible
-----------path-----------
1: [[8, 0, 1, 3, 7, 5, 4, 6, 2], [], []]
2: [[8, 0, 1, 3, 7, 5, 4, 6], [2], []]
3: [[8, 0, 1, 3, 7, 5, 4], [2, 6], []]
4: [[8, 0, 1, 3, 7, 5], [2, 6], [4]]
5: [[8, 0, 1, 3, 7, 5], [2], [4, 6]]
6: [[8, 0, 1, 3, 7], [2, 5], [4, 6]]
7: [[8, 0, 1, 3], [2, 5], [4, 6, 7]]
8: [[8, 0, 1], [2, 5, 3], [4, 6, 7]]
9: [[8, 0], [2, 5, 3, 1], [4, 6, 7]]
10: [[8], [2, 5, 3, 1, 0], [4, 6, 7]]
11: [[8, 7], [2, 5, 3, 1, 0], [4, 6]]
12: [[8, 7, 6], [2, 5, 3, 1, 0], [4]]
13: [[8, 7, 6, 0], [2, 5, 3, 1], [4]]
14: [[8, 7, 6, 0, 1], [2, 5, 3], [4]]
15: [[8, 7, 6, 0, 1, 3], [2, 5], [4]]
16: [[8, 7, 6, 0, 1, 3], [2], [4, 5]]
17: [[8, 7, 6, 0, 1], [2, 3], [4, 5]]
18: [[8, 7, 6, 0], [2, 3, 1], [4, 5]]
19: [[8, 7, 6], [2, 3, 1, 0], [4, 5]]
20: [[8, 7, 6, 5], [2, 3, 1, 0], [4]]
21: [[8, 7, 6, 5, 4], [2, 3, 1, 0], []]
22: [[8, 7, 6, 5, 4], [2, 3, 1], [0]]
23: [[8, 7, 6, 5, 4], [2, 3], [0, 1]]
24: [[8, 7, 6, 5, 4, 3], [2], [0, 1]]
25: [[8, 7, 6, 5, 4, 3, 2], [], [0, 1]]
26: [[8, 7, 6, 5, 4, 3, 2, 1], [], [0]]
27: [[8, 7, 6, 5, 4, 3, 2, 1, 0], [], []]
--------------------------

The beam width:                  15
The length of solution:          23
The number of nodes expanded:    393
The total CPU time of heuristic: 0.0025359999998499916
The total CPU time of A*:        0.16366299999998546
The type of heuristic:           Adimissible
-----------path-----------
1: [[3, 2, 5, 6, 4, 0, 8, 7, 1], [], []]
2: [[3, 2, 5, 6, 4, 0, 8, 7], [], [1]]
3: [[3, 2, 5, 6, 4, 0, 8], [], [1, 7]]
4: [[3, 2, 5, 6, 4, 0], [], [1, 7, 8]]
5: [[3, 2, 5, 6, 4], [0], [1, 7, 8]]
6: [[3, 2, 5, 6], [0, 4], [1, 7, 8]]
7: [[3, 2, 5], [0, 4, 6], [1, 7, 8]]
8: [[3, 2], [0, 4, 6, 5], [1, 7, 8]]
9: [[3], [0, 4, 6, 5, 2], [1, 7, 8]]
10: [[], [0, 4, 6, 5, 2, 3], [1, 7, 8]]
11: [[8], [0, 4, 6, 5, 2, 3], [1, 7]]
12: [[8, 7], [0, 4, 6, 5, 2, 3], [1]]
13: [[8, 7, 3], [0, 4, 6, 5, 2], [1]]
14: [[8, 7, 3], [0, 4, 6, 5], [1, 2]]
15: [[8, 7], [0, 4, 6, 5], [1, 2, 3]]
16: [[8, 7], [0, 4, 6], [1, 2, 3, 5]]
17: [[8, 7, 6], [0, 4], [1, 2, 3, 5]]
18: [[8, 7, 6, 5], [0, 4], [1, 2, 3]]
19: [[8, 7, 6, 5, 4], [0], [1, 2, 3]]
20: [[8, 7, 6, 5, 4, 3], [0], [1, 2]]
21: [[8, 7, 6, 5, 4, 3, 2], [0], [1]]
22: [[8, 7, 6, 5, 4, 3, 2, 1], [0], []]
23: [[8, 7, 6, 5, 4, 3, 2, 1, 0], [], []]
--------------------------

The beam width:                  15
The length of solution:          23
The number of nodes expanded:    490
The total CPU time of heuristic: 0.003270000000043183
The total CPU time of A*:        0.23817500000001246
The type of heuristic:           Adimissible
-----------path-----------
1: [[7, 5, 0, 8, 2, 4, 1, 6, 3], [], []]
2: [[7, 5, 0, 8, 2, 4, 1, 6], [], [3]]
3: [[7, 5, 0, 8, 2, 4, 1], [], [3, 6]]
4: [[7, 5, 0, 8, 2, 4], [1], [3, 6]]
5: [[7, 5, 0, 8, 2], [1], [3, 6, 4]]
6: [[7, 5, 0, 8], [1, 2], [3, 6, 4]]
7: [[7, 5, 0, 8], [1, 2, 4], [3, 6]]
8: [[7, 5, 0], [1, 2, 4], [3, 6, 8]]
9: [[7, 5], [1, 2, 4, 0], [3, 6, 8]]
10: [[7], [1, 2, 4, 0, 5], [3, 6, 8]]
11: [[], [1, 2, 4, 0, 5, 7], [3, 6, 8]]
12: [[8], [1, 2, 4, 0, 5, 7], [3, 6]]
13: [[8, 7], [1, 2, 4, 0, 5], [3, 6]]
14: [[8, 7, 6], [1, 2, 4, 0, 5], [3]]
15: [[8, 7, 6, 5], [1, 2, 4, 0], [3]]
16: [[8, 7, 6, 5, 3], [1, 2, 4, 0], []]
17: [[8, 7, 6, 5, 3], [1, 2, 4], [0]]
18: [[8, 7, 6, 5], [1, 2, 4], [0, 3]]
19: [[8, 7, 6, 5, 4], [1, 2], [0, 3]]
20: [[8, 7, 6, 5, 4, 3], [1, 2], [0]]
21: [[8, 7, 6, 5, 4, 3, 2], [1], [0]]
22: [[8, 7, 6, 5, 4, 3, 2, 1], [], [0]]
23: [[8, 7, 6, 5, 4, 3, 2, 1, 0], [], []]
--------------------------

The beam width:                  15
The length of solution:          32
The number of nodes expanded:    1000
The total CPU time of heuristic: 0.006926000000248678
The total CPU time of A*:        0.8275449999999864
The type of heuristic:           Adimissible
-----------path-----------
1: [[6, 5, 0, 2, 1, 8, 7, 3, 4], [], []]
2: [[6, 5, 0, 2, 1, 8, 7, 3], [], [4]]
3: [[6, 5, 0, 2, 1, 8, 7], [3], [4]]
4: [[6, 5, 0, 2, 1, 8, 7], [3, 4], []]
5: [[6, 5, 0, 2, 1, 8], [3, 4, 7], []]
6: [[6, 5, 0, 2, 1], [3, 4, 7, 8], []]
7: [[6, 5, 0, 2], [3, 4, 7, 8], [1]]
8: [[6, 5, 0], [3, 4, 7, 8], [1, 2]]
9: [[6, 5], [3, 4, 7, 8, 0], [1, 2]]
10: [[6], [3, 4, 7, 8, 0], [1, 2, 5]]
11: [[], [3, 4, 7, 8, 0], [1, 2, 5, 6]]
12: [[0], [3, 4, 7, 8], [1, 2, 5, 6]]
13: [[0], [3, 4, 7], [1, 2, 5, 6, 8]]
14: [[], [3, 4, 7, 0], [1, 2, 5, 6, 8]]
15: [[8], [3, 4, 7, 0], [1, 2, 5, 6]]
16: [[8, 0], [3, 4, 7], [1, 2, 5, 6]]
17: [[8, 0], [3, 4], [1, 2, 5, 6, 7]]
18: [[8], [3, 4, 0], [1, 2, 5, 6, 7]]
19: [[8, 7], [3, 4, 0], [1, 2, 5, 6]]
20: [[8, 7, 6], [3, 4, 0], [1, 2, 5]]
21: [[8, 7, 6, 5], [3, 4, 0], [1, 2]]
22: [[8, 7, 6, 5, 0], [3, 4], [1, 2]]
23: [[8, 7, 6, 5, 0], [3], [1, 2, 4]]
24: [[8, 7, 6, 5], [3, 0], [1, 2, 4]]
25: [[8, 7, 6, 5, 4], [3, 0], [1, 2]]
26: [[8, 7, 6, 5, 4, 0], [3], [1, 2]]
27: [[8, 7, 6, 5, 4, 0], [], [1, 2, 3]]
28: [[8, 7, 6, 5, 4], [0], [1, 2, 3]]
29: [[8, 7, 6, 5, 4, 3], [0], [1, 2]]
30: [[8, 7, 6, 5, 4, 3, 2], [0], [1]]
31: [[8, 7, 6, 5, 4, 3, 2, 1], [0], []]
32: [[8, 7, 6, 5, 4, 3, 2, 1, 0], [], []]
--------------------------

The beam width:                  15
The length of solution:          26
The number of nodes expanded:    577
The total CPU time of heuristic: 0.004128000000093834
The total CPU time of A*:        0.32310699999999315
The type of heuristic:           Adimissible
-----------path-----------
1: [[1, 4, 6, 8, 2, 3, 0, 7, 5], [], []]
2: [[1, 4, 6, 8, 2, 3, 0, 7], [], [5]]
3: [[1, 4, 6, 8, 2, 3, 0], [], [5, 7]]
4: [[1, 4, 6, 8, 2, 3], [0], [5, 7]]
5: [[1, 4, 6, 8, 2], [0], [5, 7, 3]]
6: [[1, 4, 6, 8], [0, 2], [5, 7, 3]]
7: [[1, 4, 6, 8], [0, 2, 3], [5, 7]]
8: [[1, 4, 6], [0, 2, 3], [5, 7, 8]]
9: [[1, 4], [0, 2, 3, 6], [5, 7, 8]]
10: [[1], [0, 2, 3, 6, 4], [5, 7, 8]]
11: [[], [0, 2, 3, 6, 4, 1], [5, 7, 8]]
12: [[8], [0, 2, 3, 6, 4, 1], [5, 7]]
13: [[8, 7], [0, 2, 3, 6, 4, 1], [5]]
14: [[8, 7, 1], [0, 2, 3, 6, 4], [5]]
15: [[8, 7, 1, 4], [0, 2, 3, 6], [5]]
16: [[8, 7, 1, 4], [0, 2, 3], [5, 6]]
17: [[8, 7, 1], [0, 2, 3, 4], [5, 6]]
18: [[8, 7], [0, 2, 3, 4, 1], [5, 6]]
19: [[8, 7, 6], [0, 2, 3, 4, 1], [5]]
20: [[8, 7, 6, 5], [0, 2, 3, 4, 1], []]
21: [[8, 7, 6, 5], [0, 2, 3, 4], [1]]
22: [[8, 7, 6, 5, 4], [0, 2, 3], [1]]
23: [[8, 7, 6, 5, 4, 3], [0, 2], [1]]
24: [[8, 7, 6, 5, 4, 3, 2], [0], [1]]
25: [[8, 7, 6, 5, 4, 3, 2, 1], [0], []]
26: [[8, 7, 6, 5, 4, 3, 2, 1, 0], [], []]
--------------------------

