The beam width:                  5
The length of solution:          25
The number of nodes expanded:    246
The total CPU time of heuristic: 0.0017850000001260469
The total CPU time of A*:        0.12749399999998445
The type of heuristic:           Adimissible
-----------path-----------
1: [[7, 6, 3, 0, 5, 8, 2, 1, 4], [], []]
2: [[7, 6, 3, 0, 5, 8, 2, 1], [], [4]]
3: [[7, 6, 3, 0, 5, 8, 2], [1], [4]]
4: [[7, 6, 3, 0, 5, 8], [1, 2], [4]]
5: [[7, 6, 3, 0, 5], [1, 2, 8], [4]]
6: [[7, 6, 3, 0], [1, 2, 8], [4, 5]]
7: [[7, 6, 3], [1, 2, 8, 0], [4, 5]]
8: [[7, 6], [1, 2, 8, 0, 3], [4, 5]]
9: [[7], [1, 2, 8, 0, 3], [4, 5, 6]]
10: [[], [1, 2, 8, 0, 3], [4, 5, 6, 7]]
11: [[3], [1, 2, 8, 0], [4, 5, 6, 7]]
12: [[3, 0], [1, 2, 8], [4, 5, 6, 7]]
13: [[3, 0], [1, 2], [4, 5, 6, 7, 8]]
14: [[3], [1, 2, 0], [4, 5, 6, 7, 8]]
15: [[], [1, 2, 0, 3], [4, 5, 6, 7, 8]]
16: [[8], [1, 2, 0, 3], [4, 5, 6, 7]]
17: [[8, 7], [1, 2, 0, 3], [4, 5, 6]]
18: [[8, 7, 6], [1, 2, 0, 3], [4, 5]]
19: [[8, 7, 6, 5], [1, 2, 0, 3], [4]]
20: [[8, 7, 6, 5, 4], [1, 2, 0, 3], []]
21: [[8, 7, 6, 5, 4, 3], [1, 2, 0], []]
22: [[8, 7, 6, 5, 4, 3], [1, 2], [0]]
23: [[8, 7, 6, 5, 4, 3, 2], [1], [0]]
24: [[8, 7, 6, 5, 4, 3, 2, 1], [], [0]]
25: [[8, 7, 6, 5, 4, 3, 2, 1, 0], [], []]
--------------------------

The beam width:                  5
The length of solution:          30
The number of nodes expanded:    338
The total CPU time of heuristic: 0.0024089999997158884
The total CPU time of A*:        0.1872720000000072
The type of heuristic:           Adimissible
-----------path-----------
1: [[2, 7, 6, 3, 4, 5, 8, 1, 0], [], []]
2: [[2, 7, 6, 3, 4, 5, 8, 1], [0], []]
3: [[2, 7, 6, 3, 4, 5, 8], [0, 1], []]
4: [[2, 7, 6, 3, 4, 5], [0, 1, 8], []]
5: [[2, 7, 6, 3, 4], [0, 1, 8], [5]]
6: [[2, 7, 6, 3], [0, 1, 8, 4], [5]]
7: [[2, 7, 6], [0, 1, 8, 4, 3], [5]]
8: [[2, 7], [0, 1, 8, 4, 3], [5, 6]]
9: [[2], [0, 1, 8, 4, 3], [5, 6, 7]]
10: [[], [0, 1, 8, 4, 3, 2], [5, 6, 7]]
11: [[7], [0, 1, 8, 4, 3, 2], [5, 6]]
12: [[7, 2], [0, 1, 8, 4, 3], [5, 6]]
13: [[7, 2, 3], [0, 1, 8, 4], [5, 6]]
14: [[7, 2, 3, 4], [0, 1, 8], [5, 6]]
15: [[7, 2, 3, 4], [0, 1], [5, 6, 8]]
16: [[7, 2, 3], [0, 1, 4], [5, 6, 8]]
17: [[7, 2], [0, 1, 4, 3], [5, 6, 8]]
18: [[7], [0, 1, 4, 3, 2], [5, 6, 8]]
19: [[], [0, 1, 4, 3, 2, 7], [5, 6, 8]]
20: [[8], [0, 1, 4, 3, 2, 7], [5, 6]]
21: [[8, 7], [0, 1, 4, 3, 2], [5, 6]]
22: [[8, 7, 6], [0, 1, 4, 3, 2], [5]]
23: [[8, 7, 6, 5], [0, 1, 4, 3, 2], []]
24: [[8, 7, 6, 5], [0, 1, 4, 3], [2]]
25: [[8, 7, 6, 5], [0, 1, 4], [2, 3]]
26: [[8, 7, 6, 5, 4], [0, 1], [2, 3]]
27: [[8, 7, 6, 5, 4, 3], [0, 1], [2]]
28: [[8, 7, 6, 5, 4, 3, 2], [0, 1], []]
29: [[8, 7, 6, 5, 4, 3, 2, 1], [0], []]
30: [[8, 7, 6, 5, 4, 3, 2, 1, 0], [], []]
--------------------------

The beam width:                  5
The length of solution:          28
The number of nodes expanded:    318
The total CPU time of heuristic: 0.002496000000036247
The total CPU time of A*:        0.1954139999999711
The type of heuristic:           Adimissible
-----------path-----------
1: [[7, 3, 5, 2, 6, 8, 1, 0, 4], [], []]
2: [[7, 3, 5, 2, 6, 8, 1, 0], [], [4]]
3: [[7, 3, 5, 2, 6, 8, 1], [0], [4]]
4: [[7, 3, 5, 2, 6, 8], [0, 1], [4]]
5: [[7, 3, 5, 2, 6], [0, 1], [4, 8]]
6: [[7, 3, 5, 2], [0, 1, 6], [4, 8]]
7: [[7, 3, 5], [0, 1, 6, 2], [4, 8]]
8: [[7, 3], [0, 1, 6, 2, 5], [4, 8]]
9: [[7], [0, 1, 6, 2, 5, 3], [4, 8]]
10: [[], [0, 1, 6, 2, 5, 3, 7], [4, 8]]
11: [[8], [0, 1, 6, 2, 5, 3, 7], [4]]
12: [[8, 7], [0, 1, 6, 2, 5, 3], [4]]
13: [[8, 7], [0, 1, 6, 2, 5], [4, 3]]
14: [[8, 7, 5], [0, 1, 6, 2], [4, 3]]
15: [[8, 7, 5, 2], [0, 1, 6], [4, 3]]
16: [[8, 7, 5, 2, 3], [0, 1, 6], [4]]
17: [[8, 7, 5, 2, 3], [0, 1], [4, 6]]
18: [[8, 7, 5, 2], [0, 1, 3], [4, 6]]
19: [[8, 7, 5], [0, 1, 3, 2], [4, 6]]
20: [[8, 7], [0, 1, 3, 2, 5], [4, 6]]
21: [[8, 7, 6], [0, 1, 3, 2, 5], [4]]
22: [[8, 7, 6, 5], [0, 1, 3, 2], [4]]
23: [[8, 7, 6, 5, 4], [0, 1, 3, 2], []]
24: [[8, 7, 6, 5, 4], [0, 1, 3], [2]]
25: [[8, 7, 6, 5, 4, 3], [0, 1], [2]]
26: [[8, 7, 6, 5, 4, 3, 2], [0, 1], []]
27: [[8, 7, 6, 5, 4, 3, 2, 1], [0], []]
28: [[8, 7, 6, 5, 4, 3, 2, 1, 0], [], []]
--------------------------

The beam width:                  5
The length of solution:          36
The number of nodes expanded:    427
The total CPU time of heuristic: 0.003096999999684158
The total CPU time of A*:        0.30080200000000445
The type of heuristic:           Adimissible
-----------path-----------
1: [[5, 7, 2, 1, 3, 4, 6, 0, 8], [], []]
2: [[5, 7, 2, 1, 3, 4, 6, 0], [8], []]
3: [[5, 7, 2, 1, 3, 4, 6], [8], [0]]
4: [[5, 7, 2, 1, 3, 4], [8, 6], [0]]
5: [[5, 7, 2, 1, 3], [8, 6], [0, 4]]
6: [[5, 7, 2, 1], [8, 6, 3], [0, 4]]
7: [[5, 7, 2], [8, 6, 3, 1], [0, 4]]
8: [[5, 7], [8, 6, 3, 1, 2], [0, 4]]
9: [[5], [8, 6, 3, 1, 2, 7], [0, 4]]
10: [[], [8, 6, 3, 1, 2, 7], [0, 4, 5]]
11: [[], [8, 6, 3, 1, 2], [0, 4, 5, 7]]
12: [[], [8, 6, 3, 1], [0, 4, 5, 7, 2]]
13: [[1], [8, 6, 3], [0, 4, 5, 7, 2]]
14: [[1, 3], [8, 6], [0, 4, 5, 7, 2]]
15: [[1, 3, 6], [8], [0, 4, 5, 7, 2]]
16: [[1, 3, 6, 2], [8], [0, 4, 5, 7]]
17: [[1, 3, 6, 2], [], [0, 4, 5, 7, 8]]
18: [[1, 3, 6], [2], [0, 4, 5, 7, 8]]
19: [[1, 3], [2, 6], [0, 4, 5, 7, 8]]
20: [[1], [2, 6, 3], [0, 4, 5, 7, 8]]
21: [[], [2, 6, 3, 1], [0, 4, 5, 7, 8]]
22: [[8], [2, 6, 3, 1], [0, 4, 5, 7]]
23: [[8, 7], [2, 6, 3, 1], [0, 4, 5]]
24: [[8, 7, 1], [2, 6, 3], [0, 4, 5]]
25: [[8, 7, 1, 3], [2, 6], [0, 4, 5]]
26: [[8, 7, 1, 3], [2], [0, 4, 5, 6]]
27: [[8, 7, 1], [2, 3], [0, 4, 5, 6]]
28: [[8, 7], [2, 3, 1], [0, 4, 5, 6]]
29: [[8, 7, 6], [2, 3, 1], [0, 4, 5]]
30: [[8, 7, 6, 5], [2, 3, 1], [0, 4]]
31: [[8, 7, 6, 5, 4], [2, 3, 1], [0]]
32: [[8, 7, 6, 5, 4], [2, 3], [0, 1]]
33: [[8, 7, 6, 5, 4, 3], [2], [0, 1]]
34: [[8, 7, 6, 5, 4, 3, 2], [], [0, 1]]
35: [[8, 7, 6, 5, 4, 3, 2, 1], [], [0]]
36: [[8, 7, 6, 5, 4, 3, 2, 1, 0], [], []]
--------------------------

The beam width:                  5
The length of solution:          28
The number of nodes expanded:    325
The total CPU time of heuristic: 0.0024710000003267396
The total CPU time of A*:        0.18859199999999987
The type of heuristic:           Adimissible
-----------path-----------
1: [[6, 0, 2, 8, 3, 5, 1, 7, 4], [], []]
2: [[6, 0, 2, 8, 3, 5, 1, 7], [], [4]]
3: [[6, 0, 2, 8, 3, 5, 1], [], [4, 7]]
4: [[6, 0, 2, 8, 3, 5], [1], [4, 7]]
5: [[6, 0, 2, 8, 3], [1, 5], [4, 7]]
6: [[6, 0, 2, 8], [1, 5, 3], [4, 7]]
7: [[6, 0, 2], [1, 5, 3], [4, 7, 8]]
8: [[6, 0], [1, 5, 3, 2], [4, 7, 8]]
9: [[6], [1, 5, 3, 2, 0], [4, 7, 8]]
10: [[], [1, 5, 3, 2, 0, 6], [4, 7, 8]]
11: [[8], [1, 5, 3, 2, 0, 6], [4, 7]]
12: [[8, 7], [1, 5, 3, 2, 0, 6], [4]]
13: [[8, 7, 6], [1, 5, 3, 2, 0], [4]]
14: [[8, 7, 6, 0], [1, 5, 3, 2], [4]]
15: [[8, 7, 6, 0, 2], [1, 5, 3], [4]]
16: [[8, 7, 6, 0, 2, 3], [1, 5], [4]]
17: [[8, 7, 6, 0, 2, 3], [1], [4, 5]]
18: [[8, 7, 6, 0, 2], [1, 3], [4, 5]]
19: [[8, 7, 6, 0], [1, 3, 2], [4, 5]]
20: [[8, 7, 6], [1, 3, 2, 0], [4, 5]]
21: [[8, 7, 6, 5], [1, 3, 2, 0], [4]]
22: [[8, 7, 6, 5, 4], [1, 3, 2, 0], []]
23: [[8, 7, 6, 5, 4], [1, 3, 2], [0]]
24: [[8, 7, 6, 5, 4], [1, 3], [0, 2]]
25: [[8, 7, 6, 5, 4, 3], [1], [0, 2]]
26: [[8, 7, 6, 5, 4, 3, 2], [1], [0]]
27: [[8, 7, 6, 5, 4, 3, 2, 1], [], [0]]
28: [[8, 7, 6, 5, 4, 3, 2, 1, 0], [], []]
--------------------------

The beam width:                  5
The length of solution:          23
The number of nodes expanded:    223
The total CPU time of heuristic: 0.0017000000001132776
The total CPU time of A*:        0.10364700000002358
The type of heuristic:           Adimissible
-----------path-----------
1: [[7, 5, 8, 2, 6, 4, 0, 1, 3], [], []]
2: [[7, 5, 8, 2, 6, 4, 0, 1], [3], []]
3: [[7, 5, 8, 2, 6, 4, 0], [3], [1]]
4: [[7, 5, 8, 2, 6, 4], [3, 0], [1]]
5: [[7, 5, 8, 2, 6], [3, 0], [1, 4]]
6: [[7, 5, 8, 2], [3, 0], [1, 4, 6]]
7: [[7, 5, 8], [3, 0, 2], [1, 4, 6]]
8: [[7, 5], [3, 0, 2], [1, 4, 6, 8]]
9: [[7], [3, 0, 2, 5], [1, 4, 6, 8]]
10: [[], [3, 0, 2, 5, 7], [1, 4, 6, 8]]
11: [[8], [3, 0, 2, 5, 7], [1, 4, 6]]
12: [[8, 7], [3, 0, 2, 5], [1, 4, 6]]
13: [[8, 7, 6], [3, 0, 2, 5], [1, 4]]
14: [[8, 7, 6, 5], [3, 0, 2], [1, 4]]
15: [[8, 7, 6, 5, 4], [3, 0, 2], [1]]
16: [[8, 7, 6, 5, 4], [3, 0], [1, 2]]
17: [[8, 7, 6, 5, 4, 0], [3], [1, 2]]
18: [[8, 7, 6, 5, 4, 0], [], [1, 2, 3]]
19: [[8, 7, 6, 5, 4], [0], [1, 2, 3]]
20: [[8, 7, 6, 5, 4, 3], [0], [1, 2]]
21: [[8, 7, 6, 5, 4, 3, 2], [0], [1]]
22: [[8, 7, 6, 5, 4, 3, 2, 1], [0], []]
23: [[8, 7, 6, 5, 4, 3, 2, 1, 0], [], []]
--------------------------

The beam width:                  5
The length of solution:          34
The number of nodes expanded:    455
The total CPU time of heuristic: 0.0033720000004677786
The total CPU time of A*:        0.31951499999996713
The type of heuristic:           Adimissible
-----------path-----------
1: [[8, 5, 0, 3, 6, 7, 2, 4, 1], [], []]
2: [[8, 5, 0, 3, 6, 7, 2, 4], [], [1]]
3: [[8, 5, 0, 3, 6, 7, 2], [], [1, 4]]
4: [[8, 5, 0, 3, 6, 7], [2], [1, 4]]
5: [[8, 5, 0, 3, 6], [2, 7], [1, 4]]
6: [[8, 5, 0, 3], [2, 7, 6], [1, 4]]
7: [[8, 5, 0], [2, 7, 6, 3], [1, 4]]
8: [[8, 5], [2, 7, 6, 3, 0], [1, 4]]
9: [[8], [2, 7, 6, 3, 0], [1, 4, 5]]
10: [[8, 0], [2, 7, 6, 3], [1, 4, 5]]
11: [[8, 0, 3], [2, 7, 6], [1, 4, 5]]
12: [[8, 0, 3, 6], [2, 7], [1, 4, 5]]
13: [[8, 0, 3, 6], [2], [1, 4, 5, 7]]
14: [[8, 0, 3], [2, 6], [1, 4, 5, 7]]
15: [[8, 0], [2, 6, 3], [1, 4, 5, 7]]
16: [[8], [2, 6, 3, 0], [1, 4, 5, 7]]
17: [[8, 7], [2, 6, 3, 0], [1, 4, 5]]
18: [[8, 7, 0], [2, 6, 3], [1, 4, 5]]
19: [[8, 7, 0, 3], [2, 6], [1, 4, 5]]
20: [[8, 7, 0, 3], [2], [1, 4, 5, 6]]
21: [[8, 7, 0], [2, 3], [1, 4, 5, 6]]
22: [[8, 7], [2, 3, 0], [1, 4, 5, 6]]
23: [[8, 7, 6], [2, 3, 0], [1, 4, 5]]
24: [[8, 7, 6, 5], [2, 3, 0], [1, 4]]
25: [[8, 7, 6, 5, 4], [2, 3, 0], [1]]
26: [[8, 7, 6, 5, 4, 0], [2, 3], [1]]
27: [[8, 7, 6, 5, 4, 0], [2], [1, 3]]
28: [[8, 7, 6, 5, 4], [2, 0], [1, 3]]
29: [[8, 7, 6, 5, 4, 3], [2, 0], [1]]
30: [[8, 7, 6, 5, 4, 3], [2], [1, 0]]
31: [[8, 7, 6, 5, 4, 3, 2], [], [1, 0]]
32: [[8, 7, 6, 5, 4, 3, 2], [0], [1]]
33: [[8, 7, 6, 5, 4, 3, 2, 1], [0], []]
34: [[8, 7, 6, 5, 4, 3, 2, 1, 0], [], []]
--------------------------

The beam width:                  5
The length of solution:          28
The number of nodes expanded:    257
The total CPU time of heuristic: 0.00165699999985236
The total CPU time of A*:        0.12143299999999613
The type of heuristic:           Adimissible
-----------path-----------
1: [[7, 5, 3, 2, 6, 0, 4, 1, 8], [], []]
2: [[7, 5, 3, 2, 6, 0, 4, 1], [8], []]
3: [[7, 5, 3, 2, 6, 0, 4], [8], [1]]
4: [[7, 5, 3, 2, 6, 0], [8], [1, 4]]
5: [[7, 5, 3, 2, 6], [8, 0], [1, 4]]
6: [[7, 5, 3, 2], [8, 0], [1, 4, 6]]
7: [[7, 5, 3], [8, 0, 2], [1, 4, 6]]
8: [[7, 5], [8, 0, 2, 3], [1, 4, 6]]
9: [[7], [8, 0, 2, 3, 5], [1, 4, 6]]
10: [[], [8, 0, 2, 3, 5], [1, 4, 6, 7]]
11: [[5], [8, 0, 2, 3], [1, 4, 6, 7]]
12: [[5, 3], [8, 0, 2], [1, 4, 6, 7]]
13: [[5, 3, 2], [8, 0], [1, 4, 6, 7]]
14: [[5, 3, 2, 0], [8], [1, 4, 6, 7]]
15: [[5, 3, 2, 0], [], [1, 4, 6, 7, 8]]
16: [[5, 3, 2], [0], [1, 4, 6, 7, 8]]
17: [[5, 3], [0, 2], [1, 4, 6, 7, 8]]
18: [[5], [0, 2, 3], [1, 4, 6, 7, 8]]
19: [[], [0, 2, 3, 5], [1, 4, 6, 7, 8]]
20: [[8], [0, 2, 3, 5], [1, 4, 6, 7]]
21: [[8, 7], [0, 2, 3, 5], [1, 4, 6]]
22: [[8, 7, 6], [0, 2, 3, 5], [1, 4]]
23: [[8, 7, 6, 5], [0, 2, 3], [1, 4]]
24: [[8, 7, 6, 5, 4], [0, 2, 3], [1]]
25: [[8, 7, 6, 5, 4, 3], [0, 2], [1]]
26: [[8, 7, 6, 5, 4, 3, 2], [0], [1]]
27: [[8, 7, 6, 5, 4, 3, 2, 1], [0], []]
28: [[8, 7, 6, 5, 4, 3, 2, 1, 0], [], []]
--------------------------

The beam width:                  5
The length of solution:          31
The number of nodes expanded:    368
The total CPU time of heuristic: 0.0026169999998160165
The total CPU time of A*:        0.23098099999998567
The type of heuristic:           Adimissible
-----------path-----------
1: [[0, 1, 4, 8, 2, 6, 7, 3, 5], [], []]
2: [[0, 1, 4, 8, 2, 6, 7, 3], [], [5]]
3: [[0, 1, 4, 8, 2, 6, 7], [3], [5]]
4: [[0, 1, 4, 8, 2, 6], [3, 7], [5]]
5: [[0, 1, 4, 8, 2], [3, 7], [5, 6]]
6: [[0, 1, 4, 8], [3, 7, 2], [5, 6]]
7: [[0, 1, 4], [3, 7, 2], [5, 6, 8]]
8: [[0, 1], [3, 7, 2, 4], [5, 6, 8]]
9: [[0], [3, 7, 2, 4, 1], [5, 6, 8]]
10: [[], [3, 7, 2, 4, 1, 0], [5, 6, 8]]
11: [[8], [3, 7, 2, 4, 1, 0], [5, 6]]
12: [[8, 0], [3, 7, 2, 4, 1], [5, 6]]
13: [[8, 0, 1], [3, 7, 2, 4], [5, 6]]
14: [[8, 0, 1, 4], [3, 7, 2], [5, 6]]
15: [[8, 0, 1, 4, 2], [3, 7], [5, 6]]
16: [[8, 0, 1, 4, 2], [3], [5, 6, 7]]
17: [[8, 0, 1, 4], [3, 2], [5, 6, 7]]
18: [[8, 0, 1], [3, 2, 4], [5, 6, 7]]
19: [[8, 0], [3, 2, 4, 1], [5, 6, 7]]
20: [[8], [3, 2, 4, 1, 0], [5, 6, 7]]
21: [[8, 7], [3, 2, 4, 1, 0], [5, 6]]
22: [[8, 7, 6], [3, 2, 4, 1, 0], [5]]
23: [[8, 7, 6, 5], [3, 2, 4, 1, 0], []]
24: [[8, 7, 6, 5], [3, 2, 4, 1], [0]]
25: [[8, 7, 6, 5], [3, 2, 4], [0, 1]]
26: [[8, 7, 6, 5, 4], [3, 2], [0, 1]]
27: [[8, 7, 6, 5, 4], [3], [0, 1, 2]]
28: [[8, 7, 6, 5, 4, 3], [], [0, 1, 2]]
29: [[8, 7, 6, 5, 4, 3, 2], [], [0, 1]]
30: [[8, 7, 6, 5, 4, 3, 2, 1], [], [0]]
31: [[8, 7, 6, 5, 4, 3, 2, 1, 0], [], []]
--------------------------

The beam width:                  5
The length of solution:          26
The number of nodes expanded:    240
The total CPU time of heuristic: 0.001839000000188662
The total CPU time of A*:        0.1257060000000081
The type of heuristic:           Adimissible
-----------path-----------
1: [[6, 2, 4, 5, 8, 3, 0, 7, 1], [], []]
2: [[6, 2, 4, 5, 8, 3, 0, 7], [1], []]
3: [[6, 2, 4, 5, 8, 3, 0], [1, 7], []]
4: [[6, 2, 4, 5, 8, 3], [1, 7], [0]]
5: [[6, 2, 4, 5, 8], [1, 7], [0, 3]]
6: [[6, 2, 4, 5], [1, 7, 8], [0, 3]]
7: [[6, 2, 4], [1, 7, 8, 5], [0, 3]]
8: [[6, 2], [1, 7, 8, 5], [0, 3, 4]]
9: [[6, 2], [1, 7, 8], [0, 3, 4, 5]]
10: [[6], [1, 7, 8, 2], [0, 3, 4, 5]]
11: [[], [1, 7, 8, 2], [0, 3, 4, 5, 6]]
12: [[2], [1, 7, 8], [0, 3, 4, 5, 6]]
13: [[2], [1, 7], [0, 3, 4, 5, 6, 8]]
14: [[], [1, 7, 2], [0, 3, 4, 5, 6, 8]]
15: [[8], [1, 7, 2], [0, 3, 4, 5, 6]]
16: [[8, 2], [1, 7], [0, 3, 4, 5, 6]]
17: [[8, 2], [1], [0, 3, 4, 5, 6, 7]]
18: [[8], [1, 2], [0, 3, 4, 5, 6, 7]]
19: [[8, 7], [1, 2], [0, 3, 4, 5, 6]]
20: [[8, 7, 6], [1, 2], [0, 3, 4, 5]]
21: [[8, 7, 6, 5], [1, 2], [0, 3, 4]]
22: [[8, 7, 6, 5, 4], [1, 2], [0, 3]]
23: [[8, 7, 6, 5, 4, 3], [1, 2], [0]]
24: [[8, 7, 6, 5, 4, 3, 2], [1], [0]]
25: [[8, 7, 6, 5, 4, 3, 2, 1], [], [0]]
26: [[8, 7, 6, 5, 4, 3, 2, 1, 0], [], []]
--------------------------

The beam width:                  5
The length of solution:          31
The number of nodes expanded:    349
The total CPU time of heuristic: 0.0023969999997461855
The total CPU time of A*:        0.2129939999999806
The type of heuristic:           Adimissible
-----------path-----------
1: [[5, 1, 3, 8, 2, 0, 4, 7, 6], [], []]
2: [[5, 1, 3, 8, 2, 0, 4, 7], [6], []]
3: [[5, 1, 3, 8, 2, 0, 4], [6, 7], []]
4: [[5, 1, 3, 8, 2, 0], [6, 7, 4], []]
5: [[5, 1, 3, 8, 2], [6, 7, 4], [0]]
6: [[5, 1, 3, 8], [6, 7, 4], [0, 2]]
7: [[5, 1, 3], [6, 7, 4, 8], [0, 2]]
8: [[5, 1], [6, 7, 4, 8], [0, 2, 3]]
9: [[5, 1], [6, 7, 4], [0, 2, 3, 8]]
10: [[5], [6, 7, 4, 1], [0, 2, 3, 8]]
11: [[], [6, 7, 4, 1, 5], [0, 2, 3, 8]]
12: [[8], [6, 7, 4, 1, 5], [0, 2, 3]]
13: [[8, 5], [6, 7, 4, 1], [0, 2, 3]]
14: [[8, 5, 1], [6, 7, 4], [0, 2, 3]]
15: [[8, 5, 1], [6, 7], [0, 2, 3, 4]]
16: [[8, 5], [6, 7, 1], [0, 2, 3, 4]]
17: [[8], [6, 7, 1], [0, 2, 3, 4, 5]]
18: [[8, 1], [6, 7], [0, 2, 3, 4, 5]]
19: [[8, 1], [6], [0, 2, 3, 4, 5, 7]]
20: [[8], [6, 1], [0, 2, 3, 4, 5, 7]]
21: [[8, 7], [6, 1], [0, 2, 3, 4, 5]]
22: [[8, 7, 1], [6], [0, 2, 3, 4, 5]]
23: [[8, 7, 1], [], [0, 2, 3, 4, 5, 6]]
24: [[8, 7], [1], [0, 2, 3, 4, 5, 6]]
25: [[8, 7, 6], [1], [0, 2, 3, 4, 5]]
26: [[8, 7, 6, 5], [1], [0, 2, 3, 4]]
27: [[8, 7, 6, 5, 4], [1], [0, 2, 3]]
28: [[8, 7, 6, 5, 4, 3], [1], [0, 2]]
29: [[8, 7, 6, 5, 4, 3, 2], [1], [0]]
30: [[8, 7, 6, 5, 4, 3, 2, 1], [], [0]]
31: [[8, 7, 6, 5, 4, 3, 2, 1, 0], [], []]
--------------------------

The beam width:                  5
The length of solution:          40
The number of nodes expanded:    545
The total CPU time of heuristic: 0.0038339999995287144
The total CPU time of A*:        0.4572059999999851
The type of heuristic:           Adimissible
-----------path-----------
1: [[6, 2, 1, 3, 4, 5, 7, 8, 0], [], []]
2: [[6, 2, 1, 3, 4, 5, 7, 8], [], [0]]
3: [[6, 2, 1, 3, 4, 5, 7], [], [0, 8]]
4: [[6, 2, 1, 3, 4, 5], [7], [0, 8]]
5: [[6, 2, 1, 3, 4], [7, 5], [0, 8]]
6: [[6, 2, 1, 3], [7, 5, 4], [0, 8]]
7: [[6, 2, 1], [7, 5, 4, 3], [0, 8]]
8: [[6, 2], [7, 5, 4, 3, 1], [0, 8]]
9: [[6], [7, 5, 4, 3, 1, 2], [0, 8]]
10: [[], [7, 5, 4, 3, 1, 2, 6], [0, 8]]
11: [[8], [7, 5, 4, 3, 1, 2, 6], [0]]
12: [[8, 6], [7, 5, 4, 3, 1, 2], [0]]
13: [[8, 6], [7, 5, 4, 3, 1], [0, 2]]
14: [[8], [7, 5, 4, 3, 1], [0, 2, 6]]
15: [[8, 1], [7, 5, 4, 3], [0, 2, 6]]
16: [[8, 1, 3], [7, 5, 4], [0, 2, 6]]
17: [[8, 1, 3, 4], [7, 5], [0, 2, 6]]
18: [[8, 1, 3, 4, 5], [7], [0, 2, 6]]
19: [[8, 1, 3, 4, 5], [], [0, 2, 6, 7]]
20: [[8, 1, 3, 4], [5], [0, 2, 6, 7]]
21: [[8, 1, 3], [5, 4], [0, 2, 6, 7]]
22: [[8, 1], [5, 4, 3], [0, 2, 6, 7]]
23: [[8], [5, 4, 3, 1], [0, 2, 6, 7]]
24: [[8, 7], [5, 4, 3, 1], [0, 2, 6]]
25: [[8, 7, 6], [5, 4, 3, 1], [0, 2]]
26: [[8, 7, 6, 1], [5, 4, 3], [0, 2]]
27: [[8, 7, 6, 1, 3], [5, 4], [0, 2]]
28: [[8, 7, 6, 1, 3], [5], [0, 2, 4]]
29: [[8, 7, 6, 1, 3], [], [0, 2, 4, 5]]
30: [[8, 7, 6, 1], [3], [0, 2, 4, 5]]
31: [[8, 7, 6], [3, 1], [0, 2, 4, 5]]
32: [[8, 7, 6, 5], [3, 1], [0, 2, 4]]
33: [[8, 7, 6, 5, 4], [3, 1], [0, 2]]
34: [[8, 7, 6, 5, 4, 1], [3], [0, 2]]
35: [[8, 7, 6, 5, 4, 1], [], [0, 2, 3]]
36: [[8, 7, 6, 5, 4], [1], [0, 2, 3]]
37: [[8, 7, 6, 5, 4, 3], [1], [0, 2]]
38: [[8, 7, 6, 5, 4, 3, 2], [1], [0]]
39: [[8, 7, 6, 5, 4, 3, 2, 1], [], [0]]
40: [[8, 7, 6, 5, 4, 3, 2, 1, 0], [], []]
--------------------------

The beam width:                  5
The length of solution:          31
The number of nodes expanded:    394
The total CPU time of heuristic: 0.0026099999998905332
The total CPU time of A*:        0.23718400000001338
The type of heuristic:           Adimissible
-----------path-----------
1: [[8, 4, 0, 6, 2, 1, 7, 5, 3], [], []]
2: [[8, 4, 0, 6, 2, 1, 7, 5], [3], []]
3: [[8, 4, 0, 6, 2, 1, 7], [3, 5], []]
4: [[8, 4, 0, 6, 2, 1], [3, 5, 7], []]
5: [[8, 4, 0, 6, 2], [3, 5, 7], [1]]
6: [[8, 4, 0, 6], [3, 5, 7], [1, 2]]
7: [[8, 4, 0], [3, 5, 7, 6], [1, 2]]
8: [[8, 4], [3, 5, 7, 6, 0], [1, 2]]
9: [[8], [3, 5, 7, 6, 0], [1, 2, 4]]
10: [[8, 0], [3, 5, 7, 6], [1, 2, 4]]
11: [[8, 0, 6], [3, 5, 7], [1, 2, 4]]
12: [[8, 0, 6], [3, 5], [1, 2, 4, 7]]
13: [[8, 0], [3, 5, 6], [1, 2, 4, 7]]
14: [[8], [3, 5, 6, 0], [1, 2, 4, 7]]
15: [[8, 7], [3, 5, 6, 0], [1, 2, 4]]
16: [[8, 7, 0], [3, 5, 6], [1, 2, 4]]
17: [[8, 7, 0], [3, 5], [1, 2, 4, 6]]
18: [[8, 7], [3, 5, 0], [1, 2, 4, 6]]
19: [[8, 7, 6], [3, 5, 0], [1, 2, 4]]
20: [[8, 7, 6, 0], [3, 5], [1, 2, 4]]
21: [[8, 7, 6, 0], [3], [1, 2, 4, 5]]
22: [[8, 7, 6], [3, 0], [1, 2, 4, 5]]
23: [[8, 7, 6, 5], [3, 0], [1, 2, 4]]
24: [[8, 7, 6, 5, 4], [3, 0], [1, 2]]
25: [[8, 7, 6, 5, 4, 0], [3], [1, 2]]
26: [[8, 7, 6, 5, 4, 0], [], [1, 2, 3]]
27: [[8, 7, 6, 5, 4], [0], [1, 2, 3]]
28: [[8, 7, 6, 5, 4, 3], [0], [1, 2]]
29: [[8, 7, 6, 5, 4, 3, 2], [0], [1]]
30: [[8, 7, 6, 5, 4, 3, 2, 1], [0], []]
31: [[8, 7, 6, 5, 4, 3, 2, 1, 0], [], []]
--------------------------

The beam width:                  5
The length of solution:          28
The number of nodes expanded:    324
The total CPU time of heuristic: 0.0023729999994372974
The total CPU time of A*:        0.18521699999999441
The type of heuristic:           Adimissible
-----------path-----------
1: [[2, 1, 8, 5, 6, 7, 3, 0, 4], [], []]
2: [[2, 1, 8, 5, 6, 7, 3, 0], [], [4]]
3: [[2, 1, 8, 5, 6, 7, 3], [0], [4]]
4: [[2, 1, 8, 5, 6, 7], [0, 3], [4]]
5: [[2, 1, 8, 5, 6], [0, 3, 7], [4]]
6: [[2, 1, 8, 5], [0, 3, 7, 6], [4]]
7: [[2, 1, 8], [0, 3, 7, 6], [4, 5]]
8: [[2, 1], [0, 3, 7, 6], [4, 5, 8]]
9: [[2], [0, 3, 7, 6, 1], [4, 5, 8]]
10: [[], [0, 3, 7, 6, 1, 2], [4, 5, 8]]
11: [[8], [0, 3, 7, 6, 1, 2], [4, 5]]
12: [[8, 2], [0, 3, 7, 6, 1], [4, 5]]
13: [[8, 2, 1], [0, 3, 7, 6], [4, 5]]
14: [[8, 2, 1], [0, 3, 7], [4, 5, 6]]
15: [[8, 2, 1], [0, 3], [4, 5, 6, 7]]
16: [[8, 2], [0, 3, 1], [4, 5, 6, 7]]
17: [[8], [0, 3, 1, 2], [4, 5, 6, 7]]
18: [[8, 7], [0, 3, 1, 2], [4, 5, 6]]
19: [[8, 7, 6], [0, 3, 1, 2], [4, 5]]
20: [[8, 7, 6, 5], [0, 3, 1, 2], [4]]
21: [[8, 7, 6, 5, 4], [0, 3, 1, 2], []]
22: [[8, 7, 6, 5, 4, 2], [0, 3, 1], []]
23: [[8, 7, 6, 5, 4, 2], [0, 3], [1]]
24: [[8, 7, 6, 5, 4], [0, 3], [1, 2]]
25: [[8, 7, 6, 5, 4, 3], [0], [1, 2]]
26: [[8, 7, 6, 5, 4, 3, 2], [0], [1]]
27: [[8, 7, 6, 5, 4, 3, 2, 1], [0], []]
28: [[8, 7, 6, 5, 4, 3, 2, 1, 0], [], []]
--------------------------

The beam width:                  5
The length of solution:          32
The number of nodes expanded:    372
The total CPU time of heuristic: 0.0028439999995271137
The total CPU time of A*:        0.24177799999998228
The type of heuristic:           Adimissible
-----------path-----------
1: [[7, 5, 0, 3, 1, 4, 6, 8, 2], [], []]
2: [[7, 5, 0, 3, 1, 4, 6, 8], [], [2]]
3: [[7, 5, 0, 3, 1, 4, 6], [8], [2]]
4: [[7, 5, 0, 3, 1, 4], [8, 6], [2]]
5: [[7, 5, 0, 3, 1], [8, 6], [2, 4]]
6: [[7, 5, 0, 3, 1], [8], [2, 4, 6]]
7: [[7, 5, 0, 3], [8, 1], [2, 4, 6]]
8: [[7, 5, 0], [8, 1, 3], [2, 4, 6]]
9: [[7, 5], [8, 1, 3, 0], [2, 4, 6]]
10: [[7], [8, 1, 3, 0, 5], [2, 4, 6]]
11: [[], [8, 1, 3, 0, 5], [2, 4, 6, 7]]
12: [[5], [8, 1, 3, 0], [2, 4, 6, 7]]
13: [[5, 0], [8, 1, 3], [2, 4, 6, 7]]
14: [[5, 0, 3], [8, 1], [2, 4, 6, 7]]
15: [[5, 0, 3, 1], [8], [2, 4, 6, 7]]
16: [[5, 0, 3, 1], [], [2, 4, 6, 7, 8]]
17: [[5, 0, 3], [1], [2, 4, 6, 7, 8]]
18: [[5, 0], [1, 3], [2, 4, 6, 7, 8]]
19: [[5], [1, 3, 0], [2, 4, 6, 7, 8]]
20: [[], [1, 3, 0, 5], [2, 4, 6, 7, 8]]
21: [[8], [1, 3, 0, 5], [2, 4, 6, 7]]
22: [[8, 7], [1, 3, 0, 5], [2, 4, 6]]
23: [[8, 7, 6], [1, 3, 0, 5], [2, 4]]
24: [[8, 7, 6, 5], [1, 3, 0], [2, 4]]
25: [[8, 7, 6, 5, 4], [1, 3, 0], [2]]
26: [[8, 7, 6, 5, 4], [1, 3], [2, 0]]
27: [[8, 7, 6, 5, 4, 3], [1], [2, 0]]
28: [[8, 7, 6, 5, 4, 3], [1, 0], [2]]
29: [[8, 7, 6, 5, 4, 3, 2], [1, 0], []]
30: [[8, 7, 6, 5, 4, 3, 2], [1], [0]]
31: [[8, 7, 6, 5, 4, 3, 2, 1], [], [0]]
32: [[8, 7, 6, 5, 4, 3, 2, 1, 0], [], []]
--------------------------

The beam width:                  5
The length of solution:          20
The number of nodes expanded:    181
The total CPU time of heuristic: 0.0012650000001883654
The total CPU time of A*:        0.06810500000000275
The type of heuristic:           Adimissible
-----------path-----------
1: [[8, 0, 1, 3, 7, 5, 4, 6, 2], [], []]
2: [[8, 0, 1, 3, 7, 5, 4, 6], [2], []]
3: [[8, 0, 1, 3, 7, 5, 4], [2], [6]]
4: [[8, 0, 1, 3, 7, 5], [2, 4], [6]]
5: [[8, 0, 1, 3, 7], [2, 4, 5], [6]]
6: [[8, 0, 1, 3], [2, 4, 5], [6, 7]]
7: [[8, 0, 1], [2, 4, 5, 3], [6, 7]]
8: [[8, 0], [2, 4, 5, 3, 1], [6, 7]]
9: [[8], [2, 4, 5, 3, 1, 0], [6, 7]]
10: [[8, 7], [2, 4, 5, 3, 1, 0], [6]]
11: [[8, 7, 6], [2, 4, 5, 3, 1, 0], []]
12: [[8, 7, 6], [2, 4, 5, 3, 1], [0]]
13: [[8, 7, 6], [2, 4, 5, 3], [0, 1]]
14: [[8, 7, 6], [2, 4, 5], [0, 1, 3]]
15: [[8, 7, 6, 5], [2, 4], [0, 1, 3]]
16: [[8, 7, 6, 5, 4], [2], [0, 1, 3]]
17: [[8, 7, 6, 5, 4, 3], [2], [0, 1]]
18: [[8, 7, 6, 5, 4, 3, 2], [], [0, 1]]
19: [[8, 7, 6, 5, 4, 3, 2, 1], [], [0]]
20: [[8, 7, 6, 5, 4, 3, 2, 1, 0], [], []]
--------------------------

The beam width:                  5
The length of solution:          37
The number of nodes expanded:    462
The total CPU time of heuristic: 0.0033409999997218165
The total CPU time of A*:        0.33192100000002256
The type of heuristic:           Adimissible
-----------path-----------
1: [[3, 2, 5, 6, 4, 0, 8, 7, 1], [], []]
2: [[3, 2, 5, 6, 4, 0, 8, 7], [], [1]]
3: [[3, 2, 5, 6, 4, 0, 8], [7], [1]]
4: [[3, 2, 5, 6, 4, 0], [7, 8], [1]]
5: [[3, 2, 5, 6, 4], [7, 8, 0], [1]]
6: [[3, 2, 5, 6], [7, 8, 0], [1, 4]]
7: [[3, 2, 5], [7, 8, 0, 6], [1, 4]]
8: [[3, 2], [7, 8, 0, 6], [1, 4, 5]]
9: [[3, 2], [7, 8, 0], [1, 4, 5, 6]]
10: [[3], [7, 8, 0, 2], [1, 4, 5, 6]]
11: [[], [7, 8, 0, 2, 3], [1, 4, 5, 6]]
12: [[6], [7, 8, 0, 2, 3], [1, 4, 5]]
13: [[6, 3], [7, 8, 0, 2], [1, 4, 5]]
14: [[6, 3, 2], [7, 8, 0], [1, 4, 5]]
15: [[6, 3, 2, 0], [7, 8], [1, 4, 5]]
16: [[6, 3, 2, 0], [7], [1, 4, 5, 8]]
17: [[6, 3, 2], [7, 0], [1, 4, 5, 8]]
18: [[6, 3], [7, 0, 2], [1, 4, 5, 8]]
19: [[6], [7, 0, 2, 3], [1, 4, 5, 8]]
20: [[], [7, 0, 2, 3, 6], [1, 4, 5, 8]]
21: [[8], [7, 0, 2, 3, 6], [1, 4, 5]]
22: [[8], [7, 0, 2, 3], [1, 4, 5, 6]]
23: [[8, 3], [7, 0, 2], [1, 4, 5, 6]]
24: [[8, 3, 2], [7, 0], [1, 4, 5, 6]]
25: [[8, 3, 2, 0], [7], [1, 4, 5, 6]]
26: [[8, 3, 2, 0], [], [1, 4, 5, 6, 7]]
27: [[8, 3, 2], [0], [1, 4, 5, 6, 7]]
28: [[8, 3], [0, 2], [1, 4, 5, 6, 7]]
29: [[8], [0, 2, 3], [1, 4, 5, 6, 7]]
30: [[8, 7], [0, 2, 3], [1, 4, 5, 6]]
31: [[8, 7, 6], [0, 2, 3], [1, 4, 5]]
32: [[8, 7, 6, 5], [0, 2, 3], [1, 4]]
33: [[8, 7, 6, 5, 4], [0, 2, 3], [1]]
34: [[8, 7, 6, 5, 4, 3], [0, 2], [1]]
35: [[8, 7, 6, 5, 4, 3, 2], [0], [1]]
36: [[8, 7, 6, 5, 4, 3, 2, 1], [0], []]
37: [[8, 7, 6, 5, 4, 3, 2, 1, 0], [], []]
--------------------------

The beam width:                  5
The length of solution:          27
The number of nodes expanded:    289
The total CPU time of heuristic: 0.002047000000203525
The total CPU time of A*:        0.1652729999999849
The type of heuristic:           Adimissible
-----------path-----------
1: [[7, 5, 0, 8, 2, 4, 1, 6, 3], [], []]
2: [[7, 5, 0, 8, 2, 4, 1, 6], [3], []]
3: [[7, 5, 0, 8, 2, 4, 1], [3, 6], []]
4: [[7, 5, 0, 8, 2, 4], [3, 6], [1]]
5: [[7, 5, 0, 8, 2], [3, 6, 4], [1]]
6: [[7, 5, 0, 8], [3, 6, 4], [1, 2]]
7: [[7, 5, 0, 8], [3, 6], [1, 2, 4]]
8: [[7, 5, 0], [3, 6], [1, 2, 4, 8]]
9: [[7, 5], [3, 6, 0], [1, 2, 4, 8]]
10: [[7], [3, 6, 0, 5], [1, 2, 4, 8]]
11: [[], [3, 6, 0, 5, 7], [1, 2, 4, 8]]
12: [[8], [3, 6, 0, 5, 7], [1, 2, 4]]
13: [[8, 7], [3, 6, 0, 5], [1, 2, 4]]
14: [[8, 7, 5], [3, 6, 0], [1, 2, 4]]
15: [[8, 7, 5, 0], [3, 6], [1, 2, 4]]
16: [[8, 7, 5, 0], [3], [1, 2, 4, 6]]
17: [[8, 7, 5], [3, 0], [1, 2, 4, 6]]
18: [[8, 7], [3, 0, 5], [1, 2, 4, 6]]
19: [[8, 7, 6], [3, 0, 5], [1, 2, 4]]
20: [[8, 7, 6, 5], [3, 0], [1, 2, 4]]
21: [[8, 7, 6, 5, 4], [3, 0], [1, 2]]
22: [[8, 7, 6, 5, 4], [3], [1, 2, 0]]
23: [[8, 7, 6, 5, 4, 3], [], [1, 2, 0]]
24: [[8, 7, 6, 5, 4, 3], [0], [1, 2]]
25: [[8, 7, 6, 5, 4, 3, 2], [0], [1]]
26: [[8, 7, 6, 5, 4, 3, 2, 1], [0], []]
27: [[8, 7, 6, 5, 4, 3, 2, 1, 0], [], []]
--------------------------

The beam width:                  5
The length of solution:          37
The number of nodes expanded:    480
The total CPU time of heuristic: 0.0032310000007385042
The total CPU time of A*:        0.35048499999999194
The type of heuristic:           Adimissible
-----------path-----------
1: [[6, 5, 0, 2, 1, 8, 7, 3, 4], [], []]
2: [[6, 5, 0, 2, 1, 8, 7, 3], [], [4]]
3: [[6, 5, 0, 2, 1, 8, 7], [3], [4]]
4: [[6, 5, 0, 2, 1, 8], [3, 7], [4]]
5: [[6, 5, 0, 2, 1], [3, 7, 8], [4]]
6: [[6, 5, 0, 2], [3, 7, 8, 1], [4]]
7: [[6, 5, 0], [3, 7, 8, 1, 2], [4]]
8: [[6, 5], [3, 7, 8, 1, 2, 0], [4]]
9: [[6], [3, 7, 8, 1, 2, 0], [4, 5]]
10: [[], [3, 7, 8, 1, 2, 0], [4, 5, 6]]
11: [[0], [3, 7, 8, 1, 2], [4, 5, 6]]
12: [[0, 2], [3, 7, 8, 1], [4, 5, 6]]
13: [[0, 2, 1], [3, 7, 8], [4, 5, 6]]
14: [[0, 2, 1], [3, 7], [4, 5, 6, 8]]
15: [[0, 2], [3, 7, 1], [4, 5, 6, 8]]
16: [[0], [3, 7, 1, 2], [4, 5, 6, 8]]
17: [[], [3, 7, 1, 2, 0], [4, 5, 6, 8]]
18: [[8], [3, 7, 1, 2, 0], [4, 5, 6]]
19: [[8, 0], [3, 7, 1, 2], [4, 5, 6]]
20: [[8, 0, 2], [3, 7, 1], [4, 5, 6]]
21: [[8, 0, 2, 1], [3, 7], [4, 5, 6]]
22: [[8, 0, 2, 1], [3], [4, 5, 6, 7]]
23: [[8, 0, 2], [3, 1], [4, 5, 6, 7]]
24: [[8, 0], [3, 1, 2], [4, 5, 6, 7]]
25: [[8], [3, 1, 2, 0], [4, 5, 6, 7]]
26: [[8, 7], [3, 1, 2, 0], [4, 5, 6]]
27: [[8, 7, 6], [3, 1, 2, 0], [4, 5]]
28: [[8, 7, 6, 5], [3, 1, 2, 0], [4]]
29: [[8, 7, 6, 5, 4], [3, 1, 2, 0], []]
30: [[8, 7, 6, 5, 4], [3, 1, 2], [0]]
31: [[8, 7, 6, 5, 4, 2], [3, 1], [0]]
32: [[8, 7, 6, 5, 4, 2], [3], [0, 1]]
33: [[8, 7, 6, 5, 4], [3], [0, 1, 2]]
34: [[8, 7, 6, 5, 4, 3], [], [0, 1, 2]]
35: [[8, 7, 6, 5, 4, 3, 2], [], [0, 1]]
36: [[8, 7, 6, 5, 4, 3, 2, 1], [], [0]]
37: [[8, 7, 6, 5, 4, 3, 2, 1, 0], [], []]
--------------------------

The beam width:                  5
The length of solution:          32
The number of nodes expanded:    375
The total CPU time of heuristic: 0.0027079999996146853
The total CPU time of A*:        0.24330299999999738
The type of heuristic:           Adimissible
-----------path-----------
1: [[1, 4, 6, 8, 2, 3, 0, 7, 5], [], []]
2: [[1, 4, 6, 8, 2, 3, 0, 7], [5], []]
3: [[1, 4, 6, 8, 2, 3, 0], [5, 7], []]
4: [[1, 4, 6, 8, 2, 3], [5, 7], [0]]
5: [[1, 4, 6, 8, 2], [5, 7, 3], [0]]
6: [[1, 4, 6, 8], [5, 7, 3], [0, 2]]
7: [[1, 4, 6, 8], [5, 7], [0, 2, 3]]
8: [[1, 4, 6], [5, 7], [0, 2, 3, 8]]
9: [[1, 4], [5, 7, 6], [0, 2, 3, 8]]
10: [[1], [5, 7, 6, 4], [0, 2, 3, 8]]
11: [[], [5, 7, 6, 4, 1], [0, 2, 3, 8]]
12: [[8], [5, 7, 6, 4, 1], [0, 2, 3]]
13: [[8, 1], [5, 7, 6, 4], [0, 2, 3]]
14: [[8, 1, 4], [5, 7, 6], [0, 2, 3]]
15: [[8, 1, 4], [5, 7], [0, 2, 3, 6]]
16: [[8, 1, 4], [5], [0, 2, 3, 6, 7]]
17: [[8, 1], [5, 4], [0, 2, 3, 6, 7]]
18: [[8], [5, 4, 1], [0, 2, 3, 6, 7]]
19: [[8, 7], [5, 4, 1], [0, 2, 3, 6]]
20: [[8, 7, 6], [5, 4, 1], [0, 2, 3]]
21: [[8, 7, 6, 1], [5, 4], [0, 2, 3]]
22: [[8, 7, 6, 1, 4], [5], [0, 2, 3]]
23: [[8, 7, 6, 1, 4], [], [0, 2, 3, 5]]
24: [[8, 7, 6, 1], [], [0, 2, 3, 5, 4]]
25: [[8, 7, 6], [1], [0, 2, 3, 5, 4]]
26: [[8, 7, 6], [1, 4], [0, 2, 3, 5]]
27: [[8, 7, 6, 5], [1, 4], [0, 2, 3]]
28: [[8, 7, 6, 5, 4], [1], [0, 2, 3]]
29: [[8, 7, 6, 5, 4, 3], [1], [0, 2]]
30: [[8, 7, 6, 5, 4, 3, 2], [1], [0]]
31: [[8, 7, 6, 5, 4, 3, 2, 1], [], [0]]
32: [[8, 7, 6, 5, 4, 3, 2, 1, 0], [], []]
--------------------------

