The beam width:                  50
The length of solution:          9
The number of nodes expanded:    1002
The total CPU time of heuristic: 0.0069279999998173025
The total CPU time of A*:        0.5915740000000085
The type of heuristic:           Adimissible
-----------path-----------
1: [[1, 3, 0, 6, 5, 2, 4, 7], [], []]
2: [[1, 3, 0, 6, 5, 2, 4], [7], []]
3: [[1, 3, 0, 6, 5, 2], [7, 4], []]
4: [[1, 3, 0, 6, 5], [7, 4, 2], []]
5: [[1, 3, 0, 6], [7, 4, 2], [5]]
6: [[1, 3, 0], [7, 4, 2, 6], [5]]
7: [[1, 3], [7, 4, 2, 6, 0], [5]]
8: [[1], [7, 4, 2, 6, 0], [5, 3]]
9: [[], [7, 4, 2, 6, 0, 1], [5, 3]]
--------------------------

The beam width:                  50
The length of solution:          18
The number of nodes expanded:    310
The total CPU time of heuristic: 0.0022420000000522577
The total CPU time of A*:        0.123533000000009
The type of heuristic:           Adimissible
-----------path-----------
1: [[5, 4, 6, 1, 7, 0, 3, 2], [], []]
2: [[5, 4, 6, 1, 7, 0, 3], [], [2]]
3: [[5, 4, 6, 1, 7, 0], [], [2, 3]]
4: [[5, 4, 6, 1, 7], [0], [2, 3]]
5: [[5, 4, 6, 1], [0], [2, 3, 7]]
6: [[5, 4, 6], [0, 1], [2, 3, 7]]
7: [[5, 4], [0, 1, 6], [2, 3, 7]]
8: [[5, 4], [0, 1, 6, 7], [2, 3]]
9: [[5], [0, 1, 6, 7], [2, 3, 4]]
10: [[], [0, 1, 6, 7], [2, 3, 4, 5]]
11: [[7], [0, 1, 6], [2, 3, 4, 5]]
12: [[7, 6], [0, 1], [2, 3, 4, 5]]
13: [[7, 6, 5], [0, 1], [2, 3, 4]]
14: [[7, 6, 5, 4], [0, 1], [2, 3]]
15: [[7, 6, 5, 4, 3], [0, 1], [2]]
16: [[7, 6, 5, 4, 3, 2], [0, 1], []]
17: [[7, 6, 5, 4, 3, 2, 1], [0], []]
18: [[7, 6, 5, 4, 3, 2, 1, 0], [], []]
--------------------------

The beam width:                  50
The length of solution:          20
The number of nodes expanded:    733
The total CPU time of heuristic: 0.00510500000117986
The total CPU time of A*:        0.3763800000000117
The type of heuristic:           Adimissible
-----------path-----------
1: [[0, 5, 3, 4, 2, 1, 6, 7], [], []]
2: [[0, 5, 3, 4, 2, 1, 6], [7], []]
3: [[0, 5, 3, 4, 2, 1], [7], [6]]
4: [[0, 5, 3, 4, 2, 1], [], [6, 7]]
5: [[0, 5, 3, 4, 2], [1], [6, 7]]
6: [[0, 5, 3, 4], [1, 2], [6, 7]]
7: [[0, 5, 3], [1, 2], [6, 7, 4]]
8: [[0, 5], [1, 2, 3], [6, 7, 4]]
9: [[0, 5], [1, 2, 3, 4], [6, 7]]
10: [[0], [1, 2, 3, 4, 5], [6, 7]]
11: [[], [1, 2, 3, 4, 5, 0], [6, 7]]
12: [[7], [1, 2, 3, 4, 5, 0], [6]]
13: [[7, 6], [1, 2, 3, 4, 5, 0], []]
14: [[7, 6], [1, 2, 3, 4, 5], [0]]
15: [[7, 6, 5], [1, 2, 3, 4], [0]]
16: [[7, 6, 5, 4], [1, 2, 3], [0]]
17: [[7, 6, 5, 4, 3], [1, 2], [0]]
18: [[7, 6, 5, 4, 3, 2], [1], [0]]
19: [[7, 6, 5, 4, 3, 2, 1], [], [0]]
20: [[7, 6, 5, 4, 3, 2, 1, 0], [], []]
--------------------------

The beam width:                  50
The length of solution:          19
The number of nodes expanded:    600
The total CPU time of heuristic: 0.004043000000024222
The total CPU time of A*:        0.2756380000000149
The type of heuristic:           Adimissible
-----------path-----------
1: [[2, 4, 3, 5, 7, 6, 0, 1], [], []]
2: [[2, 4, 3, 5, 7, 6, 0], [], [1]]
3: [[2, 4, 3, 5, 7, 6], [0], [1]]
4: [[2, 4, 3, 5, 7], [0], [1, 6]]
5: [[2, 4, 3, 5], [0], [1, 6, 7]]
6: [[2, 4, 3], [0], [1, 6, 7, 5]]
7: [[2, 4], [0, 3], [1, 6, 7, 5]]
8: [[2], [0, 3, 4], [1, 6, 7, 5]]
9: [[2], [0, 3, 4, 5], [1, 6, 7]]
10: [[], [0, 3, 4, 5, 2], [1, 6, 7]]
11: [[7], [0, 3, 4, 5, 2], [1, 6]]
12: [[7, 6], [0, 3, 4, 5, 2], [1]]
13: [[7, 6], [0, 3, 4, 5], [1, 2]]
14: [[7, 6, 5], [0, 3, 4], [1, 2]]
15: [[7, 6, 5, 4], [0, 3], [1, 2]]
16: [[7, 6, 5, 4, 3], [0], [1, 2]]
17: [[7, 6, 5, 4, 3, 2], [0], [1]]
18: [[7, 6, 5, 4, 3, 2, 1], [0], []]
19: [[7, 6, 5, 4, 3, 2, 1, 0], [], []]
--------------------------

The beam width:                  50
The length of solution:          18
The number of nodes expanded:    580
The total CPU time of heuristic: 0.004294999999473248
The total CPU time of A*:        0.30364900000000716
The type of heuristic:           Adimissible
-----------path-----------
1: [[5, 4, 2, 6, 3, 7, 1, 0], [], []]
2: [[5, 4, 2, 6, 3, 7, 1], [], [0]]
3: [[5, 4, 2, 6, 3, 7], [], [0, 1]]
4: [[5, 4, 2, 6, 3], [], [0, 1, 7]]
5: [[5, 4, 2, 6], [3], [0, 1, 7]]
6: [[5, 4, 2], [3, 6], [0, 1, 7]]
7: [[5, 4, 2], [3, 6, 7], [0, 1]]
8: [[5, 4], [3, 6, 7], [0, 1, 2]]
9: [[5], [3, 6, 7], [0, 1, 2, 4]]
10: [[], [3, 6, 7], [0, 1, 2, 4, 5]]
11: [[7], [3, 6], [0, 1, 2, 4, 5]]
12: [[7, 6], [3], [0, 1, 2, 4, 5]]
13: [[7, 6, 5], [3], [0, 1, 2, 4]]
14: [[7, 6, 5, 4], [3], [0, 1, 2]]
15: [[7, 6, 5, 4, 3], [], [0, 1, 2]]
16: [[7, 6, 5, 4, 3, 2], [], [0, 1]]
17: [[7, 6, 5, 4, 3, 2, 1], [], [0]]
18: [[7, 6, 5, 4, 3, 2, 1, 0], [], []]
--------------------------

The beam width:                  50
The length of solution:          20
The number of nodes expanded:    690
The total CPU time of heuristic: 0.0043340000000569034
The total CPU time of A*:        0.3160710000000222
The type of heuristic:           Adimissible
-----------path-----------
1: [[1, 4, 0, 3, 7, 2, 6, 5], [], []]
2: [[1, 4, 0, 3, 7, 2, 6], [], [5]]
3: [[1, 4, 0, 3, 7, 2], [], [5, 6]]
4: [[1, 4, 0, 3, 7], [2], [5, 6]]
5: [[1, 4, 0, 3], [2], [5, 6, 7]]
6: [[1, 4, 0], [2, 3], [5, 6, 7]]
7: [[1, 4], [2, 3, 0], [5, 6, 7]]
8: [[1], [2, 3, 0, 4], [5, 6, 7]]
9: [[], [2, 3, 0, 4, 1], [5, 6, 7]]
10: [[7], [2, 3, 0, 4, 1], [5, 6]]
11: [[7, 6], [2, 3, 0, 4, 1], [5]]
12: [[7, 6, 5], [2, 3, 0, 4, 1], []]
13: [[7, 6, 5], [2, 3, 0, 4], [1]]
14: [[7, 6, 5, 4], [2, 3, 0], [1]]
15: [[7, 6, 5, 4], [2, 3], [1, 0]]
16: [[7, 6, 5, 4, 3], [2], [1, 0]]
17: [[7, 6, 5, 4, 3, 2], [], [1, 0]]
18: [[7, 6, 5, 4, 3, 2], [0], [1]]
19: [[7, 6, 5, 4, 3, 2, 1], [0], []]
20: [[7, 6, 5, 4, 3, 2, 1, 0], [], []]
--------------------------

The beam width:                  50
The length of solution:          11
The number of nodes expanded:    1001
The total CPU time of heuristic: 0.006811999999911222
The total CPU time of A*:        0.5873839999999859
The type of heuristic:           Adimissible
-----------path-----------
1: [[1, 3, 0, 6, 2, 7, 4, 5], [], []]
2: [[1, 3, 0, 6, 2, 7, 4], [], [5]]
3: [[1, 3, 0, 6, 2, 7], [], [5, 4]]
4: [[1, 3, 0, 6, 2], [], [5, 4, 7]]
5: [[1, 3, 0, 6], [2], [5, 4, 7]]
6: [[1, 3, 0], [2, 6], [5, 4, 7]]
7: [[1, 3], [2, 6, 0], [5, 4, 7]]
8: [[1], [2, 6, 0, 3], [5, 4, 7]]
9: [[], [2, 6, 0, 3, 1], [5, 4, 7]]
10: [[7], [2, 6, 0, 3, 1], [5, 4]]
11: [[7, 1], [2, 6, 0, 3], [5, 4]]
--------------------------

The beam width:                  50
The length of solution:          19
The number of nodes expanded:    384
The total CPU time of heuristic: 0.002437000000526268
The total CPU time of A*:        0.13731899999999087
The type of heuristic:           Adimissible
-----------path-----------
1: [[4, 3, 7, 0, 5, 1, 2, 6], [], []]
2: [[4, 3, 7, 0, 5, 1, 2], [6], []]
3: [[4, 3, 7, 0, 5, 1], [6, 2], []]
4: [[4, 3, 7, 0, 5], [6, 2], [1]]
5: [[4, 3, 7, 0, 5], [6], [1, 2]]
6: [[4, 3, 7, 0], [6], [1, 2, 5]]
7: [[4, 3, 7, 0], [], [1, 2, 5, 6]]
8: [[4, 3, 7], [0], [1, 2, 5, 6]]
9: [[4, 3], [0], [1, 2, 5, 6, 7]]
10: [[4], [0, 3], [1, 2, 5, 6, 7]]
11: [[], [0, 3, 4], [1, 2, 5, 6, 7]]
12: [[7], [0, 3, 4], [1, 2, 5, 6]]
13: [[7, 6], [0, 3, 4], [1, 2, 5]]
14: [[7, 6, 5], [0, 3, 4], [1, 2]]
15: [[7, 6, 5, 4], [0, 3], [1, 2]]
16: [[7, 6, 5, 4, 3], [0], [1, 2]]
17: [[7, 6, 5, 4, 3, 2], [0], [1]]
18: [[7, 6, 5, 4, 3, 2, 1], [0], []]
19: [[7, 6, 5, 4, 3, 2, 1, 0], [], []]
--------------------------

The beam width:                  50
The length of solution:          19
The number of nodes expanded:    645
The total CPU time of heuristic: 0.004480999999401547
The total CPU time of A*:        0.30959799999999404
The type of heuristic:           Adimissible
-----------path-----------
1: [[3, 2, 6, 7, 1, 4, 5, 0], [], []]
2: [[3, 2, 6, 7, 1, 4, 5], [0], []]
3: [[3, 2, 6, 7, 1, 4], [0], [5]]
4: [[3, 2, 6, 7, 1], [0, 4], [5]]
5: [[3, 2, 6, 7, 1], [0, 4, 5], []]
6: [[3, 2, 6, 7], [0, 4, 5], [1]]
7: [[3, 2, 6], [0, 4, 5, 7], [1]]
8: [[3, 2], [0, 4, 5, 7, 6], [1]]
9: [[3], [0, 4, 5, 7, 6], [1, 2]]
10: [[], [0, 4, 5, 7, 6], [1, 2, 3]]
11: [[], [0, 4, 5, 7], [1, 2, 3, 6]]
12: [[7], [0, 4, 5], [1, 2, 3, 6]]
13: [[7, 6], [0, 4, 5], [1, 2, 3]]
14: [[7, 6, 5], [0, 4], [1, 2, 3]]
15: [[7, 6, 5, 4], [0], [1, 2, 3]]
16: [[7, 6, 5, 4, 3], [0], [1, 2]]
17: [[7, 6, 5, 4, 3, 2], [0], [1]]
18: [[7, 6, 5, 4, 3, 2, 1], [0], []]
19: [[7, 6, 5, 4, 3, 2, 1, 0], [], []]
--------------------------

The beam width:                  50
The length of solution:          21
The number of nodes expanded:    972
The total CPU time of heuristic: 0.006558000000154607
The total CPU time of A*:        0.5521779999999978
The type of heuristic:           Adimissible
-----------path-----------
1: [[1, 6, 0, 5, 7, 3, 2, 4], [], []]
2: [[1, 6, 0, 5, 7, 3, 2], [], [4]]
3: [[1, 6, 0, 5, 7, 3], [2], [4]]
4: [[1, 6, 0, 5, 7], [2, 3], [4]]
5: [[1, 6, 0, 5, 7], [2, 3, 4], []]
6: [[1, 6, 0, 5], [2, 3, 4], [7]]
7: [[1, 6, 0], [2, 3, 4, 5], [7]]
8: [[1, 6], [2, 3, 4, 5, 0], [7]]
9: [[1], [2, 3, 4, 5, 0, 6], [7]]
10: [[], [2, 3, 4, 5, 0, 6, 1], [7]]
11: [[7], [2, 3, 4, 5, 0, 6, 1], []]
12: [[7], [2, 3, 4, 5, 0, 6], [1]]
13: [[7, 6], [2, 3, 4, 5, 0], [1]]
14: [[7, 6], [2, 3, 4, 5], [1, 0]]
15: [[7, 6, 5], [2, 3, 4], [1, 0]]
16: [[7, 6, 5, 4], [2, 3], [1, 0]]
17: [[7, 6, 5, 4, 3], [2], [1, 0]]
18: [[7, 6, 5, 4, 3, 2], [], [1, 0]]
19: [[7, 6, 5, 4, 3, 2], [0], [1]]
20: [[7, 6, 5, 4, 3, 2, 1], [0], []]
21: [[7, 6, 5, 4, 3, 2, 1, 0], [], []]
--------------------------

The beam width:                  50
The length of solution:          19
The number of nodes expanded:    772
The total CPU time of heuristic: 0.005388000000351667
The total CPU time of A*:        0.3911560000000236
The type of heuristic:           Adimissible
-----------path-----------
1: [[4, 2, 6, 5, 1, 7, 0, 3], [], []]
2: [[4, 2, 6, 5, 1, 7, 0], [3], []]
3: [[4, 2, 6, 5, 1, 7], [3], [0]]
4: [[4, 2, 6, 5, 1], [3, 7], [0]]
5: [[4, 2, 6, 5], [3, 7], [0, 1]]
6: [[4, 2, 6], [3, 7], [0, 1, 5]]
7: [[4, 2], [3, 7], [0, 1, 5, 6]]
8: [[4, 2], [3], [0, 1, 5, 6, 7]]
9: [[4], [3, 2], [0, 1, 5, 6, 7]]
10: [[], [3, 2, 4], [0, 1, 5, 6, 7]]
11: [[7], [3, 2, 4], [0, 1, 5, 6]]
12: [[7, 6], [3, 2, 4], [0, 1, 5]]
13: [[7, 6, 5], [3, 2, 4], [0, 1]]
14: [[7, 6, 5, 4], [3, 2], [0, 1]]
15: [[7, 6, 5, 4], [3], [0, 1, 2]]
16: [[7, 6, 5, 4, 3], [], [0, 1, 2]]
17: [[7, 6, 5, 4, 3, 2], [], [0, 1]]
18: [[7, 6, 5, 4, 3, 2, 1], [], [0]]
19: [[7, 6, 5, 4, 3, 2, 1, 0], [], []]
--------------------------

The beam width:                  50
The length of solution:          18
The number of nodes expanded:    674
The total CPU time of heuristic: 0.004864000000168289
The total CPU time of A*:        0.36420400000000086
The type of heuristic:           Adimissible
-----------path-----------
1: [[5, 4, 3, 2, 6, 7, 1, 0], [], []]
2: [[5, 4, 3, 2, 6, 7, 1], [0], []]
3: [[5, 4, 3, 2, 6, 7], [0], [1]]
4: [[5, 4, 3, 2, 6], [0], [1, 7]]
5: [[5, 4, 3, 2], [0, 6], [1, 7]]
6: [[5, 4, 3, 2], [0, 6, 7], [1]]
7: [[5, 4, 3], [0, 6, 7], [1, 2]]
8: [[5, 4], [0, 6, 7], [1, 2, 3]]
9: [[5], [0, 6, 7], [1, 2, 3, 4]]
10: [[], [0, 6, 7], [1, 2, 3, 4, 5]]
11: [[7], [0, 6], [1, 2, 3, 4, 5]]
12: [[7, 6], [0], [1, 2, 3, 4, 5]]
13: [[7, 6, 5], [0], [1, 2, 3, 4]]
14: [[7, 6, 5, 4], [0], [1, 2, 3]]
15: [[7, 6, 5, 4, 3], [0], [1, 2]]
16: [[7, 6, 5, 4, 3, 2], [0], [1]]
17: [[7, 6, 5, 4, 3, 2, 1], [0], []]
18: [[7, 6, 5, 4, 3, 2, 1, 0], [], []]
--------------------------

The beam width:                  50
The length of solution:          16
The number of nodes expanded:    1001
The total CPU time of heuristic: 0.006875000000775344
The total CPU time of A*:        0.585107000000022
The type of heuristic:           Adimissible
-----------path-----------
1: [[1, 6, 7, 2, 5, 3, 4, 0], [], []]
2: [[1, 6, 7, 2, 5, 3, 4], [], [0]]
3: [[1, 6, 7, 2, 5, 3], [], [0, 4]]
4: [[1, 6, 7, 2, 5], [3], [0, 4]]
5: [[1, 6, 7, 2], [3], [0, 4, 5]]
6: [[1, 6, 7], [3, 2], [0, 4, 5]]
7: [[1, 6], [3, 2, 7], [0, 4, 5]]
8: [[1], [3, 2, 7], [0, 4, 5, 6]]
9: [[1], [3, 2], [0, 4, 5, 6, 7]]
10: [[], [3, 2, 1], [0, 4, 5, 6, 7]]
11: [[7], [3, 2, 1], [0, 4, 5, 6]]
12: [[7, 6], [3, 2, 1], [0, 4, 5]]
13: [[7, 6, 5], [3, 2, 1], [0, 4]]
14: [[7, 6, 5, 4], [3, 2, 1], [0]]
15: [[7, 6, 5, 4], [3, 2], [0, 1]]
16: [[7, 6, 5, 4], [3], [0, 1, 2]]
--------------------------

The beam width:                  50
The length of solution:          19
The number of nodes expanded:    750
The total CPU time of heuristic: 0.004962000000091393
The total CPU time of A*:        0.3793979999999806
The type of heuristic:           Adimissible
-----------path-----------
1: [[3, 4, 6, 5, 2, 1, 7, 0], [], []]
2: [[3, 4, 6, 5, 2, 1, 7], [], [0]]
3: [[3, 4, 6, 5, 2, 1], [7], [0]]
4: [[3, 4, 6, 5, 2], [7], [0, 1]]
5: [[3, 4, 6, 5], [7], [0, 1, 2]]
6: [[3, 4, 6], [7], [0, 1, 2, 5]]
7: [[3, 4], [7], [0, 1, 2, 5, 6]]
8: [[3, 4], [], [0, 1, 2, 5, 6, 7]]
9: [[3], [4], [0, 1, 2, 5, 6, 7]]
10: [[], [4, 3], [0, 1, 2, 5, 6, 7]]
11: [[7], [4, 3], [0, 1, 2, 5, 6]]
12: [[7, 6], [4, 3], [0, 1, 2, 5]]
13: [[7, 6, 5], [4, 3], [0, 1, 2]]
14: [[7, 6, 5], [4], [0, 1, 2, 3]]
15: [[7, 6, 5, 4], [], [0, 1, 2, 3]]
16: [[7, 6, 5, 4, 3], [], [0, 1, 2]]
17: [[7, 6, 5, 4, 3, 2], [], [0, 1]]
18: [[7, 6, 5, 4, 3, 2, 1], [], [0]]
19: [[7, 6, 5, 4, 3, 2, 1, 0], [], []]
--------------------------

The beam width:                  50
The length of solution:          18
The number of nodes expanded:    584
The total CPU time of heuristic: 0.004072000000633125
The total CPU time of A*:        0.24754000000001497
The type of heuristic:           Adimissible
-----------path-----------
1: [[7, 2, 3, 0, 6, 1, 4, 5], [], []]
2: [[7, 2, 3, 0, 6, 1, 4], [5], []]
3: [[7, 2, 3, 0, 6, 1], [5, 4], []]
4: [[7, 2, 3, 0, 6], [5, 4], [1]]
5: [[7, 2, 3, 0, 6], [5], [1, 4]]
6: [[7, 2, 3, 0, 6], [], [1, 4, 5]]
7: [[7, 2, 3, 0], [], [1, 4, 5, 6]]
8: [[7, 2, 3], [0], [1, 4, 5, 6]]
9: [[7, 2], [0, 3], [1, 4, 5, 6]]
10: [[7], [0, 3, 2], [1, 4, 5, 6]]
11: [[7, 6], [0, 3, 2], [1, 4, 5]]
12: [[7, 6, 5], [0, 3, 2], [1, 4]]
13: [[7, 6, 5, 4], [0, 3, 2], [1]]
14: [[7, 6, 5, 4], [0, 3], [1, 2]]
15: [[7, 6, 5, 4, 3], [0], [1, 2]]
16: [[7, 6, 5, 4, 3, 2], [0], [1]]
17: [[7, 6, 5, 4, 3, 2, 1], [0], []]
18: [[7, 6, 5, 4, 3, 2, 1, 0], [], []]
--------------------------

The beam width:                  50
The length of solution:          20
The number of nodes expanded:    867
The total CPU time of heuristic: 0.005715000000748205
The total CPU time of A*:        0.46785699999998087
The type of heuristic:           Adimissible
-----------path-----------
1: [[3, 7, 6, 0, 4, 1, 5, 2], [], []]
2: [[3, 7, 6, 0, 4, 1, 5], [2], []]
3: [[3, 7, 6, 0, 4, 1], [2, 5], []]
4: [[3, 7, 6, 0, 4], [2, 5], [1]]
5: [[3, 7, 6, 0], [2, 5], [1, 4]]
6: [[3, 7, 6, 0], [2], [1, 4, 5]]
7: [[3, 7, 6], [2, 0], [1, 4, 5]]
8: [[3, 7], [2, 0], [1, 4, 5, 6]]
9: [[3], [2, 0], [1, 4, 5, 6, 7]]
10: [[], [2, 0, 3], [1, 4, 5, 6, 7]]
11: [[7], [2, 0, 3], [1, 4, 5, 6]]
12: [[7, 6], [2, 0, 3], [1, 4, 5]]
13: [[7, 6, 5], [2, 0, 3], [1, 4]]
14: [[7, 6, 5, 4], [2, 0, 3], [1]]
15: [[7, 6, 5, 4, 3], [2, 0], [1]]
16: [[7, 6, 5, 4, 3], [2], [1, 0]]
17: [[7, 6, 5, 4, 3, 2], [], [1, 0]]
18: [[7, 6, 5, 4, 3, 2], [0], [1]]
19: [[7, 6, 5, 4, 3, 2, 1], [0], []]
20: [[7, 6, 5, 4, 3, 2, 1, 0], [], []]
--------------------------

The beam width:                  50
The length of solution:          18
The number of nodes expanded:    1002
The total CPU time of heuristic: 0.006576999999424515
The total CPU time of A*:        0.582839999999976
The type of heuristic:           Adimissible
-----------path-----------
1: [[3, 4, 0, 2, 6, 1, 5, 7], [], []]
2: [[3, 4, 0, 2, 6, 1, 5], [7], []]
3: [[3, 4, 0, 2, 6, 1], [7, 5], []]
4: [[3, 4, 0, 2, 6], [7, 5], [1]]
5: [[3, 4, 0, 2, 6], [7], [1, 5]]
6: [[3, 4, 0, 2], [7], [1, 5, 6]]
7: [[3, 4, 0, 2], [], [1, 5, 6, 7]]
8: [[3, 4, 0], [2], [1, 5, 6, 7]]
9: [[3, 4], [2, 0], [1, 5, 6, 7]]
10: [[3], [2, 0, 4], [1, 5, 6, 7]]
11: [[], [2, 0, 4, 3], [1, 5, 6, 7]]
12: [[7], [2, 0, 4, 3], [1, 5, 6]]
13: [[7, 6], [2, 0, 4, 3], [1, 5]]
14: [[7, 6, 5], [2, 0, 4, 3], [1]]
15: [[7, 6, 5], [2, 0, 4], [1, 3]]
16: [[7, 6, 5, 4], [2, 0], [1, 3]]
17: [[7, 6, 5, 4, 3], [2, 0], [1]]
18: [[7, 6, 5, 4, 3], [2], [1, 0]]
--------------------------

The beam width:                  50
The length of solution:          18
The number of nodes expanded:    756
The total CPU time of heuristic: 0.004886000000681179
The total CPU time of A*:        0.36425099999996746
The type of heuristic:           Adimissible
-----------path-----------
1: [[7, 1, 2, 3, 4, 6, 5, 0], [], []]
2: [[7, 1, 2, 3, 4, 6, 5], [], [0]]
3: [[7, 1, 2, 3, 4, 6], [], [0, 5]]
4: [[7, 1, 2, 3, 4], [], [0, 5, 6]]
5: [[7, 1, 2, 3], [], [0, 5, 6, 4]]
6: [[7, 1, 2], [3], [0, 5, 6, 4]]
7: [[7, 1, 2], [3, 4], [0, 5, 6]]
8: [[7, 1], [3, 4, 2], [0, 5, 6]]
9: [[7], [3, 4, 2, 1], [0, 5, 6]]
10: [[7, 6], [3, 4, 2, 1], [0, 5]]
11: [[7, 6, 5], [3, 4, 2, 1], [0]]
12: [[7, 6, 5], [3, 4, 2], [0, 1]]
13: [[7, 6, 5], [3, 4], [0, 1, 2]]
14: [[7, 6, 5, 4], [3], [0, 1, 2]]
15: [[7, 6, 5, 4, 3], [], [0, 1, 2]]
16: [[7, 6, 5, 4, 3, 2], [], [0, 1]]
17: [[7, 6, 5, 4, 3, 2, 1], [], [0]]
18: [[7, 6, 5, 4, 3, 2, 1, 0], [], []]
--------------------------

The beam width:                  50
The length of solution:          10
The number of nodes expanded:    1002
The total CPU time of heuristic: 0.007152000000644421
The total CPU time of A*:        0.6070829999999887
The type of heuristic:           Adimissible
-----------path-----------
1: [[0, 6, 7, 5, 3, 1, 4, 2], [], []]
2: [[0, 6, 7, 5, 3, 1, 4], [], [2]]
3: [[0, 6, 7, 5, 3, 1], [4], [2]]
4: [[0, 6, 7, 5, 3], [4, 1], [2]]
5: [[0, 6, 7, 5], [4, 1], [2, 3]]
6: [[0, 6, 7], [4, 1], [2, 3, 5]]
7: [[0, 6, 7], [4], [2, 3, 5, 1]]
8: [[0, 6], [4, 7], [2, 3, 5, 1]]
9: [[0], [4, 7, 6], [2, 3, 5, 1]]
10: [[0, 1], [4, 7, 6], [2, 3, 5]]
--------------------------

The beam width:                  50
The length of solution:          19
The number of nodes expanded:    482
The total CPU time of heuristic: 0.0030679999989047246
The total CPU time of A*:        0.200033000000019
The type of heuristic:           Adimissible
-----------path-----------
1: [[5, 7, 3, 0, 2, 4, 1, 6], [], []]
2: [[5, 7, 3, 0, 2, 4, 1], [], [6]]
3: [[5, 7, 3, 0, 2, 4], [1], [6]]
4: [[5, 7, 3, 0, 2], [1, 4], [6]]
5: [[5, 7, 3, 0, 2], [1, 4, 6], []]
6: [[5, 7, 3, 0], [1, 4, 6, 2], []]
7: [[5, 7, 3], [1, 4, 6, 2], [0]]
8: [[5, 7, 3], [1, 4, 6], [0, 2]]
9: [[5, 7], [1, 4, 6], [0, 2, 3]]
10: [[5], [1, 4, 6, 7], [0, 2, 3]]
11: [[], [1, 4, 6, 7], [0, 2, 3, 5]]
12: [[7], [1, 4, 6], [0, 2, 3, 5]]
13: [[7, 6], [1, 4], [0, 2, 3, 5]]
14: [[7, 6, 5], [1, 4], [0, 2, 3]]
15: [[7, 6, 5, 4], [1], [0, 2, 3]]
16: [[7, 6, 5, 4, 3], [1], [0, 2]]
17: [[7, 6, 5, 4, 3, 2], [1], [0]]
18: [[7, 6, 5, 4, 3, 2, 1], [], [0]]
19: [[7, 6, 5, 4, 3, 2, 1, 0], [], []]
--------------------------

