The beam width:                  50
The length of solution:          21
The number of nodes expanded:    549
The total CPU time of heuristic: 0.003908000000024003
The total CPU time of A*:        0.24809400000003734
The type of heuristic:           Adimissible
-----------path-----------
1: [[7, 6, 3, 0, 5, 8, 2, 1, 4], [], []]
2: [[7, 6, 3, 0, 5, 8, 2, 1], [], [4]]
3: [[7, 6, 3, 0, 5, 8, 2], [1], [4]]
4: [[7, 6, 3, 0, 5, 8], [1, 2], [4]]
5: [[7, 6, 3, 0, 5, 8], [1, 2, 4], []]
6: [[7, 6, 3, 0, 5], [1, 2, 4, 8], []]
7: [[7, 6, 3, 0], [1, 2, 4, 8, 5], []]
8: [[7, 6, 3], [1, 2, 4, 8, 5], [0]]
9: [[7, 6], [1, 2, 4, 8, 5], [0, 3]]
10: [[7, 6], [1, 2, 4, 8], [0, 3, 5]]
11: [[7], [1, 2, 4, 8], [0, 3, 5, 6]]
12: [[], [1, 2, 4, 8], [0, 3, 5, 6, 7]]
13: [[8], [1, 2, 4], [0, 3, 5, 6, 7]]
14: [[8, 7], [1, 2, 4], [0, 3, 5, 6]]
15: [[8, 7, 6], [1, 2, 4], [0, 3, 5]]
16: [[8, 7, 6, 5], [1, 2, 4], [0, 3]]
17: [[8, 7, 6, 5, 4], [1, 2], [0, 3]]
18: [[8, 7, 6, 5, 4, 3], [1, 2], [0]]
19: [[8, 7, 6, 5, 4, 3, 2], [1], [0]]
20: [[8, 7, 6, 5, 4, 3, 2, 1], [], [0]]
21: [[8, 7, 6, 5, 4, 3, 2, 1, 0], [], []]
--------------------------

The beam width:                  50
The length of solution:          11
The number of nodes expanded:    1004
The total CPU time of heuristic: 0.006801999999993313
The total CPU time of A*:        0.5965029999999842
The type of heuristic:           Adimissible
-----------path-----------
1: [[2, 7, 6, 3, 4, 5, 8, 1, 0], [], []]
2: [[2, 7, 6, 3, 4, 5, 8, 1], [], [0]]
3: [[2, 7, 6, 3, 4, 5, 8], [1], [0]]
4: [[2, 7, 6, 3, 4, 5], [1, 8], [0]]
5: [[2, 7, 6, 3, 4], [1, 8, 5], [0]]
6: [[2, 7, 6, 3], [1, 8, 5, 4], [0]]
7: [[2, 7, 6], [1, 8, 5, 4], [0, 3]]
8: [[2, 7, 6], [1, 8, 5], [0, 3, 4]]
9: [[2, 7, 6], [1, 8], [0, 3, 4, 5]]
10: [[2, 7], [1, 8, 6], [0, 3, 4, 5]]
11: [[2], [1, 8, 6], [0, 3, 4, 5, 7]]
--------------------------

The beam width:                  50
The length of solution:          21
The number of nodes expanded:    623
The total CPU time of heuristic: 0.00424499999934369
The total CPU time of A*:        0.2989460000000008
The type of heuristic:           Adimissible
-----------path-----------
1: [[7, 3, 5, 2, 6, 8, 1, 0, 4], [], []]
2: [[7, 3, 5, 2, 6, 8, 1, 0], [4], []]
3: [[7, 3, 5, 2, 6, 8, 1], [4], [0]]
4: [[7, 3, 5, 2, 6, 8], [4], [0, 1]]
5: [[7, 3, 5, 2, 6], [4, 8], [0, 1]]
6: [[7, 3, 5, 2], [4, 8, 6], [0, 1]]
7: [[7, 3, 5], [4, 8, 6], [0, 1, 2]]
8: [[7, 3], [4, 8, 6, 5], [0, 1, 2]]
9: [[7], [4, 8, 6, 5], [0, 1, 2, 3]]
10: [[7], [4, 8, 6], [0, 1, 2, 3, 5]]
11: [[7], [4, 8], [0, 1, 2, 3, 5, 6]]
12: [[], [4, 8], [0, 1, 2, 3, 5, 6, 7]]
13: [[8], [4], [0, 1, 2, 3, 5, 6, 7]]
14: [[8, 7], [4], [0, 1, 2, 3, 5, 6]]
15: [[8, 7, 6], [4], [0, 1, 2, 3, 5]]
16: [[8, 7, 6, 5], [4], [0, 1, 2, 3]]
17: [[8, 7, 6, 5, 4], [], [0, 1, 2, 3]]
18: [[8, 7, 6, 5, 4, 3], [], [0, 1, 2]]
19: [[8, 7, 6, 5, 4, 3, 2], [], [0, 1]]
20: [[8, 7, 6, 5, 4, 3, 2, 1], [], [0]]
21: [[8, 7, 6, 5, 4, 3, 2, 1, 0], [], []]
--------------------------

The beam width:                  50
The length of solution:          23
The number of nodes expanded:    877
The total CPU time of heuristic: 0.005820999999571086
The total CPU time of A*:        0.47808999999995194
The type of heuristic:           Adimissible
-----------path-----------
1: [[5, 7, 2, 1, 3, 4, 6, 0, 8], [], []]
2: [[5, 7, 2, 1, 3, 4, 6, 0], [], [8]]
3: [[5, 7, 2, 1, 3, 4, 6], [0], [8]]
4: [[5, 7, 2, 1, 3, 4], [0, 6], [8]]
5: [[5, 7, 2, 1, 3, 4], [0, 6, 8], []]
6: [[5, 7, 2, 1, 3], [0, 6, 8, 4], []]
7: [[5, 7, 2, 1], [0, 6, 8, 4, 3], []]
8: [[5, 7, 2], [0, 6, 8, 4, 3], [1]]
9: [[5, 7], [0, 6, 8, 4, 3], [1, 2]]
10: [[5, 7], [0, 6, 8, 4], [1, 2, 3]]
11: [[5, 7], [0, 6, 8], [1, 2, 3, 4]]
12: [[5], [0, 6, 8, 7], [1, 2, 3, 4]]
13: [[], [0, 6, 8, 7], [1, 2, 3, 4, 5]]
14: [[], [0, 6, 8], [1, 2, 3, 4, 5, 7]]
15: [[8], [0, 6], [1, 2, 3, 4, 5, 7]]
16: [[8, 7], [0, 6], [1, 2, 3, 4, 5]]
17: [[8, 7, 6], [0], [1, 2, 3, 4, 5]]
18: [[8, 7, 6, 5], [0], [1, 2, 3, 4]]
19: [[8, 7, 6, 5, 4], [0], [1, 2, 3]]
20: [[8, 7, 6, 5, 4, 3], [0], [1, 2]]
21: [[8, 7, 6, 5, 4, 3, 2], [0], [1]]
22: [[8, 7, 6, 5, 4, 3, 2, 1], [0], []]
23: [[8, 7, 6, 5, 4, 3, 2, 1, 0], [], []]
--------------------------

The beam width:                  50
The length of solution:          11
The number of nodes expanded:    1002
The total CPU time of heuristic: 0.00666400000034173
The total CPU time of A*:        0.5907900000000268
The type of heuristic:           Adimissible
-----------path-----------
1: [[6, 0, 2, 8, 3, 5, 1, 7, 4], [], []]
2: [[6, 0, 2, 8, 3, 5, 1, 7], [4], []]
3: [[6, 0, 2, 8, 3, 5, 1], [4, 7], []]
4: [[6, 0, 2, 8, 3, 5], [4, 7], [1]]
5: [[6, 0, 2, 8, 3], [4, 7, 5], [1]]
6: [[6, 0, 2, 8], [4, 7, 5, 3], [1]]
7: [[6, 0, 2], [4, 7, 5, 3, 8], [1]]
8: [[6, 0], [4, 7, 5, 3, 8], [1, 2]]
9: [[6, 0], [4, 7, 5, 3], [1, 2, 8]]
10: [[6], [4, 7, 5, 3, 0], [1, 2, 8]]
11: [[], [4, 7, 5, 3, 0, 6], [1, 2, 8]]
--------------------------

The beam width:                  50
The length of solution:          20
The number of nodes expanded:    378
The total CPU time of heuristic: 0.0025510000003805544
The total CPU time of A*:        0.18197100000003275
The type of heuristic:           Adimissible
-----------path-----------
1: [[7, 5, 8, 2, 6, 4, 0, 1, 3], [], []]
2: [[7, 5, 8, 2, 6, 4, 0, 1], [3], []]
3: [[7, 5, 8, 2, 6, 4, 0], [3], [1]]
4: [[7, 5, 8, 2, 6, 4, 0], [], [1, 3]]
5: [[7, 5, 8, 2, 6, 4], [0], [1, 3]]
6: [[7, 5, 8, 2, 6], [0], [1, 3, 4]]
7: [[7, 5, 8, 2], [0], [1, 3, 4, 6]]
8: [[7, 5, 8], [0, 2], [1, 3, 4, 6]]
9: [[7, 5], [0, 2], [1, 3, 4, 6, 8]]
10: [[7], [0, 2, 5], [1, 3, 4, 6, 8]]
11: [[], [0, 2, 5, 7], [1, 3, 4, 6, 8]]
12: [[8], [0, 2, 5, 7], [1, 3, 4, 6]]
13: [[8, 7], [0, 2, 5], [1, 3, 4, 6]]
14: [[8, 7, 6], [0, 2, 5], [1, 3, 4]]
15: [[8, 7, 6, 5], [0, 2], [1, 3, 4]]
16: [[8, 7, 6, 5, 4], [0, 2], [1, 3]]
17: [[8, 7, 6, 5, 4, 3], [0, 2], [1]]
18: [[8, 7, 6, 5, 4, 3, 2], [0], [1]]
19: [[8, 7, 6, 5, 4, 3, 2, 1], [0], []]
20: [[8, 7, 6, 5, 4, 3, 2, 1, 0], [], []]
--------------------------

The beam width:                  50
The length of solution:          19
The number of nodes expanded:    915
The total CPU time of heuristic: 0.006445000000553591
The total CPU time of A*:        0.5090690000000109
The type of heuristic:           Adimissible
-----------path-----------
1: [[8, 5, 0, 3, 6, 7, 2, 4, 1], [], []]
2: [[8, 5, 0, 3, 6, 7, 2, 4], [1], []]
3: [[8, 5, 0, 3, 6, 7, 2], [1], [4]]
4: [[8, 5, 0, 3, 6, 7], [1, 2], [4]]
5: [[8, 5, 0, 3, 6], [1, 2, 7], [4]]
6: [[8, 5, 0, 3], [1, 2, 7], [4, 6]]
7: [[8, 5, 0, 3], [1, 2], [4, 6, 7]]
8: [[8, 5, 0], [1, 2, 3], [4, 6, 7]]
9: [[8, 5], [1, 2, 3, 0], [4, 6, 7]]
10: [[8], [1, 2, 3, 0, 5], [4, 6, 7]]
11: [[8, 7], [1, 2, 3, 0, 5], [4, 6]]
12: [[8, 7, 6], [1, 2, 3, 0, 5], [4]]
13: [[8, 7, 6, 5], [1, 2, 3, 0], [4]]
14: [[8, 7, 6, 5, 4], [1, 2, 3, 0], []]
15: [[8, 7, 6, 5, 4], [1, 2, 3], [0]]
16: [[8, 7, 6, 5, 4, 3], [1, 2], [0]]
17: [[8, 7, 6, 5, 4, 3, 2], [1], [0]]
18: [[8, 7, 6, 5, 4, 3, 2, 1], [], [0]]
19: [[8, 7, 6, 5, 4, 3, 2, 1, 0], [], []]
--------------------------

The beam width:                  50
The length of solution:          21
The number of nodes expanded:    482
The total CPU time of heuristic: 0.0032219999990275028
The total CPU time of A*:        0.20688699999993787
The type of heuristic:           Adimissible
-----------path-----------
1: [[7, 5, 3, 2, 6, 0, 4, 1, 8], [], []]
2: [[7, 5, 3, 2, 6, 0, 4, 1], [], [8]]
3: [[7, 5, 3, 2, 6, 0, 4], [1], [8]]
4: [[7, 5, 3, 2, 6, 0], [1, 4], [8]]
5: [[7, 5, 3, 2, 6, 0], [1, 4, 8], []]
6: [[7, 5, 3, 2, 6], [1, 4, 8], [0]]
7: [[7, 5, 3, 2], [1, 4, 8, 6], [0]]
8: [[7, 5, 3], [1, 4, 8, 6], [0, 2]]
9: [[7, 5], [1, 4, 8, 6], [0, 2, 3]]
10: [[7], [1, 4, 8, 6], [0, 2, 3, 5]]
11: [[7], [1, 4, 8], [0, 2, 3, 5, 6]]
12: [[], [1, 4, 8], [0, 2, 3, 5, 6, 7]]
13: [[8], [1, 4], [0, 2, 3, 5, 6, 7]]
14: [[8, 7], [1, 4], [0, 2, 3, 5, 6]]
15: [[8, 7, 6], [1, 4], [0, 2, 3, 5]]
16: [[8, 7, 6, 5], [1, 4], [0, 2, 3]]
17: [[8, 7, 6, 5, 4], [1], [0, 2, 3]]
18: [[8, 7, 6, 5, 4, 3], [1], [0, 2]]
19: [[8, 7, 6, 5, 4, 3, 2], [1], [0]]
20: [[8, 7, 6, 5, 4, 3, 2, 1], [], [0]]
21: [[8, 7, 6, 5, 4, 3, 2, 1, 0], [], []]
--------------------------

The beam width:                  50
The length of solution:          9
The number of nodes expanded:    1004
The total CPU time of heuristic: 0.006708999998181753
The total CPU time of A*:        0.578378999999984
The type of heuristic:           Adimissible
-----------path-----------
1: [[0, 1, 4, 8, 2, 6, 7, 3, 5], [], []]
2: [[0, 1, 4, 8, 2, 6, 7, 3], [], [5]]
3: [[0, 1, 4, 8, 2, 6, 7], [], [5, 3]]
4: [[0, 1, 4, 8, 2, 6], [], [5, 3, 7]]
5: [[0, 1, 4, 8, 2], [6], [5, 3, 7]]
6: [[0, 1, 4, 8, 2], [6, 7], [5, 3]]
7: [[0, 1, 4, 8], [6, 7, 2], [5, 3]]
8: [[0, 1, 4], [6, 7, 2, 8], [5, 3]]
9: [[0, 1], [6, 7, 2, 8, 4], [5, 3]]
--------------------------

The beam width:                  50
The length of solution:          21
The number of nodes expanded:    809
The total CPU time of heuristic: 0.005490999999892665
The total CPU time of A*:        0.4280489999999304
The type of heuristic:           Adimissible
-----------path-----------
1: [[6, 2, 4, 5, 8, 3, 0, 7, 1], [], []]
2: [[6, 2, 4, 5, 8, 3, 0, 7], [], [1]]
3: [[6, 2, 4, 5, 8, 3, 0], [], [1, 7]]
4: [[6, 2, 4, 5, 8, 3], [0], [1, 7]]
5: [[6, 2, 4, 5, 8], [0, 3], [1, 7]]
6: [[6, 2, 4, 5], [0, 3], [1, 7, 8]]
7: [[6, 2, 4], [0, 3, 5], [1, 7, 8]]
8: [[6, 2], [0, 3, 5, 4], [1, 7, 8]]
9: [[6], [0, 3, 5, 4, 2], [1, 7, 8]]
10: [[], [0, 3, 5, 4, 2, 6], [1, 7, 8]]
11: [[8], [0, 3, 5, 4, 2, 6], [1, 7]]
12: [[8, 7], [0, 3, 5, 4, 2, 6], [1]]
13: [[8, 7, 6], [0, 3, 5, 4, 2], [1]]
14: [[8, 7, 6], [0, 3, 5, 4], [1, 2]]
15: [[8, 7, 6], [0, 3, 5], [1, 2, 4]]
16: [[8, 7, 6, 5], [0, 3], [1, 2, 4]]
17: [[8, 7, 6, 5, 4], [0, 3], [1, 2]]
18: [[8, 7, 6, 5, 4, 3], [0], [1, 2]]
19: [[8, 7, 6, 5, 4, 3, 2], [0], [1]]
20: [[8, 7, 6, 5, 4, 3, 2, 1], [0], []]
21: [[8, 7, 6, 5, 4, 3, 2, 1, 0], [], []]
--------------------------

The beam width:                  50
The length of solution:          22
The number of nodes expanded:    897
The total CPU time of heuristic: 0.006138999999734551
The total CPU time of A*:        0.4999829999999861
The type of heuristic:           Adimissible
-----------path-----------
1: [[5, 1, 3, 8, 2, 0, 4, 7, 6], [], []]
2: [[5, 1, 3, 8, 2, 0, 4, 7], [], [6]]
3: [[5, 1, 3, 8, 2, 0, 4], [], [6, 7]]
4: [[5, 1, 3, 8, 2, 0], [], [6, 7, 4]]
5: [[5, 1, 3, 8, 2], [0], [6, 7, 4]]
6: [[5, 1, 3, 8], [0, 2], [6, 7, 4]]
7: [[5, 1, 3, 8], [0, 2, 4], [6, 7]]
8: [[5, 1, 3], [0, 2, 4], [6, 7, 8]]
9: [[5, 1], [0, 2, 4, 3], [6, 7, 8]]
10: [[5], [0, 2, 4, 3, 1], [6, 7, 8]]
11: [[], [0, 2, 4, 3, 1, 5], [6, 7, 8]]
12: [[8], [0, 2, 4, 3, 1, 5], [6, 7]]
13: [[8, 7], [0, 2, 4, 3, 1, 5], [6]]
14: [[8, 7, 6], [0, 2, 4, 3, 1, 5], []]
15: [[8, 7, 6, 5], [0, 2, 4, 3, 1], []]
16: [[8, 7, 6, 5], [0, 2, 4, 3], [1]]
17: [[8, 7, 6, 5], [0, 2, 4], [1, 3]]
18: [[8, 7, 6, 5, 4], [0, 2], [1, 3]]
19: [[8, 7, 6, 5, 4, 3], [0, 2], [1]]
20: [[8, 7, 6, 5, 4, 3, 2], [0], [1]]
21: [[8, 7, 6, 5, 4, 3, 2, 1], [0], []]
22: [[8, 7, 6, 5, 4, 3, 2, 1, 0], [], []]
--------------------------

The beam width:                  50
The length of solution:          23
The number of nodes expanded:    944
The total CPU time of heuristic: 0.00629399999894531
The total CPU time of A*:        0.5512429999999426
The type of heuristic:           Adimissible
-----------path-----------
1: [[6, 2, 1, 3, 4, 5, 7, 8, 0], [], []]
2: [[6, 2, 1, 3, 4, 5, 7, 8], [], [0]]
3: [[6, 2, 1, 3, 4, 5, 7], [], [0, 8]]
4: [[6, 2, 1, 3, 4, 5], [7], [0, 8]]
5: [[6, 2, 1, 3, 4, 5], [7, 8], [0]]
6: [[6, 2, 1, 3, 4], [7, 8, 5], [0]]
7: [[6, 2, 1, 3], [7, 8, 5, 4], [0]]
8: [[6, 2, 1], [7, 8, 5, 4, 3], [0]]
9: [[6, 2], [7, 8, 5, 4, 3], [0, 1]]
10: [[6], [7, 8, 5, 4, 3], [0, 1, 2]]
11: [[6], [7, 8, 5, 4], [0, 1, 2, 3]]
12: [[6], [7, 8, 5], [0, 1, 2, 3, 4]]
13: [[6], [7, 8], [0, 1, 2, 3, 4, 5]]
14: [[], [7, 8], [0, 1, 2, 3, 4, 5, 6]]
15: [[8], [7], [0, 1, 2, 3, 4, 5, 6]]
16: [[8, 7], [], [0, 1, 2, 3, 4, 5, 6]]
17: [[8, 7, 6], [], [0, 1, 2, 3, 4, 5]]
18: [[8, 7, 6, 5], [], [0, 1, 2, 3, 4]]
19: [[8, 7, 6, 5, 4], [], [0, 1, 2, 3]]
20: [[8, 7, 6, 5, 4, 3], [], [0, 1, 2]]
21: [[8, 7, 6, 5, 4, 3, 2], [], [0, 1]]
22: [[8, 7, 6, 5, 4, 3, 2, 1], [], [0]]
23: [[8, 7, 6, 5, 4, 3, 2, 1, 0], [], []]
--------------------------

The beam width:                  50
The length of solution:          19
The number of nodes expanded:    974
The total CPU time of heuristic: 0.006595000000459095
The total CPU time of A*:        0.5453200000000606
The type of heuristic:           Adimissible
-----------path-----------
1: [[8, 4, 0, 6, 2, 1, 7, 5, 3], [], []]
2: [[8, 4, 0, 6, 2, 1, 7, 5], [], [3]]
3: [[8, 4, 0, 6, 2, 1, 7], [], [3, 5]]
4: [[8, 4, 0, 6, 2, 1], [], [3, 5, 7]]
5: [[8, 4, 0, 6, 2], [1], [3, 5, 7]]
6: [[8, 4, 0, 6], [1, 2], [3, 5, 7]]
7: [[8, 4, 0], [1, 2], [3, 5, 7, 6]]
8: [[8, 4], [1, 2, 0], [3, 5, 7, 6]]
9: [[8], [1, 2, 0, 4], [3, 5, 7, 6]]
10: [[8], [1, 2, 0, 4, 6], [3, 5, 7]]
11: [[8, 7], [1, 2, 0, 4, 6], [3, 5]]
12: [[8, 7, 6], [1, 2, 0, 4], [3, 5]]
13: [[8, 7, 6, 5], [1, 2, 0, 4], [3]]
14: [[8, 7, 6, 5, 4], [1, 2, 0], [3]]
15: [[8, 7, 6, 5, 4, 3], [1, 2, 0], []]
16: [[8, 7, 6, 5, 4, 3], [1, 2], [0]]
17: [[8, 7, 6, 5, 4, 3, 2], [1], [0]]
18: [[8, 7, 6, 5, 4, 3, 2, 1], [], [0]]
19: [[8, 7, 6, 5, 4, 3, 2, 1, 0], [], []]
--------------------------

The beam width:                  50
The length of solution:          10
The number of nodes expanded:    1001
The total CPU time of heuristic: 0.006734999999821412
The total CPU time of A*:        0.5900829999999928
The type of heuristic:           Adimissible
-----------path-----------
1: [[2, 1, 8, 5, 6, 7, 3, 0, 4], [], []]
2: [[2, 1, 8, 5, 6, 7, 3, 0], [4], []]
3: [[2, 1, 8, 5, 6, 7, 3], [4], [0]]
4: [[2, 1, 8, 5, 6, 7, 3], [], [0, 4]]
5: [[2, 1, 8, 5, 6, 7], [3], [0, 4]]
6: [[2, 1, 8, 5, 6], [3, 7], [0, 4]]
7: [[2, 1, 8, 5], [3, 7, 6], [0, 4]]
8: [[2, 1, 8], [3, 7, 6], [0, 4, 5]]
9: [[2, 1], [3, 7, 6, 8], [0, 4, 5]]
10: [[2], [3, 7, 6, 8, 1], [0, 4, 5]]
--------------------------

The beam width:                  50
The length of solution:          13
The number of nodes expanded:    1001
The total CPU time of heuristic: 0.0067970000001764674
The total CPU time of A*:        0.6072559999999498
The type of heuristic:           Adimissible
-----------path-----------
1: [[7, 5, 0, 3, 1, 4, 6, 8, 2], [], []]
2: [[7, 5, 0, 3, 1, 4, 6, 8], [2], []]
3: [[7, 5, 0, 3, 1, 4, 6], [2, 8], []]
4: [[7, 5, 0, 3, 1, 4], [2, 8, 6], []]
5: [[7, 5, 0, 3, 1], [2, 8, 6, 4], []]
6: [[7, 5, 0, 3], [2, 8, 6, 4], [1]]
7: [[7, 5, 0], [2, 8, 6, 4], [1, 3]]
8: [[7, 5, 0], [2, 8, 6], [1, 3, 4]]
9: [[7, 5, 0], [2, 8], [1, 3, 4, 6]]
10: [[7, 5], [2, 8, 0], [1, 3, 4, 6]]
11: [[7], [2, 8, 0, 5], [1, 3, 4, 6]]
12: [[], [2, 8, 0, 5], [1, 3, 4, 6, 7]]
13: [[5], [2, 8, 0], [1, 3, 4, 6, 7]]
--------------------------

The beam width:                  50
The length of solution:          20
The number of nodes expanded:    865
The total CPU time of heuristic: 0.00601999999975078
The total CPU time of A*:        0.4726479999999924
The type of heuristic:           Adimissible
-----------path-----------
1: [[8, 0, 1, 3, 7, 5, 4, 6, 2], [], []]
2: [[8, 0, 1, 3, 7, 5, 4, 6], [2], []]
3: [[8, 0, 1, 3, 7, 5, 4], [2, 6], []]
4: [[8, 0, 1, 3, 7, 5], [2, 6], [4]]
5: [[8, 0, 1, 3, 7], [2, 6], [4, 5]]
6: [[8, 0, 1, 3, 7], [2], [4, 5, 6]]
7: [[8, 0, 1, 3], [2], [4, 5, 6, 7]]
8: [[8, 0, 1], [2, 3], [4, 5, 6, 7]]
9: [[8, 0], [2, 3, 1], [4, 5, 6, 7]]
10: [[8], [2, 3, 1, 0], [4, 5, 6, 7]]
11: [[8, 7], [2, 3, 1, 0], [4, 5, 6]]
12: [[8, 7, 6], [2, 3, 1, 0], [4, 5]]
13: [[8, 7, 6, 5], [2, 3, 1, 0], [4]]
14: [[8, 7, 6, 5, 4], [2, 3, 1, 0], []]
15: [[8, 7, 6, 5, 4], [2, 3, 1], [0]]
16: [[8, 7, 6, 5, 4], [2, 3], [0, 1]]
17: [[8, 7, 6, 5, 4, 3], [2], [0, 1]]
18: [[8, 7, 6, 5, 4, 3, 2], [], [0, 1]]
19: [[8, 7, 6, 5, 4, 3, 2, 1], [], [0]]
20: [[8, 7, 6, 5, 4, 3, 2, 1, 0], [], []]
--------------------------

The beam width:                  50
The length of solution:          18
The number of nodes expanded:    1003
The total CPU time of heuristic: 0.006820000000118398
The total CPU time of A*:        0.6041200000000231
The type of heuristic:           Adimissible
-----------path-----------
1: [[3, 2, 5, 6, 4, 0, 8, 7, 1], [], []]
2: [[3, 2, 5, 6, 4, 0, 8, 7], [], [1]]
3: [[3, 2, 5, 6, 4, 0, 8], [], [1, 7]]
4: [[3, 2, 5, 6, 4, 0], [], [1, 7, 8]]
5: [[3, 2, 5, 6, 4], [0], [1, 7, 8]]
6: [[3, 2, 5, 6], [0, 4], [1, 7, 8]]
7: [[3, 2, 5], [0, 4, 6], [1, 7, 8]]
8: [[3, 2], [0, 4, 6, 5], [1, 7, 8]]
9: [[3], [0, 4, 6, 5, 2], [1, 7, 8]]
10: [[], [0, 4, 6, 5, 2, 3], [1, 7, 8]]
11: [[8], [0, 4, 6, 5, 2, 3], [1, 7]]
12: [[8, 7], [0, 4, 6, 5, 2, 3], [1]]
13: [[8, 7, 3], [0, 4, 6, 5, 2], [1]]
14: [[8, 7, 3], [0, 4, 6, 5], [1, 2]]
15: [[8, 7], [0, 4, 6, 5], [1, 2, 3]]
16: [[8, 7], [0, 4, 6], [1, 2, 3, 5]]
17: [[8, 7, 6], [0, 4], [1, 2, 3, 5]]
18: [[8, 7, 6, 5], [0, 4], [1, 2, 3]]
--------------------------

The beam width:                  50
The length of solution:          13
The number of nodes expanded:    1003
The total CPU time of heuristic: 0.007087000000126409
The total CPU time of A*:        0.6132809999999722
The type of heuristic:           Adimissible
-----------path-----------
1: [[7, 5, 0, 8, 2, 4, 1, 6, 3], [], []]
2: [[7, 5, 0, 8, 2, 4, 1, 6], [], [3]]
3: [[7, 5, 0, 8, 2, 4, 1], [], [3, 6]]
4: [[7, 5, 0, 8, 2, 4], [1], [3, 6]]
5: [[7, 5, 0, 8, 2], [1, 4], [3, 6]]
6: [[7, 5, 0, 8], [1, 4, 2], [3, 6]]
7: [[7, 5, 0], [1, 4, 2], [3, 6, 8]]
8: [[7, 5], [1, 4, 2, 0], [3, 6, 8]]
9: [[7], [1, 4, 2, 0, 5], [3, 6, 8]]
10: [[], [1, 4, 2, 0, 5, 7], [3, 6, 8]]
11: [[8], [1, 4, 2, 0, 5, 7], [3, 6]]
12: [[8, 7], [1, 4, 2, 0, 5], [3, 6]]
13: [[8, 7], [1, 4, 2, 0], [3, 6, 5]]
--------------------------

The beam width:                  50
The length of solution:          21
The number of nodes expanded:    973
The total CPU time of heuristic: 0.006767999999738095
The total CPU time of A*:        0.5841829999999959
The type of heuristic:           Adimissible
-----------path-----------
1: [[6, 5, 0, 2, 1, 8, 7, 3, 4], [], []]
2: [[6, 5, 0, 2, 1, 8, 7, 3], [4], []]
3: [[6, 5, 0, 2, 1, 8, 7], [4], [3]]
4: [[6, 5, 0, 2, 1, 8, 7], [], [3, 4]]
5: [[6, 5, 0, 2, 1, 8], [], [3, 4, 7]]
6: [[6, 5, 0, 2, 1], [], [3, 4, 7, 8]]
7: [[6, 5, 0, 2], [1], [3, 4, 7, 8]]
8: [[6, 5, 0], [1, 2], [3, 4, 7, 8]]
9: [[6, 5], [1, 2, 0], [3, 4, 7, 8]]
10: [[6], [1, 2, 0, 5], [3, 4, 7, 8]]
11: [[], [1, 2, 0, 5, 6], [3, 4, 7, 8]]
12: [[8], [1, 2, 0, 5, 6], [3, 4, 7]]
13: [[8, 7], [1, 2, 0, 5, 6], [3, 4]]
14: [[8, 7, 6], [1, 2, 0, 5], [3, 4]]
15: [[8, 7, 6, 5], [1, 2, 0], [3, 4]]
16: [[8, 7, 6, 5, 4], [1, 2, 0], [3]]
17: [[8, 7, 6, 5, 4, 3], [1, 2, 0], []]
18: [[8, 7, 6, 5, 4, 3], [1, 2], [0]]
19: [[8, 7, 6, 5, 4, 3, 2], [1], [0]]
20: [[8, 7, 6, 5, 4, 3, 2, 1], [], [0]]
21: [[8, 7, 6, 5, 4, 3, 2, 1, 0], [], []]
--------------------------

The beam width:                  50
The length of solution:          10
The number of nodes expanded:    1001
The total CPU time of heuristic: 0.006587999999965177
The total CPU time of A*:        0.5833129999999755
The type of heuristic:           Adimissible
-----------path-----------
1: [[1, 4, 6, 8, 2, 3, 0, 7, 5], [], []]
2: [[1, 4, 6, 8, 2, 3, 0, 7], [], [5]]
3: [[1, 4, 6, 8, 2, 3, 0], [], [5, 7]]
4: [[1, 4, 6, 8, 2, 3], [0], [5, 7]]
5: [[1, 4, 6, 8, 2, 3], [0, 7], [5]]
6: [[1, 4, 6, 8, 2], [0, 7, 3], [5]]
7: [[1, 4, 6, 8], [0, 7, 3, 2], [5]]
8: [[1, 4, 6], [0, 7, 3, 2], [5, 8]]
9: [[1, 4], [0, 7, 3, 2, 6], [5, 8]]
10: [[1], [0, 7, 3, 2, 6, 4], [5, 8]]
--------------------------

