The beam width:                  10
The length of solution:          19
The number of nodes expanded:    254
The total CPU time of heuristic: 0.0017709999997066461
The total CPU time of A*:        0.0948479999999563
The type of heuristic:           Adimissible
-----------path-----------
1: [[2, 1, 0, 4, 3, 5, 6], [], []]
2: [[2, 1, 0, 4, 3, 5], [], [6]]
3: [[2, 1, 0, 4, 3], [5], [6]]
4: [[2, 1, 0, 4, 3], [5, 6], []]
5: [[2, 1, 0, 4], [5, 6, 3], []]
6: [[2, 1, 0], [5, 6, 3, 4], []]
7: [[2, 1], [5, 6, 3, 4], [0]]
8: [[2], [5, 6, 3, 4], [0, 1]]
9: [[], [5, 6, 3, 4], [0, 1, 2]]
10: [[4], [5, 6, 3], [0, 1, 2]]
11: [[4], [5, 6], [0, 1, 2, 3]]
12: [[], [5, 6], [0, 1, 2, 3, 4]]
13: [[6], [5], [0, 1, 2, 3, 4]]
14: [[6, 5], [], [0, 1, 2, 3, 4]]
15: [[6, 5, 4], [], [0, 1, 2, 3]]
16: [[6, 5, 4, 3], [], [0, 1, 2]]
17: [[6, 5, 4, 3, 2], [], [0, 1]]
18: [[6, 5, 4, 3, 2, 1], [], [0]]
19: [[6, 5, 4, 3, 2, 1, 0], [], []]
--------------------------

The beam width:                  10
The length of solution:          22
The number of nodes expanded:    396
The total CPU time of heuristic: 0.0025829999999871234
The total CPU time of A*:        0.17306600000000572
The type of heuristic:           Adimissible
-----------path-----------
1: [[1, 2, 5, 6, 3, 0, 4], [], []]
2: [[1, 2, 5, 6, 3, 0], [], [4]]
3: [[1, 2, 5, 6, 3], [0], [4]]
4: [[1, 2, 5, 6], [0, 3], [4]]
5: [[1, 2, 5], [0, 3], [4, 6]]
6: [[1, 2], [0, 3, 5], [4, 6]]
7: [[1], [0, 3, 5, 2], [4, 6]]
8: [[], [0, 3, 5, 2, 1], [4, 6]]
9: [[6], [0, 3, 5, 2, 1], [4]]
10: [[6, 1], [0, 3, 5, 2], [4]]
11: [[6, 1, 2], [0, 3, 5], [4]]
12: [[6, 1, 2], [0, 3], [4, 5]]
13: [[6, 1], [0, 3, 2], [4, 5]]
14: [[6], [0, 3, 2, 1], [4, 5]]
15: [[6, 5], [0, 3, 2, 1], [4]]
16: [[6, 5, 4], [0, 3, 2, 1], []]
17: [[6, 5, 4], [0, 3, 2], [1]]
18: [[6, 5, 4], [0, 3], [1, 2]]
19: [[6, 5, 4, 3], [0], [1, 2]]
20: [[6, 5, 4, 3, 2], [0], [1]]
21: [[6, 5, 4, 3, 2, 1], [0], []]
22: [[6, 5, 4, 3, 2, 1, 0], [], []]
--------------------------

The beam width:                  10
The length of solution:          16
The number of nodes expanded:    228
The total CPU time of heuristic: 0.0015300000004287995
The total CPU time of A*:        0.07121300000000019
The type of heuristic:           Adimissible
-----------path-----------
1: [[5, 6, 0, 3, 4, 2, 1], [], []]
2: [[5, 6, 0, 3, 4, 2], [1], []]
3: [[5, 6, 0, 3, 4], [1, 2], []]
4: [[5, 6, 0, 3], [1, 2], [4]]
5: [[5, 6, 0], [1, 2, 3], [4]]
6: [[5, 6], [1, 2, 3, 0], [4]]
7: [[5], [1, 2, 3, 0], [4, 6]]
8: [[], [1, 2, 3, 0, 5], [4, 6]]
9: [[6], [1, 2, 3, 0, 5], [4]]
10: [[6, 5], [1, 2, 3, 0], [4]]
11: [[6, 5, 4], [1, 2, 3, 0], []]
12: [[6, 5, 4], [1, 2, 3], [0]]
13: [[6, 5, 4, 3], [1, 2], [0]]
14: [[6, 5, 4, 3, 2], [1], [0]]
15: [[6, 5, 4, 3, 2, 1], [], [0]]
16: [[6, 5, 4, 3, 2, 1, 0], [], []]
--------------------------

The beam width:                  10
The length of solution:          16
The number of nodes expanded:    180
The total CPU time of heuristic: 0.001258999999919297
The total CPU time of A*:        0.0620490000000018
The type of heuristic:           Adimissible
-----------path-----------
1: [[2, 4, 6, 3, 1, 5, 0], [], []]
2: [[2, 4, 6, 3, 1, 5], [], [0]]
3: [[2, 4, 6, 3, 1], [], [0, 5]]
4: [[2, 4, 6, 3], [1], [0, 5]]
5: [[2, 4, 6], [1, 3], [0, 5]]
6: [[2, 4], [1, 3], [0, 5, 6]]
7: [[2], [1, 3, 4], [0, 5, 6]]
8: [[], [1, 3, 4, 2], [0, 5, 6]]
9: [[6], [1, 3, 4, 2], [0, 5]]
10: [[6, 5], [1, 3, 4, 2], [0]]
11: [[6, 5], [1, 3, 4], [0, 2]]
12: [[6, 5, 4], [1, 3], [0, 2]]
13: [[6, 5, 4, 3], [1], [0, 2]]
14: [[6, 5, 4, 3, 2], [1], [0]]
15: [[6, 5, 4, 3, 2, 1], [], [0]]
16: [[6, 5, 4, 3, 2, 1, 0], [], []]
--------------------------

The beam width:                  10
The length of solution:          16
The number of nodes expanded:    143
The total CPU time of heuristic: 0.0009740000000135751
The total CPU time of A*:        0.04041600000002177
The type of heuristic:           Adimissible
-----------path-----------
1: [[4, 6, 2, 3, 0, 5, 1], [], []]
2: [[4, 6, 2, 3, 0, 5], [1], []]
3: [[4, 6, 2, 3, 0], [1, 5], []]
4: [[4, 6, 2, 3], [1, 5], [0]]
5: [[4, 6, 2], [1, 5, 3], [0]]
6: [[4, 6], [1, 5, 3], [0, 2]]
7: [[4, 6], [1, 5], [0, 2, 3]]
8: [[4], [1, 5, 6], [0, 2, 3]]
9: [[], [1, 5, 6], [0, 2, 3, 4]]
10: [[6], [1, 5], [0, 2, 3, 4]]
11: [[6, 5], [1], [0, 2, 3, 4]]
12: [[6, 5, 4], [1], [0, 2, 3]]
13: [[6, 5, 4, 3], [1], [0, 2]]
14: [[6, 5, 4, 3, 2], [1], [0]]
15: [[6, 5, 4, 3, 2, 1], [], [0]]
16: [[6, 5, 4, 3, 2, 1, 0], [], []]
--------------------------

The beam width:                  10
The length of solution:          19
The number of nodes expanded:    318
The total CPU time of heuristic: 0.0023079999998003586
The total CPU time of A*:        0.14214800000002015
The type of heuristic:           Adimissible
-----------path-----------
1: [[5, 2, 1, 3, 4, 0, 6], [], []]
2: [[5, 2, 1, 3, 4, 0], [6], []]
3: [[5, 2, 1, 3, 4], [6], [0]]
4: [[5, 2, 1, 3], [6], [0, 4]]
5: [[5, 2, 1, 3], [], [0, 4, 6]]
6: [[5, 2, 1], [3], [0, 4, 6]]
7: [[5, 2], [3, 1], [0, 4, 6]]
8: [[5], [3, 1, 2], [0, 4, 6]]
9: [[], [3, 1, 2, 5], [0, 4, 6]]
10: [[6], [3, 1, 2, 5], [0, 4]]
11: [[6, 5], [3, 1, 2], [0, 4]]
12: [[6, 5, 4], [3, 1, 2], [0]]
13: [[6, 5, 4, 2], [3, 1], [0]]
14: [[6, 5, 4, 2], [3], [0, 1]]
15: [[6, 5, 4], [3], [0, 1, 2]]
16: [[6, 5, 4, 3], [], [0, 1, 2]]
17: [[6, 5, 4, 3, 2], [], [0, 1]]
18: [[6, 5, 4, 3, 2, 1], [], [0]]
19: [[6, 5, 4, 3, 2, 1, 0], [], []]
--------------------------

The beam width:                  10
The length of solution:          21
The number of nodes expanded:    333
The total CPU time of heuristic: 0.0021899999996719544
The total CPU time of A*:        0.13739000000001056
The type of heuristic:           Adimissible
-----------path-----------
1: [[3, 1, 0, 5, 2, 4, 6], [], []]
2: [[3, 1, 0, 5, 2, 4], [], [6]]
3: [[3, 1, 0, 5, 2], [], [6, 4]]
4: [[3, 1, 0, 5], [2], [6, 4]]
5: [[3, 1, 0, 5], [2, 4], [6]]
6: [[3, 1, 0], [2, 4, 5], [6]]
7: [[3, 1], [2, 4, 5, 0], [6]]
8: [[3], [2, 4, 5, 0, 1], [6]]
9: [[], [2, 4, 5, 0, 1, 3], [6]]
10: [[6], [2, 4, 5, 0, 1, 3], []]
11: [[6, 3], [2, 4, 5, 0, 1], []]
12: [[6, 3, 1], [2, 4, 5, 0], []]
13: [[6, 3, 1], [2, 4, 5], [0]]
14: [[6, 3], [2, 4, 5], [0, 1]]
15: [[6], [2, 4, 5], [0, 1, 3]]
16: [[6, 5], [2, 4], [0, 1, 3]]
17: [[6, 5, 4], [2], [0, 1, 3]]
18: [[6, 5, 4, 3], [2], [0, 1]]
19: [[6, 5, 4, 3, 2], [], [0, 1]]
20: [[6, 5, 4, 3, 2, 1], [], [0]]
21: [[6, 5, 4, 3, 2, 1, 0], [], []]
--------------------------

The beam width:                  10
The length of solution:          19
The number of nodes expanded:    320
The total CPU time of heuristic: 0.0021879999997054256
The total CPU time of A*:        0.13551900000001638
The type of heuristic:           Adimissible
-----------path-----------
1: [[4, 1, 0, 6, 2, 3, 5], [], []]
2: [[4, 1, 0, 6, 2, 3], [], [5]]
3: [[4, 1, 0, 6, 2], [], [5, 3]]
4: [[4, 1, 0, 6], [2], [5, 3]]
5: [[4, 1, 0, 6], [2, 3], [5]]
6: [[4, 1, 0], [2, 3], [5, 6]]
7: [[4, 1], [2, 3, 0], [5, 6]]
8: [[4], [2, 3, 0, 1], [5, 6]]
9: [[], [2, 3, 0, 1, 4], [5, 6]]
10: [[6], [2, 3, 0, 1, 4], [5]]
11: [[6, 5], [2, 3, 0, 1, 4], []]
12: [[6, 5, 4], [2, 3, 0, 1], []]
13: [[6, 5, 4, 1], [2, 3, 0], []]
14: [[6, 5, 4, 1], [2, 3], [0]]
15: [[6, 5, 4], [2, 3], [0, 1]]
16: [[6, 5, 4, 3], [2], [0, 1]]
17: [[6, 5, 4, 3, 2], [], [0, 1]]
18: [[6, 5, 4, 3, 2, 1], [], [0]]
19: [[6, 5, 4, 3, 2, 1, 0], [], []]
--------------------------

The beam width:                  10
The length of solution:          20
The number of nodes expanded:    338
The total CPU time of heuristic: 0.002243000000134998
The total CPU time of A*:        0.13945400000002905
The type of heuristic:           Adimissible
-----------path-----------
1: [[0, 3, 5, 4, 2, 1, 6], [], []]
2: [[0, 3, 5, 4, 2, 1], [], [6]]
3: [[0, 3, 5, 4, 2], [1], [6]]
4: [[0, 3, 5, 4], [1], [6, 2]]
5: [[0, 3, 5], [1, 4], [6, 2]]
6: [[0, 3], [1, 4, 5], [6, 2]]
7: [[0], [1, 4, 5, 3], [6, 2]]
8: [[], [1, 4, 5, 3, 0], [6, 2]]
9: [[], [1, 4, 5, 3, 0, 2], [6]]
10: [[6], [1, 4, 5, 3, 0, 2], []]
11: [[6, 2], [1, 4, 5, 3, 0], []]
12: [[6, 2], [1, 4, 5, 3], [0]]
13: [[6], [1, 4, 5, 3], [0, 2]]
14: [[6], [1, 4, 5], [0, 2, 3]]
15: [[6, 5], [1, 4], [0, 2, 3]]
16: [[6, 5, 4], [1], [0, 2, 3]]
17: [[6, 5, 4, 3], [1], [0, 2]]
18: [[6, 5, 4, 3, 2], [1], [0]]
19: [[6, 5, 4, 3, 2, 1], [], [0]]
20: [[6, 5, 4, 3, 2, 1, 0], [], []]
--------------------------

The beam width:                  10
The length of solution:          26
The number of nodes expanded:    573
The total CPU time of heuristic: 0.00404699999947411
The total CPU time of A*:        0.33545200000000364
The type of heuristic:           Adimissible
-----------path-----------
1: [[1, 3, 0, 6, 4, 2, 5], [], []]
2: [[1, 3, 0, 6, 4, 2], [], [5]]
3: [[1, 3, 0, 6, 4], [2], [5]]
4: [[1, 3, 0, 6, 4], [2, 5], []]
5: [[1, 3, 0, 6], [2, 5], [4]]
6: [[1, 3, 0], [2, 5], [4, 6]]
7: [[1, 3], [2, 5, 0], [4, 6]]
8: [[1], [2, 5, 0, 3], [4, 6]]
9: [[], [2, 5, 0, 3, 1], [4, 6]]
10: [[6], [2, 5, 0, 3, 1], [4]]
11: [[6, 1], [2, 5, 0, 3], [4]]
12: [[6, 1, 3], [2, 5, 0], [4]]
13: [[6, 1, 3, 0], [2, 5], [4]]
14: [[6, 1, 3, 0], [2], [4, 5]]
15: [[6, 1, 3], [2, 0], [4, 5]]
16: [[6, 1], [2, 0, 3], [4, 5]]
17: [[6], [2, 0, 3, 1], [4, 5]]
18: [[6, 5], [2, 0, 3, 1], [4]]
19: [[6, 5, 4], [2, 0, 3, 1], []]
20: [[6, 5, 4], [2, 0, 3], [1]]
21: [[6, 5, 4, 3], [2, 0], [1]]
22: [[6, 5, 4, 3], [2], [1, 0]]
23: [[6, 5, 4, 3, 2], [], [1, 0]]
24: [[6, 5, 4, 3, 2], [0], [1]]
25: [[6, 5, 4, 3, 2, 1], [0], []]
26: [[6, 5, 4, 3, 2, 1, 0], [], []]
--------------------------

The beam width:                  10
The length of solution:          21
The number of nodes expanded:    341
The total CPU time of heuristic: 0.0022840000003157
The total CPU time of A*:        0.1434759999999926
The type of heuristic:           Adimissible
-----------path-----------
1: [[3, 2, 0, 6, 1, 5, 4], [], []]
2: [[3, 2, 0, 6, 1, 5], [4], []]
3: [[3, 2, 0, 6, 1], [4], [5]]
4: [[3, 2, 0, 6], [4, 1], [5]]
5: [[3, 2, 0], [4, 1], [5, 6]]
6: [[3, 2], [4, 1, 0], [5, 6]]
7: [[3], [4, 1, 0, 2], [5, 6]]
8: [[], [4, 1, 0, 2, 3], [5, 6]]
9: [[6], [4, 1, 0, 2, 3], [5]]
10: [[6, 5], [4, 1, 0, 2, 3], []]
11: [[6, 5, 3], [4, 1, 0, 2], []]
12: [[6, 5, 3, 2], [4, 1, 0], []]
13: [[6, 5, 3, 2], [4, 1], [0]]
14: [[6, 5, 3, 2], [4], [0, 1]]
15: [[6, 5, 3], [4], [0, 1, 2]]
16: [[6, 5], [4], [0, 1, 2, 3]]
17: [[6, 5, 4], [], [0, 1, 2, 3]]
18: [[6, 5, 4, 3], [], [0, 1, 2]]
19: [[6, 5, 4, 3, 2], [], [0, 1]]
20: [[6, 5, 4, 3, 2, 1], [], [0]]
21: [[6, 5, 4, 3, 2, 1, 0], [], []]
--------------------------

The beam width:                  10
The length of solution:          17
The number of nodes expanded:    201
The total CPU time of heuristic: 0.001376000000135491
The total CPU time of A*:        0.0665260000000103
The type of heuristic:           Adimissible
-----------path-----------
1: [[4, 0, 3, 1, 2, 6, 5], [], []]
2: [[4, 0, 3, 1, 2, 6], [], [5]]
3: [[4, 0, 3, 1, 2], [], [5, 6]]
4: [[4, 0, 3, 1], [], [5, 6, 2]]
5: [[4, 0, 3], [1], [5, 6, 2]]
6: [[4, 0, 3], [1, 2], [5, 6]]
7: [[4, 0], [1, 2, 3], [5, 6]]
8: [[4], [1, 2, 3, 0], [5, 6]]
9: [[], [1, 2, 3, 0, 4], [5, 6]]
10: [[6], [1, 2, 3, 0, 4], [5]]
11: [[6, 5], [1, 2, 3, 0, 4], []]
12: [[6, 5, 4], [1, 2, 3, 0], []]
13: [[6, 5, 4], [1, 2, 3], [0]]
14: [[6, 5, 4, 3], [1, 2], [0]]
15: [[6, 5, 4, 3, 2], [1], [0]]
16: [[6, 5, 4, 3, 2, 1], [], [0]]
17: [[6, 5, 4, 3, 2, 1, 0], [], []]
--------------------------

The beam width:                  10
The length of solution:          15
The number of nodes expanded:    141
The total CPU time of heuristic: 0.0009209999999484353
The total CPU time of A*:        0.036852999999979374
The type of heuristic:           Adimissible
-----------path-----------
1: [[6, 0, 1, 3, 2, 5, 4], [], []]
2: [[6, 0, 1, 3, 2, 5], [], [4]]
3: [[6, 0, 1, 3, 2], [], [4, 5]]
4: [[6, 0, 1, 3], [2], [4, 5]]
5: [[6, 0, 1], [2, 3], [4, 5]]
6: [[6, 0], [2, 3, 1], [4, 5]]
7: [[6], [2, 3, 1, 0], [4, 5]]
8: [[6, 5], [2, 3, 1, 0], [4]]
9: [[6, 5, 4], [2, 3, 1, 0], []]
10: [[6, 5, 4], [2, 3, 1], [0]]
11: [[6, 5, 4], [2, 3], [0, 1]]
12: [[6, 5, 4, 3], [2], [0, 1]]
13: [[6, 5, 4, 3, 2], [], [0, 1]]
14: [[6, 5, 4, 3, 2, 1], [], [0]]
15: [[6, 5, 4, 3, 2, 1, 0], [], []]
--------------------------

The beam width:                  10
The length of solution:          17
The number of nodes expanded:    241
The total CPU time of heuristic: 0.0014749999996297447
The total CPU time of A*:        0.07125400000001036
The type of heuristic:           Adimissible
-----------path-----------
1: [[2, 3, 6, 5, 0, 1, 4], [], []]
2: [[2, 3, 6, 5, 0, 1], [], [4]]
3: [[2, 3, 6, 5, 0], [1], [4]]
4: [[2, 3, 6, 5, 0], [1, 4], []]
5: [[2, 3, 6, 5], [1, 4], [0]]
6: [[2, 3, 6], [1, 4, 5], [0]]
7: [[2, 3], [1, 4, 5, 6], [0]]
8: [[2], [1, 4, 5, 6, 3], [0]]
9: [[], [1, 4, 5, 6, 3], [0, 2]]
10: [[], [1, 4, 5, 6], [0, 2, 3]]
11: [[6], [1, 4, 5], [0, 2, 3]]
12: [[6, 5], [1, 4], [0, 2, 3]]
13: [[6, 5, 4], [1], [0, 2, 3]]
14: [[6, 5, 4, 3], [1], [0, 2]]
15: [[6, 5, 4, 3, 2], [1], [0]]
16: [[6, 5, 4, 3, 2, 1], [], [0]]
17: [[6, 5, 4, 3, 2, 1, 0], [], []]
--------------------------

The beam width:                  10
The length of solution:          16
The number of nodes expanded:    151
The total CPU time of heuristic: 0.0009660000003179903
The total CPU time of A*:        0.04227399999999193
The type of heuristic:           Adimissible
-----------path-----------
1: [[1, 6, 2, 5, 0, 4, 3], [], []]
2: [[1, 6, 2, 5, 0, 4], [], [3]]
3: [[1, 6, 2, 5, 0], [], [3, 4]]
4: [[1, 6, 2, 5], [0], [3, 4]]
5: [[1, 6, 2], [0], [3, 4, 5]]
6: [[1, 6], [0, 2], [3, 4, 5]]
7: [[1], [0, 2], [3, 4, 5, 6]]
8: [[], [0, 2, 1], [3, 4, 5, 6]]
9: [[6], [0, 2, 1], [3, 4, 5]]
10: [[6, 5], [0, 2, 1], [3, 4]]
11: [[6, 5, 4], [0, 2, 1], [3]]
12: [[6, 5, 4, 3], [0, 2, 1], []]
13: [[6, 5, 4, 3], [0, 2], [1]]
14: [[6, 5, 4, 3, 2], [0], [1]]
15: [[6, 5, 4, 3, 2, 1], [0], []]
16: [[6, 5, 4, 3, 2, 1, 0], [], []]
--------------------------

The beam width:                  10
The length of solution:          14
The number of nodes expanded:    166
The total CPU time of heuristic: 0.0012030000000322616
The total CPU time of A*:        0.04959099999999239
The type of heuristic:           Adimissible
-----------path-----------
1: [[6, 3, 4, 2, 1, 0, 5], [], []]
2: [[6, 3, 4, 2, 1, 0], [5], []]
3: [[6, 3, 4, 2, 1], [5], [0]]
4: [[6, 3, 4, 2], [5], [0, 1]]
5: [[6, 3, 4], [5], [0, 1, 2]]
6: [[6, 3], [5, 4], [0, 1, 2]]
7: [[6], [5, 4], [0, 1, 2, 3]]
8: [[6], [5], [0, 1, 2, 3, 4]]
9: [[6, 5], [], [0, 1, 2, 3, 4]]
10: [[6, 5, 4], [], [0, 1, 2, 3]]
11: [[6, 5, 4, 3], [], [0, 1, 2]]
12: [[6, 5, 4, 3, 2], [], [0, 1]]
13: [[6, 5, 4, 3, 2, 1], [], [0]]
14: [[6, 5, 4, 3, 2, 1, 0], [], []]
--------------------------

The beam width:                  10
The length of solution:          16
The number of nodes expanded:    195
The total CPU time of heuristic: 0.0012740000001656426
The total CPU time of A*:        0.056504000000018095
The type of heuristic:           Adimissible
-----------path-----------
1: [[4, 0, 6, 1, 5, 3, 2], [], []]
2: [[4, 0, 6, 1, 5, 3], [], [2]]
3: [[4, 0, 6, 1, 5], [], [2, 3]]
4: [[4, 0, 6, 1], [], [2, 3, 5]]
5: [[4, 0, 6], [1], [2, 3, 5]]
6: [[4, 0], [1], [2, 3, 5, 6]]
7: [[4], [1, 0], [2, 3, 5, 6]]
8: [[], [1, 0, 4], [2, 3, 5, 6]]
9: [[6], [1, 0, 4], [2, 3, 5]]
10: [[6, 5], [1, 0, 4], [2, 3]]
11: [[6, 5, 4], [1, 0], [2, 3]]
12: [[6, 5, 4, 3], [1, 0], [2]]
13: [[6, 5, 4, 3, 2], [1, 0], []]
14: [[6, 5, 4, 3, 2], [1], [0]]
15: [[6, 5, 4, 3, 2, 1], [], [0]]
16: [[6, 5, 4, 3, 2, 1, 0], [], []]
--------------------------

The beam width:                  10
The length of solution:          17
The number of nodes expanded:    239
The total CPU time of heuristic: 0.0017749999999523425
The total CPU time of A*:        0.08418600000001675
The type of heuristic:           Adimissible
-----------path-----------
1: [[0, 6, 2, 3, 5, 4, 1], [], []]
2: [[0, 6, 2, 3, 5, 4], [1], []]
3: [[0, 6, 2, 3, 5], [1], [4]]
4: [[0, 6, 2, 3], [1], [4, 5]]
5: [[0, 6, 2], [1, 3], [4, 5]]
6: [[0, 6], [1, 3, 2], [4, 5]]
7: [[0], [1, 3, 2], [4, 5, 6]]
8: [[], [1, 3, 2, 0], [4, 5, 6]]
9: [[6], [1, 3, 2, 0], [4, 5]]
10: [[6, 5], [1, 3, 2, 0], [4]]
11: [[6, 5, 4], [1, 3, 2, 0], []]
12: [[6, 5, 4], [1, 3, 2], [0]]
13: [[6, 5, 4], [1, 3], [0, 2]]
14: [[6, 5, 4, 3], [1], [0, 2]]
15: [[6, 5, 4, 3, 2], [1], [0]]
16: [[6, 5, 4, 3, 2, 1], [], [0]]
17: [[6, 5, 4, 3, 2, 1, 0], [], []]
--------------------------

The beam width:                  10
The length of solution:          17
The number of nodes expanded:    222
The total CPU time of heuristic: 0.0016440000000841337
The total CPU time of A*:        0.08065900000002557
The type of heuristic:           Adimissible
-----------path-----------
1: [[2, 3, 6, 4, 1, 5, 0], [], []]
2: [[2, 3, 6, 4, 1, 5], [], [0]]
3: [[2, 3, 6, 4, 1], [], [0, 5]]
4: [[2, 3, 6, 4], [1], [0, 5]]
5: [[2, 3, 6], [1, 4], [0, 5]]
6: [[2, 3], [1, 4], [0, 5, 6]]
7: [[2], [1, 4, 3], [0, 5, 6]]
8: [[], [1, 4, 3, 2], [0, 5, 6]]
9: [[6], [1, 4, 3, 2], [0, 5]]
10: [[6, 5], [1, 4, 3, 2], [0]]
11: [[6, 5], [1, 4, 3], [0, 2]]
12: [[6, 5], [1, 4], [0, 2, 3]]
13: [[6, 5, 4], [1], [0, 2, 3]]
14: [[6, 5, 4, 3], [1], [0, 2]]
15: [[6, 5, 4, 3, 2], [1], [0]]
16: [[6, 5, 4, 3, 2, 1], [], [0]]
17: [[6, 5, 4, 3, 2, 1, 0], [], []]
--------------------------

The beam width:                  10
The length of solution:          15
The number of nodes expanded:    122
The total CPU time of heuristic: 0.0009650000000647196
The total CPU time of A*:        0.043984000000023116
The type of heuristic:           Adimissible
-----------path-----------
1: [[5, 4, 6, 2, 0, 3, 1], [], []]
2: [[5, 4, 6, 2, 0, 3], [1], []]
3: [[5, 4, 6, 2, 0], [1, 3], []]
4: [[5, 4, 6, 2], [1, 3], [0]]
5: [[5, 4, 6], [1, 3], [0, 2]]
6: [[5, 4], [1, 3, 6], [0, 2]]
7: [[5], [1, 3, 6], [0, 2, 4]]
8: [[], [1, 3, 6], [0, 2, 4, 5]]
9: [[6], [1, 3], [0, 2, 4, 5]]
10: [[6, 5], [1, 3], [0, 2, 4]]
11: [[6, 5, 4], [1, 3], [0, 2]]
12: [[6, 5, 4, 3], [1], [0, 2]]
13: [[6, 5, 4, 3, 2], [1], [0]]
14: [[6, 5, 4, 3, 2, 1], [], [0]]
15: [[6, 5, 4, 3, 2, 1, 0], [], []]
--------------------------

