The beam width:                  25
The length of solution:          23
The number of nodes expanded:    818
The total CPU time of heuristic: 0.005797999999856529
The total CPU time of A*:        0.4911950000000047
The type of heuristic:           Adimissible
-----------path-----------
1: [[1, 3, 0, 6, 5, 2, 4, 7], [], []]
2: [[1, 3, 0, 6, 5, 2, 4], [], [7]]
3: [[1, 3, 0, 6, 5, 2], [], [7, 4]]
4: [[1, 3, 0, 6, 5], [2], [7, 4]]
5: [[1, 3, 0, 6, 5], [2, 4], [7]]
6: [[1, 3, 0, 6], [2, 4, 5], [7]]
7: [[1, 3, 0], [2, 4, 5, 6], [7]]
8: [[1, 3], [2, 4, 5, 6, 0], [7]]
9: [[1], [2, 4, 5, 6, 0, 3], [7]]
10: [[], [2, 4, 5, 6, 0, 3, 1], [7]]
11: [[7], [2, 4, 5, 6, 0, 3, 1], []]
12: [[7], [2, 4, 5, 6, 0, 3], [1]]
13: [[7, 3], [2, 4, 5, 6, 0], [1]]
14: [[7, 3], [2, 4, 5, 6], [1, 0]]
15: [[7], [2, 4, 5, 6], [1, 0, 3]]
16: [[7, 6], [2, 4, 5], [1, 0, 3]]
17: [[7, 6, 5], [2, 4], [1, 0, 3]]
18: [[7, 6, 5, 4], [2], [1, 0, 3]]
19: [[7, 6, 5, 4, 3], [2], [1, 0]]
20: [[7, 6, 5, 4, 3, 2], [], [1, 0]]
21: [[7, 6, 5, 4, 3, 2], [0], [1]]
22: [[7, 6, 5, 4, 3, 2, 1], [0], []]
23: [[7, 6, 5, 4, 3, 2, 1, 0], [], []]
--------------------------

The beam width:                  25
The length of solution:          18
The number of nodes expanded:    314
The total CPU time of heuristic: 0.0024670000001663084
The total CPU time of A*:        0.13708900000000313
The type of heuristic:           Adimissible
-----------path-----------
1: [[5, 4, 6, 1, 7, 0, 3, 2], [], []]
2: [[5, 4, 6, 1, 7, 0, 3], [2], []]
3: [[5, 4, 6, 1, 7, 0], [2, 3], []]
4: [[5, 4, 6, 1, 7], [2, 3], [0]]
5: [[5, 4, 6, 1], [2, 3, 7], [0]]
6: [[5, 4, 6], [2, 3, 7], [0, 1]]
7: [[5, 4], [2, 3, 7], [0, 1, 6]]
8: [[5, 4], [2, 3], [0, 1, 6, 7]]
9: [[5], [2, 3, 4], [0, 1, 6, 7]]
10: [[], [2, 3, 4, 5], [0, 1, 6, 7]]
11: [[7], [2, 3, 4, 5], [0, 1, 6]]
12: [[7, 6], [2, 3, 4, 5], [0, 1]]
13: [[7, 6, 5], [2, 3, 4], [0, 1]]
14: [[7, 6, 5, 4], [2, 3], [0, 1]]
15: [[7, 6, 5, 4, 3], [2], [0, 1]]
16: [[7, 6, 5, 4, 3, 2], [], [0, 1]]
17: [[7, 6, 5, 4, 3, 2, 1], [], [0]]
18: [[7, 6, 5, 4, 3, 2, 1, 0], [], []]
--------------------------

The beam width:                  25
The length of solution:          21
The number of nodes expanded:    564
The total CPU time of heuristic: 0.004117000000263715
The total CPU time of A*:        0.2809949999999617
The type of heuristic:           Adimissible
-----------path-----------
1: [[0, 5, 3, 4, 2, 1, 6, 7], [], []]
2: [[0, 5, 3, 4, 2, 1, 6], [], [7]]
3: [[0, 5, 3, 4, 2, 1], [6], [7]]
4: [[0, 5, 3, 4, 2, 1], [6, 7], []]
5: [[0, 5, 3, 4, 2], [6, 7], [1]]
6: [[0, 5, 3, 4], [6, 7], [1, 2]]
7: [[0, 5, 3], [6, 7, 4], [1, 2]]
8: [[0, 5], [6, 7, 4], [1, 2, 3]]
9: [[0, 5], [6, 7], [1, 2, 3, 4]]
10: [[0], [6, 7, 5], [1, 2, 3, 4]]
11: [[], [6, 7, 5], [1, 2, 3, 4, 0]]
12: [[], [6, 7], [1, 2, 3, 4, 0, 5]]
13: [[7], [6], [1, 2, 3, 4, 0, 5]]
14: [[7, 6], [], [1, 2, 3, 4, 0, 5]]
15: [[7, 6, 5], [], [1, 2, 3, 4, 0]]
16: [[7, 6, 5], [0], [1, 2, 3, 4]]
17: [[7, 6, 5, 4], [0], [1, 2, 3]]
18: [[7, 6, 5, 4, 3], [0], [1, 2]]
19: [[7, 6, 5, 4, 3, 2], [0], [1]]
20: [[7, 6, 5, 4, 3, 2, 1], [0], []]
21: [[7, 6, 5, 4, 3, 2, 1, 0], [], []]
--------------------------

The beam width:                  25
The length of solution:          19
The number of nodes expanded:    478
The total CPU time of heuristic: 0.0035509999993621477
The total CPU time of A*:        0.22671199999999203
The type of heuristic:           Adimissible
-----------path-----------
1: [[2, 4, 3, 5, 7, 6, 0, 1], [], []]
2: [[2, 4, 3, 5, 7, 6, 0], [], [1]]
3: [[2, 4, 3, 5, 7, 6], [0], [1]]
4: [[2, 4, 3, 5, 7], [0], [1, 6]]
5: [[2, 4, 3, 5], [0], [1, 6, 7]]
6: [[2, 4, 3], [0], [1, 6, 7, 5]]
7: [[2, 4], [0, 3], [1, 6, 7, 5]]
8: [[2], [0, 3, 4], [1, 6, 7, 5]]
9: [[2], [0, 3, 4, 5], [1, 6, 7]]
10: [[], [0, 3, 4, 5, 2], [1, 6, 7]]
11: [[7], [0, 3, 4, 5, 2], [1, 6]]
12: [[7, 6], [0, 3, 4, 5, 2], [1]]
13: [[7, 6], [0, 3, 4, 5], [1, 2]]
14: [[7, 6, 5], [0, 3, 4], [1, 2]]
15: [[7, 6, 5, 4], [0, 3], [1, 2]]
16: [[7, 6, 5, 4, 3], [0], [1, 2]]
17: [[7, 6, 5, 4, 3, 2], [0], [1]]
18: [[7, 6, 5, 4, 3, 2, 1], [0], []]
19: [[7, 6, 5, 4, 3, 2, 1, 0], [], []]
--------------------------

The beam width:                  25
The length of solution:          18
The number of nodes expanded:    275
The total CPU time of heuristic: 0.0018200000000945238
The total CPU time of A*:        0.08762399999997683
The type of heuristic:           Adimissible
-----------path-----------
1: [[5, 4, 2, 6, 3, 7, 1, 0], [], []]
2: [[5, 4, 2, 6, 3, 7, 1], [], [0]]
3: [[5, 4, 2, 6, 3, 7], [], [0, 1]]
4: [[5, 4, 2, 6, 3], [7], [0, 1]]
5: [[5, 4, 2, 6], [7], [0, 1, 3]]
6: [[5, 4, 2], [7], [0, 1, 3, 6]]
7: [[5, 4, 2], [], [0, 1, 3, 6, 7]]
8: [[5, 4], [2], [0, 1, 3, 6, 7]]
9: [[5], [2, 4], [0, 1, 3, 6, 7]]
10: [[], [2, 4, 5], [0, 1, 3, 6, 7]]
11: [[7], [2, 4, 5], [0, 1, 3, 6]]
12: [[7, 6], [2, 4, 5], [0, 1, 3]]
13: [[7, 6, 5], [2, 4], [0, 1, 3]]
14: [[7, 6, 5, 4], [2], [0, 1, 3]]
15: [[7, 6, 5, 4, 3], [2], [0, 1]]
16: [[7, 6, 5, 4, 3, 2], [], [0, 1]]
17: [[7, 6, 5, 4, 3, 2, 1], [], [0]]
18: [[7, 6, 5, 4, 3, 2, 1, 0], [], []]
--------------------------

The beam width:                  25
The length of solution:          20
The number of nodes expanded:    409
The total CPU time of heuristic: 0.0027800000000581804
The total CPU time of A*:        0.16372200000000703
The type of heuristic:           Adimissible
-----------path-----------
1: [[1, 4, 0, 3, 7, 2, 6, 5], [], []]
2: [[1, 4, 0, 3, 7, 2, 6], [], [5]]
3: [[1, 4, 0, 3, 7, 2], [], [5, 6]]
4: [[1, 4, 0, 3, 7], [2], [5, 6]]
5: [[1, 4, 0, 3], [2], [5, 6, 7]]
6: [[1, 4, 0], [2, 3], [5, 6, 7]]
7: [[1, 4], [2, 3, 0], [5, 6, 7]]
8: [[1], [2, 3, 0, 4], [5, 6, 7]]
9: [[], [2, 3, 0, 4, 1], [5, 6, 7]]
10: [[7], [2, 3, 0, 4, 1], [5, 6]]
11: [[7, 6], [2, 3, 0, 4, 1], [5]]
12: [[7, 6, 5], [2, 3, 0, 4, 1], []]
13: [[7, 6, 5], [2, 3, 0, 4], [1]]
14: [[7, 6, 5, 4], [2, 3, 0], [1]]
15: [[7, 6, 5, 4], [2, 3], [1, 0]]
16: [[7, 6, 5, 4, 3], [2], [1, 0]]
17: [[7, 6, 5, 4, 3, 2], [], [1, 0]]
18: [[7, 6, 5, 4, 3, 2], [0], [1]]
19: [[7, 6, 5, 4, 3, 2, 1], [0], []]
20: [[7, 6, 5, 4, 3, 2, 1, 0], [], []]
--------------------------

The beam width:                  25
The length of solution:          24
The number of nodes expanded:    867
The total CPU time of heuristic: 0.00635699999878625
The total CPU time of A*:        0.5430230000000051
The type of heuristic:           Adimissible
-----------path-----------
1: [[1, 3, 0, 6, 2, 7, 4, 5], [], []]
2: [[1, 3, 0, 6, 2, 7, 4], [], [5]]
3: [[1, 3, 0, 6, 2, 7], [4], [5]]
4: [[1, 3, 0, 6, 2, 7], [4, 5], []]
5: [[1, 3, 0, 6, 2], [4, 5, 7], []]
6: [[1, 3, 0, 6], [4, 5, 7, 2], []]
7: [[1, 3, 0], [4, 5, 7, 2, 6], []]
8: [[1, 3], [4, 5, 7, 2, 6], [0]]
9: [[1], [4, 5, 7, 2, 6, 3], [0]]
10: [[], [4, 5, 7, 2, 6, 3], [0, 1]]
11: [[3], [4, 5, 7, 2, 6], [0, 1]]
12: [[3, 6], [4, 5, 7, 2], [0, 1]]
13: [[3, 6], [4, 5, 7], [0, 1, 2]]
14: [[3], [4, 5, 7, 6], [0, 1, 2]]
15: [[], [4, 5, 7, 6], [0, 1, 2, 3]]
16: [[], [4, 5, 7], [0, 1, 2, 3, 6]]
17: [[7], [4, 5], [0, 1, 2, 3, 6]]
18: [[7, 6], [4, 5], [0, 1, 2, 3]]
19: [[7, 6, 5], [4], [0, 1, 2, 3]]
20: [[7, 6, 5, 4], [], [0, 1, 2, 3]]
21: [[7, 6, 5, 4, 3], [], [0, 1, 2]]
22: [[7, 6, 5, 4, 3, 2], [], [0, 1]]
23: [[7, 6, 5, 4, 3, 2, 1], [], [0]]
24: [[7, 6, 5, 4, 3, 2, 1, 0], [], []]
--------------------------

The beam width:                  25
The length of solution:          23
The number of nodes expanded:    774
The total CPU time of heuristic: 0.005557999999751928
The total CPU time of A*:        0.45138800000000856
The type of heuristic:           Adimissible
-----------path-----------
1: [[4, 3, 7, 0, 5, 1, 2, 6], [], []]
2: [[4, 3, 7, 0, 5, 1, 2], [], [6]]
3: [[4, 3, 7, 0, 5, 1], [], [6, 2]]
4: [[4, 3, 7, 0, 5], [1], [6, 2]]
5: [[4, 3, 7, 0, 5], [1, 2], [6]]
6: [[4, 3, 7, 0], [1, 2, 5], [6]]
7: [[4, 3, 7], [1, 2, 5, 0], [6]]
8: [[4, 3], [1, 2, 5, 0], [6, 7]]
9: [[4], [1, 2, 5, 0, 3], [6, 7]]
10: [[], [1, 2, 5, 0, 3, 4], [6, 7]]
11: [[7], [1, 2, 5, 0, 3, 4], [6]]
12: [[7, 6], [1, 2, 5, 0, 3, 4], []]
13: [[7, 6, 4], [1, 2, 5, 0, 3], []]
14: [[7, 6, 4, 3], [1, 2, 5, 0], []]
15: [[7, 6, 4, 3], [1, 2, 5], [0]]
16: [[7, 6, 4], [1, 2, 5], [0, 3]]
17: [[7, 6], [1, 2, 5], [0, 3, 4]]
18: [[7, 6, 5], [1, 2], [0, 3, 4]]
19: [[7, 6, 5, 4], [1, 2], [0, 3]]
20: [[7, 6, 5, 4, 3], [1, 2], [0]]
21: [[7, 6, 5, 4, 3, 2], [1], [0]]
22: [[7, 6, 5, 4, 3, 2, 1], [], [0]]
23: [[7, 6, 5, 4, 3, 2, 1, 0], [], []]
--------------------------

The beam width:                  25
The length of solution:          19
The number of nodes expanded:    482
The total CPU time of heuristic: 0.0031830000004617887
The total CPU time of A*:        0.20630800000000704
The type of heuristic:           Adimissible
-----------path-----------
1: [[3, 2, 6, 7, 1, 4, 5, 0], [], []]
2: [[3, 2, 6, 7, 1, 4, 5], [], [0]]
3: [[3, 2, 6, 7, 1, 4], [], [0, 5]]
4: [[3, 2, 6, 7, 1], [4], [0, 5]]
5: [[3, 2, 6, 7, 1], [4, 5], [0]]
6: [[3, 2, 6, 7], [4, 5], [0, 1]]
7: [[3, 2, 6], [4, 5, 7], [0, 1]]
8: [[3, 2], [4, 5, 7, 6], [0, 1]]
9: [[3], [4, 5, 7, 6], [0, 1, 2]]
10: [[], [4, 5, 7, 6], [0, 1, 2, 3]]
11: [[], [4, 5, 7], [0, 1, 2, 3, 6]]
12: [[7], [4, 5], [0, 1, 2, 3, 6]]
13: [[7, 6], [4, 5], [0, 1, 2, 3]]
14: [[7, 6, 5], [4], [0, 1, 2, 3]]
15: [[7, 6, 5, 4], [], [0, 1, 2, 3]]
16: [[7, 6, 5, 4, 3], [], [0, 1, 2]]
17: [[7, 6, 5, 4, 3, 2], [], [0, 1]]
18: [[7, 6, 5, 4, 3, 2, 1], [], [0]]
19: [[7, 6, 5, 4, 3, 2, 1, 0], [], []]
--------------------------

The beam width:                  25
The length of solution:          21
The number of nodes expanded:    635
The total CPU time of heuristic: 0.004396000000525646
The total CPU time of A*:        0.31938500000001113
The type of heuristic:           Adimissible
-----------path-----------
1: [[1, 6, 0, 5, 7, 3, 2, 4], [], []]
2: [[1, 6, 0, 5, 7, 3, 2], [], [4]]
3: [[1, 6, 0, 5, 7, 3], [2], [4]]
4: [[1, 6, 0, 5, 7], [2, 3], [4]]
5: [[1, 6, 0, 5, 7], [2, 3, 4], []]
6: [[1, 6, 0, 5], [2, 3, 4], [7]]
7: [[1, 6, 0], [2, 3, 4, 5], [7]]
8: [[1, 6], [2, 3, 4, 5, 0], [7]]
9: [[1], [2, 3, 4, 5, 0, 6], [7]]
10: [[], [2, 3, 4, 5, 0, 6, 1], [7]]
11: [[7], [2, 3, 4, 5, 0, 6, 1], []]
12: [[7], [2, 3, 4, 5, 0, 6], [1]]
13: [[7, 6], [2, 3, 4, 5, 0], [1]]
14: [[7, 6], [2, 3, 4, 5], [1, 0]]
15: [[7, 6, 5], [2, 3, 4], [1, 0]]
16: [[7, 6, 5, 4], [2, 3], [1, 0]]
17: [[7, 6, 5, 4, 3], [2], [1, 0]]
18: [[7, 6, 5, 4, 3, 2], [], [1, 0]]
19: [[7, 6, 5, 4, 3, 2], [0], [1]]
20: [[7, 6, 5, 4, 3, 2, 1], [0], []]
21: [[7, 6, 5, 4, 3, 2, 1, 0], [], []]
--------------------------

The beam width:                  25
The length of solution:          20
The number of nodes expanded:    514
The total CPU time of heuristic: 0.003543999999266134
The total CPU time of A*:        0.23594899999997665
The type of heuristic:           Adimissible
-----------path-----------
1: [[4, 2, 6, 5, 1, 7, 0, 3], [], []]
2: [[4, 2, 6, 5, 1, 7, 0], [3], []]
3: [[4, 2, 6, 5, 1, 7], [3], [0]]
4: [[4, 2, 6, 5, 1], [3, 7], [0]]
5: [[4, 2, 6, 5], [3, 7], [0, 1]]
6: [[4, 2, 6], [3, 7, 5], [0, 1]]
7: [[4, 2], [3, 7, 5, 6], [0, 1]]
8: [[4], [3, 7, 5, 6], [0, 1, 2]]
9: [[], [3, 7, 5, 6], [0, 1, 2, 4]]
10: [[6], [3, 7, 5], [0, 1, 2, 4]]
11: [[6], [3, 7], [0, 1, 2, 4, 5]]
12: [[], [3, 7], [0, 1, 2, 4, 5, 6]]
13: [[7], [3], [0, 1, 2, 4, 5, 6]]
14: [[7, 6], [3], [0, 1, 2, 4, 5]]
15: [[7, 6, 5], [3], [0, 1, 2, 4]]
16: [[7, 6, 5, 4], [3], [0, 1, 2]]
17: [[7, 6, 5, 4, 3], [], [0, 1, 2]]
18: [[7, 6, 5, 4, 3, 2], [], [0, 1]]
19: [[7, 6, 5, 4, 3, 2, 1], [], [0]]
20: [[7, 6, 5, 4, 3, 2, 1, 0], [], []]
--------------------------

The beam width:                  25
The length of solution:          18
The number of nodes expanded:    588
The total CPU time of heuristic: 0.004291999999821883
The total CPU time of A*:        0.3207749999999976
The type of heuristic:           Adimissible
-----------path-----------
1: [[5, 4, 3, 2, 6, 7, 1, 0], [], []]
2: [[5, 4, 3, 2, 6, 7, 1], [], [0]]
3: [[5, 4, 3, 2, 6, 7], [], [0, 1]]
4: [[5, 4, 3, 2, 6], [], [0, 1, 7]]
5: [[5, 4, 3, 2], [], [0, 1, 7, 6]]
6: [[5, 4, 3], [2], [0, 1, 7, 6]]
7: [[5, 4], [2, 3], [0, 1, 7, 6]]
8: [[5], [2, 3, 4], [0, 1, 7, 6]]
9: [[], [2, 3, 4, 5], [0, 1, 7, 6]]
10: [[], [2, 3, 4, 5, 6], [0, 1, 7]]
11: [[7], [2, 3, 4, 5, 6], [0, 1]]
12: [[7, 6], [2, 3, 4, 5], [0, 1]]
13: [[7, 6, 5], [2, 3, 4], [0, 1]]
14: [[7, 6, 5, 4], [2, 3], [0, 1]]
15: [[7, 6, 5, 4, 3], [2], [0, 1]]
16: [[7, 6, 5, 4, 3, 2], [], [0, 1]]
17: [[7, 6, 5, 4, 3, 2, 1], [], [0]]
18: [[7, 6, 5, 4, 3, 2, 1, 0], [], []]
--------------------------

The beam width:                  25
The length of solution:          20
The number of nodes expanded:    727
The total CPU time of heuristic: 0.005152000000180124
The total CPU time of A*:        0.3974990000000105
The type of heuristic:           Adimissible
-----------path-----------
1: [[1, 6, 7, 2, 5, 3, 4, 0], [], []]
2: [[1, 6, 7, 2, 5, 3, 4], [0], []]
3: [[1, 6, 7, 2, 5, 3], [0], [4]]
4: [[1, 6, 7, 2, 5], [0, 3], [4]]
5: [[1, 6, 7, 2, 5], [0, 3, 4], []]
6: [[1, 6, 7, 2], [0, 3, 4, 5], []]
7: [[1, 6, 7], [0, 3, 4, 5, 2], []]
8: [[1, 6], [0, 3, 4, 5, 2], [7]]
9: [[1], [0, 3, 4, 5, 2, 6], [7]]
10: [[], [0, 3, 4, 5, 2, 6, 1], [7]]
11: [[7], [0, 3, 4, 5, 2, 6, 1], []]
12: [[7], [0, 3, 4, 5, 2, 6], [1]]
13: [[7, 6], [0, 3, 4, 5, 2], [1]]
14: [[7, 6], [0, 3, 4, 5], [1, 2]]
15: [[7, 6, 5], [0, 3, 4], [1, 2]]
16: [[7, 6, 5, 4], [0, 3], [1, 2]]
17: [[7, 6, 5, 4, 3], [0], [1, 2]]
18: [[7, 6, 5, 4, 3, 2], [0], [1]]
19: [[7, 6, 5, 4, 3, 2, 1], [0], []]
20: [[7, 6, 5, 4, 3, 2, 1, 0], [], []]
--------------------------

The beam width:                  25
The length of solution:          20
The number of nodes expanded:    628
The total CPU time of heuristic: 0.004409000000066499
The total CPU time of A*:        0.3148220000000208
The type of heuristic:           Adimissible
-----------path-----------
1: [[3, 4, 6, 5, 2, 1, 7, 0], [], []]
2: [[3, 4, 6, 5, 2, 1, 7], [], [0]]
3: [[3, 4, 6, 5, 2, 1], [7], [0]]
4: [[3, 4, 6, 5, 2], [7], [0, 1]]
5: [[3, 4, 6, 5, 2], [], [0, 1, 7]]
6: [[3, 4, 6, 5], [2], [0, 1, 7]]
7: [[3, 4, 6], [2, 5], [0, 1, 7]]
8: [[3, 4], [2, 5, 6], [0, 1, 7]]
9: [[3], [2, 5, 6, 4], [0, 1, 7]]
10: [[], [2, 5, 6, 4, 3], [0, 1, 7]]
11: [[7], [2, 5, 6, 4, 3], [0, 1]]
12: [[7], [2, 5, 6, 4], [0, 1, 3]]
13: [[7], [2, 5, 6], [0, 1, 3, 4]]
14: [[7, 6], [2, 5], [0, 1, 3, 4]]
15: [[7, 6, 5], [2], [0, 1, 3, 4]]
16: [[7, 6, 5, 4], [2], [0, 1, 3]]
17: [[7, 6, 5, 4, 3], [2], [0, 1]]
18: [[7, 6, 5, 4, 3, 2], [], [0, 1]]
19: [[7, 6, 5, 4, 3, 2, 1], [], [0]]
20: [[7, 6, 5, 4, 3, 2, 1, 0], [], []]
--------------------------

The beam width:                  25
The length of solution:          18
The number of nodes expanded:    550
The total CPU time of heuristic: 0.003946999999726586
The total CPU time of A*:        0.24097000000000435
The type of heuristic:           Adimissible
-----------path-----------
1: [[7, 2, 3, 0, 6, 1, 4, 5], [], []]
2: [[7, 2, 3, 0, 6, 1, 4], [5], []]
3: [[7, 2, 3, 0, 6, 1], [5], [4]]
4: [[7, 2, 3, 0, 6, 1], [], [4, 5]]
5: [[7, 2, 3, 0, 6], [1], [4, 5]]
6: [[7, 2, 3, 0], [1], [4, 5, 6]]
7: [[7, 2, 3], [1, 0], [4, 5, 6]]
8: [[7, 2], [1, 0, 3], [4, 5, 6]]
9: [[7], [1, 0, 3, 2], [4, 5, 6]]
10: [[7, 6], [1, 0, 3, 2], [4, 5]]
11: [[7, 6, 5], [1, 0, 3, 2], [4]]
12: [[7, 6, 5, 4], [1, 0, 3, 2], []]
13: [[7, 6, 5, 4], [1, 0, 3], [2]]
14: [[7, 6, 5, 4, 3], [1, 0], [2]]
15: [[7, 6, 5, 4, 3, 2], [1, 0], []]
16: [[7, 6, 5, 4, 3, 2], [1], [0]]
17: [[7, 6, 5, 4, 3, 2, 1], [], [0]]
18: [[7, 6, 5, 4, 3, 2, 1, 0], [], []]
--------------------------

The beam width:                  25
The length of solution:          20
The number of nodes expanded:    567
The total CPU time of heuristic: 0.0038519999991422083
The total CPU time of A*:        0.2675749999999937
The type of heuristic:           Adimissible
-----------path-----------
1: [[3, 7, 6, 0, 4, 1, 5, 2], [], []]
2: [[3, 7, 6, 0, 4, 1, 5], [2], []]
3: [[3, 7, 6, 0, 4, 1], [2, 5], []]
4: [[3, 7, 6, 0, 4], [2, 5], [1]]
5: [[3, 7, 6, 0], [2, 5], [1, 4]]
6: [[3, 7, 6, 0], [2], [1, 4, 5]]
7: [[3, 7, 6], [2, 0], [1, 4, 5]]
8: [[3, 7], [2, 0], [1, 4, 5, 6]]
9: [[3], [2, 0], [1, 4, 5, 6, 7]]
10: [[], [2, 0, 3], [1, 4, 5, 6, 7]]
11: [[7], [2, 0, 3], [1, 4, 5, 6]]
12: [[7, 6], [2, 0, 3], [1, 4, 5]]
13: [[7, 6, 5], [2, 0, 3], [1, 4]]
14: [[7, 6, 5, 4], [2, 0, 3], [1]]
15: [[7, 6, 5, 4, 3], [2, 0], [1]]
16: [[7, 6, 5, 4, 3], [2], [1, 0]]
17: [[7, 6, 5, 4, 3, 2], [], [1, 0]]
18: [[7, 6, 5, 4, 3, 2], [0], [1]]
19: [[7, 6, 5, 4, 3, 2, 1], [0], []]
20: [[7, 6, 5, 4, 3, 2, 1, 0], [], []]
--------------------------

The beam width:                  25
The length of solution:          25
The number of nodes expanded:    900
The total CPU time of heuristic: 0.005945000001048584
The total CPU time of A*:        0.5547129999999925
The type of heuristic:           Adimissible
-----------path-----------
1: [[3, 4, 0, 2, 6, 1, 5, 7], [], []]
2: [[3, 4, 0, 2, 6, 1, 5], [], [7]]
3: [[3, 4, 0, 2, 6, 1], [], [7, 5]]
4: [[3, 4, 0, 2, 6], [1], [7, 5]]
5: [[3, 4, 0, 2, 6], [1, 5], [7]]
6: [[3, 4, 0, 2], [1, 5, 6], [7]]
7: [[3, 4, 0], [1, 5, 6, 2], [7]]
8: [[3, 4], [1, 5, 6, 2, 0], [7]]
9: [[3], [1, 5, 6, 2, 0, 4], [7]]
10: [[], [1, 5, 6, 2, 0, 4, 3], [7]]
11: [[7], [1, 5, 6, 2, 0, 4, 3], []]
12: [[7, 3], [1, 5, 6, 2, 0, 4], []]
13: [[7, 3, 4], [1, 5, 6, 2, 0], []]
14: [[7, 3, 4], [1, 5, 6, 2], [0]]
15: [[7, 3, 4], [1, 5, 6], [0, 2]]
16: [[7, 3], [1, 5, 6, 4], [0, 2]]
17: [[7], [1, 5, 6, 4], [0, 2, 3]]
18: [[7], [1, 5, 6], [0, 2, 3, 4]]
19: [[7, 6], [1, 5], [0, 2, 3, 4]]
20: [[7, 6, 5], [1], [0, 2, 3, 4]]
21: [[7, 6, 5, 4], [1], [0, 2, 3]]
22: [[7, 6, 5, 4, 3], [1], [0, 2]]
23: [[7, 6, 5, 4, 3, 2], [1], [0]]
24: [[7, 6, 5, 4, 3, 2, 1], [], [0]]
25: [[7, 6, 5, 4, 3, 2, 1, 0], [], []]
--------------------------

The beam width:                  25
The length of solution:          18
The number of nodes expanded:    507
The total CPU time of heuristic: 0.00341300000013689
The total CPU time of A*:        0.21959800000001906
The type of heuristic:           Adimissible
-----------path-----------
1: [[7, 1, 2, 3, 4, 6, 5, 0], [], []]
2: [[7, 1, 2, 3, 4, 6, 5], [], [0]]
3: [[7, 1, 2, 3, 4, 6], [], [0, 5]]
4: [[7, 1, 2, 3, 4], [], [0, 5, 6]]
5: [[7, 1, 2, 3], [4], [0, 5, 6]]
6: [[7, 1, 2], [4, 3], [0, 5, 6]]
7: [[7, 1], [4, 3, 2], [0, 5, 6]]
8: [[7], [4, 3, 2, 1], [0, 5, 6]]
9: [[7, 6], [4, 3, 2, 1], [0, 5]]
10: [[7, 6, 5], [4, 3, 2, 1], [0]]
11: [[7, 6, 5], [4, 3, 2], [0, 1]]
12: [[7, 6, 5], [4, 3], [0, 1, 2]]
13: [[7, 6, 5], [4], [0, 1, 2, 3]]
14: [[7, 6, 5, 4], [], [0, 1, 2, 3]]
15: [[7, 6, 5, 4, 3], [], [0, 1, 2]]
16: [[7, 6, 5, 4, 3, 2], [], [0, 1]]
17: [[7, 6, 5, 4, 3, 2, 1], [], [0]]
18: [[7, 6, 5, 4, 3, 2, 1, 0], [], []]
--------------------------

The beam width:                  25
The length of solution:          21
The number of nodes expanded:    838
The total CPU time of heuristic: 0.005928999999497364
The total CPU time of A*:        0.5140360000000044
The type of heuristic:           Adimissible
-----------path-----------
1: [[0, 6, 7, 5, 3, 1, 4, 2], [], []]
2: [[0, 6, 7, 5, 3, 1, 4], [], [2]]
3: [[0, 6, 7, 5, 3, 1], [], [2, 4]]
4: [[0, 6, 7, 5, 3], [1], [2, 4]]
5: [[0, 6, 7, 5, 3], [1, 4], [2]]
6: [[0, 6, 7, 5], [1, 4], [2, 3]]
7: [[0, 6, 7], [1, 4, 5], [2, 3]]
8: [[0, 6], [1, 4, 5, 7], [2, 3]]
9: [[0], [1, 4, 5, 7, 6], [2, 3]]
10: [[], [1, 4, 5, 7, 6], [2, 3, 0]]
11: [[], [1, 4, 5, 7], [2, 3, 0, 6]]
12: [[7], [1, 4, 5], [2, 3, 0, 6]]
13: [[7, 6], [1, 4, 5], [2, 3, 0]]
14: [[7, 6, 5], [1, 4], [2, 3, 0]]
15: [[7, 6, 5, 4], [1], [2, 3, 0]]
16: [[7, 6, 5, 4], [1, 0], [2, 3]]
17: [[7, 6, 5, 4, 3], [1, 0], [2]]
18: [[7, 6, 5, 4, 3, 2], [1, 0], []]
19: [[7, 6, 5, 4, 3, 2], [1], [0]]
20: [[7, 6, 5, 4, 3, 2, 1], [], [0]]
21: [[7, 6, 5, 4, 3, 2, 1, 0], [], []]
--------------------------

The beam width:                  25
The length of solution:          19
The number of nodes expanded:    341
The total CPU time of heuristic: 0.0021469999999226275
The total CPU time of A*:        0.12184399999998163
The type of heuristic:           Adimissible
-----------path-----------
1: [[5, 7, 3, 0, 2, 4, 1, 6], [], []]
2: [[5, 7, 3, 0, 2, 4, 1], [6], []]
3: [[5, 7, 3, 0, 2, 4], [6], [1]]
4: [[5, 7, 3, 0, 2], [6], [1, 4]]
5: [[5, 7, 3, 0, 2], [], [1, 4, 6]]
6: [[5, 7, 3, 0], [], [1, 4, 6, 2]]
7: [[5, 7, 3], [0], [1, 4, 6, 2]]
8: [[5, 7, 3], [0, 2], [1, 4, 6]]
9: [[5, 7], [0, 2, 3], [1, 4, 6]]
10: [[5], [0, 2, 3], [1, 4, 6, 7]]
11: [[], [0, 2, 3, 5], [1, 4, 6, 7]]
12: [[7], [0, 2, 3, 5], [1, 4, 6]]
13: [[7, 6], [0, 2, 3, 5], [1, 4]]
14: [[7, 6, 5], [0, 2, 3], [1, 4]]
15: [[7, 6, 5, 4], [0, 2, 3], [1]]
16: [[7, 6, 5, 4, 3], [0, 2], [1]]
17: [[7, 6, 5, 4, 3, 2], [0], [1]]
18: [[7, 6, 5, 4, 3, 2, 1], [0], []]
19: [[7, 6, 5, 4, 3, 2, 1, 0], [], []]
--------------------------

