The beam width:                  25
The length of solution:          19
The number of nodes expanded:    436
The total CPU time of heuristic: 0.0028650000004688536
The total CPU time of A*:        0.17008899999999016
The type of heuristic:           Adimissible
-----------path-----------
1: [[2, 1, 0, 4, 3, 5, 6], [], []]
2: [[2, 1, 0, 4, 3, 5], [], [6]]
3: [[2, 1, 0, 4, 3], [5], [6]]
4: [[2, 1, 0, 4, 3], [5, 6], []]
5: [[2, 1, 0, 4], [5, 6, 3], []]
6: [[2, 1, 0], [5, 6, 3, 4], []]
7: [[2, 1], [5, 6, 3, 4], [0]]
8: [[2], [5, 6, 3, 4], [0, 1]]
9: [[], [5, 6, 3, 4], [0, 1, 2]]
10: [[4], [5, 6, 3], [0, 1, 2]]
11: [[4], [5, 6], [0, 1, 2, 3]]
12: [[], [5, 6], [0, 1, 2, 3, 4]]
13: [[6], [5], [0, 1, 2, 3, 4]]
14: [[6, 5], [], [0, 1, 2, 3, 4]]
15: [[6, 5, 4], [], [0, 1, 2, 3]]
16: [[6, 5, 4, 3], [], [0, 1, 2]]
17: [[6, 5, 4, 3, 2], [], [0, 1]]
18: [[6, 5, 4, 3, 2, 1], [], [0]]
19: [[6, 5, 4, 3, 2, 1, 0], [], []]
--------------------------

The beam width:                  25
The length of solution:          18
The number of nodes expanded:    468
The total CPU time of heuristic: 0.0030450000001849276
The total CPU time of A*:        0.1888659999999902
The type of heuristic:           Adimissible
-----------path-----------
1: [[1, 2, 5, 6, 3, 0, 4], [], []]
2: [[1, 2, 5, 6, 3, 0], [], [4]]
3: [[1, 2, 5, 6, 3], [0], [4]]
4: [[1, 2, 5, 6], [0, 3], [4]]
5: [[1, 2, 5, 6], [0, 3, 4], []]
6: [[1, 2, 5], [0, 3, 4, 6], []]
7: [[1, 2], [0, 3, 4, 6, 5], []]
8: [[1], [0, 3, 4, 6, 5, 2], []]
9: [[], [0, 3, 4, 6, 5, 2], [1]]
10: [[], [0, 3, 4, 6, 5], [1, 2]]
11: [[], [0, 3, 4, 6], [1, 2, 5]]
12: [[6], [0, 3, 4], [1, 2, 5]]
13: [[6, 5], [0, 3, 4], [1, 2]]
14: [[6, 5, 4], [0, 3], [1, 2]]
15: [[6, 5, 4, 3], [0], [1, 2]]
16: [[6, 5, 4, 3, 2], [0], [1]]
17: [[6, 5, 4, 3, 2, 1], [0], []]
18: [[6, 5, 4, 3, 2, 1, 0], [], []]
--------------------------

The beam width:                  25
The length of solution:          16
The number of nodes expanded:    366
The total CPU time of heuristic: 0.002661000000102831
The total CPU time of A*:        0.14689500000000066
The type of heuristic:           Adimissible
-----------path-----------
1: [[5, 6, 0, 3, 4, 2, 1], [], []]
2: [[5, 6, 0, 3, 4, 2], [], [1]]
3: [[5, 6, 0, 3, 4], [], [1, 2]]
4: [[5, 6, 0, 3], [], [1, 2, 4]]
5: [[5, 6, 0], [], [1, 2, 4, 3]]
6: [[5, 6], [0], [1, 2, 4, 3]]
7: [[5, 6], [0, 3], [1, 2, 4]]
8: [[5], [0, 3], [1, 2, 4, 6]]
9: [[], [0, 3, 5], [1, 2, 4, 6]]
10: [[6], [0, 3, 5], [1, 2, 4]]
11: [[6, 5], [0, 3], [1, 2, 4]]
12: [[6, 5, 4], [0, 3], [1, 2]]
13: [[6, 5, 4, 3], [0], [1, 2]]
14: [[6, 5, 4, 3, 2], [0], [1]]
15: [[6, 5, 4, 3, 2, 1], [0], []]
16: [[6, 5, 4, 3, 2, 1, 0], [], []]
--------------------------

The beam width:                  25
The length of solution:          16
The number of nodes expanded:    342
The total CPU time of heuristic: 0.002292000000295502
The total CPU time of A*:        0.1219949999999983
The type of heuristic:           Adimissible
-----------path-----------
1: [[2, 4, 6, 3, 1, 5, 0], [], []]
2: [[2, 4, 6, 3, 1, 5], [], [0]]
3: [[2, 4, 6, 3, 1], [], [0, 5]]
4: [[2, 4, 6, 3], [1], [0, 5]]
5: [[2, 4, 6], [1, 3], [0, 5]]
6: [[2, 4], [1, 3], [0, 5, 6]]
7: [[2], [1, 3, 4], [0, 5, 6]]
8: [[], [1, 3, 4, 2], [0, 5, 6]]
9: [[6], [1, 3, 4, 2], [0, 5]]
10: [[6, 5], [1, 3, 4, 2], [0]]
11: [[6, 5], [1, 3, 4], [0, 2]]
12: [[6, 5, 4], [1, 3], [0, 2]]
13: [[6, 5, 4, 3], [1], [0, 2]]
14: [[6, 5, 4, 3, 2], [1], [0]]
15: [[6, 5, 4, 3, 2, 1], [], [0]]
16: [[6, 5, 4, 3, 2, 1, 0], [], []]
--------------------------

The beam width:                  25
The length of solution:          16
The number of nodes expanded:    272
The total CPU time of heuristic: 0.0019649999997568557
The total CPU time of A*:        0.10152599999997847
The type of heuristic:           Adimissible
-----------path-----------
1: [[4, 6, 2, 3, 0, 5, 1], [], []]
2: [[4, 6, 2, 3, 0, 5], [], [1]]
3: [[4, 6, 2, 3, 0], [], [1, 5]]
4: [[4, 6, 2, 3], [0], [1, 5]]
5: [[4, 6, 2], [0], [1, 5, 3]]
6: [[4, 6], [0, 2], [1, 5, 3]]
7: [[4, 6], [0, 2, 3], [1, 5]]
8: [[4], [0, 2, 3], [1, 5, 6]]
9: [[], [0, 2, 3, 4], [1, 5, 6]]
10: [[6], [0, 2, 3, 4], [1, 5]]
11: [[6, 5], [0, 2, 3, 4], [1]]
12: [[6, 5, 4], [0, 2, 3], [1]]
13: [[6, 5, 4, 3], [0, 2], [1]]
14: [[6, 5, 4, 3, 2], [0], [1]]
15: [[6, 5, 4, 3, 2, 1], [0], []]
16: [[6, 5, 4, 3, 2, 1, 0], [], []]
--------------------------

The beam width:                  25
The length of solution:          17
The number of nodes expanded:    369
The total CPU time of heuristic: 0.002354000000252654
The total CPU time of A*:        0.139741000000015
The type of heuristic:           Adimissible
-----------path-----------
1: [[5, 2, 1, 3, 4, 0, 6], [], []]
2: [[5, 2, 1, 3, 4, 0], [6], []]
3: [[5, 2, 1, 3, 4], [6], [0]]
4: [[5, 2, 1, 3], [6, 4], [0]]
5: [[5, 2, 1], [6, 4, 3], [0]]
6: [[5, 2], [6, 4, 3], [0, 1]]
7: [[5], [6, 4, 3], [0, 1, 2]]
8: [[5], [6, 4], [0, 1, 2, 3]]
9: [[5], [6], [0, 1, 2, 3, 4]]
10: [[], [6], [0, 1, 2, 3, 4, 5]]
11: [[6], [], [0, 1, 2, 3, 4, 5]]
12: [[6, 5], [], [0, 1, 2, 3, 4]]
13: [[6, 5, 4], [], [0, 1, 2, 3]]
14: [[6, 5, 4, 3], [], [0, 1, 2]]
15: [[6, 5, 4, 3, 2], [], [0, 1]]
16: [[6, 5, 4, 3, 2, 1], [], [0]]
17: [[6, 5, 4, 3, 2, 1, 0], [], []]
--------------------------

The beam width:                  25
The length of solution:          21
The number of nodes expanded:    645
The total CPU time of heuristic: 0.004693999999602738
The total CPU time of A*:        0.3322809999999947
The type of heuristic:           Adimissible
-----------path-----------
1: [[3, 1, 0, 5, 2, 4, 6], [], []]
2: [[3, 1, 0, 5, 2, 4], [], [6]]
3: [[3, 1, 0, 5, 2], [], [6, 4]]
4: [[3, 1, 0, 5], [2], [6, 4]]
5: [[3, 1, 0, 5], [2, 4], [6]]
6: [[3, 1, 0], [2, 4, 5], [6]]
7: [[3, 1], [2, 4, 5, 0], [6]]
8: [[3], [2, 4, 5, 0, 1], [6]]
9: [[], [2, 4, 5, 0, 1, 3], [6]]
10: [[6], [2, 4, 5, 0, 1, 3], []]
11: [[6, 3], [2, 4, 5, 0, 1], []]
12: [[6, 3, 1], [2, 4, 5, 0], []]
13: [[6, 3, 1], [2, 4, 5], [0]]
14: [[6, 3], [2, 4, 5], [0, 1]]
15: [[6], [2, 4, 5], [0, 1, 3]]
16: [[6, 5], [2, 4], [0, 1, 3]]
17: [[6, 5, 4], [2], [0, 1, 3]]
18: [[6, 5, 4, 3], [2], [0, 1]]
19: [[6, 5, 4, 3, 2], [], [0, 1]]
20: [[6, 5, 4, 3, 2, 1], [], [0]]
21: [[6, 5, 4, 3, 2, 1, 0], [], []]
--------------------------

The beam width:                  25
The length of solution:          19
The number of nodes expanded:    581
The total CPU time of heuristic: 0.003941999999824475
The total CPU time of A*:        0.28654699999998456
The type of heuristic:           Adimissible
-----------path-----------
1: [[4, 1, 0, 6, 2, 3, 5], [], []]
2: [[4, 1, 0, 6, 2, 3], [5], []]
3: [[4, 1, 0, 6, 2], [5], [3]]
4: [[4, 1, 0, 6, 2], [], [3, 5]]
5: [[4, 1, 0, 6], [2], [3, 5]]
6: [[4, 1, 0], [2], [3, 5, 6]]
7: [[4, 1], [2, 0], [3, 5, 6]]
8: [[4], [2, 0, 1], [3, 5, 6]]
9: [[], [2, 0, 1, 4], [3, 5, 6]]
10: [[6], [2, 0, 1, 4], [3, 5]]
11: [[6, 5], [2, 0, 1, 4], [3]]
12: [[6, 5, 4], [2, 0, 1], [3]]
13: [[6, 5, 4, 3], [2, 0, 1], []]
14: [[6, 5, 4, 3, 1], [2, 0], []]
15: [[6, 5, 4, 3, 1], [2], [0]]
16: [[6, 5, 4, 3], [2], [0, 1]]
17: [[6, 5, 4, 3, 2], [], [0, 1]]
18: [[6, 5, 4, 3, 2, 1], [], [0]]
19: [[6, 5, 4, 3, 2, 1, 0], [], []]
--------------------------

The beam width:                  25
The length of solution:          17
The number of nodes expanded:    345
The total CPU time of heuristic: 0.0022030000000086147
The total CPU time of A*:        0.1195160000000044
The type of heuristic:           Adimissible
-----------path-----------
1: [[0, 3, 5, 4, 2, 1, 6], [], []]
2: [[0, 3, 5, 4, 2, 1], [], [6]]
3: [[0, 3, 5, 4, 2], [1], [6]]
4: [[0, 3, 5, 4], [1, 2], [6]]
5: [[0, 3, 5], [1, 2, 4], [6]]
6: [[0, 3], [1, 2, 4, 5], [6]]
7: [[0], [1, 2, 4, 5, 3], [6]]
8: [[], [1, 2, 4, 5, 3, 0], [6]]
9: [[6], [1, 2, 4, 5, 3, 0], []]
10: [[6], [1, 2, 4, 5, 3], [0]]
11: [[6], [1, 2, 4, 5], [0, 3]]
12: [[6, 5], [1, 2, 4], [0, 3]]
13: [[6, 5, 4], [1, 2], [0, 3]]
14: [[6, 5, 4, 3], [1, 2], [0]]
15: [[6, 5, 4, 3, 2], [1], [0]]
16: [[6, 5, 4, 3, 2, 1], [], [0]]
17: [[6, 5, 4, 3, 2, 1, 0], [], []]
--------------------------

The beam width:                  25
The length of solution:          17
The number of nodes expanded:    303
The total CPU time of heuristic: 0.0021059999995145517
The total CPU time of A*:        0.10559899999998379
The type of heuristic:           Adimissible
-----------path-----------
1: [[1, 3, 0, 6, 4, 2, 5], [], []]
2: [[1, 3, 0, 6, 4, 2], [], [5]]
3: [[1, 3, 0, 6, 4], [2], [5]]
4: [[1, 3, 0, 6], [2, 4], [5]]
5: [[1, 3, 0, 6], [2, 4, 5], []]
6: [[1, 3, 0], [2, 4, 5, 6], []]
7: [[1, 3], [2, 4, 5, 6], [0]]
8: [[1], [2, 4, 5, 6, 3], [0]]
9: [[], [2, 4, 5, 6, 3], [0, 1]]
10: [[], [2, 4, 5, 6], [0, 1, 3]]
11: [[6], [2, 4, 5], [0, 1, 3]]
12: [[6, 5], [2, 4], [0, 1, 3]]
13: [[6, 5, 4], [2], [0, 1, 3]]
14: [[6, 5, 4, 3], [2], [0, 1]]
15: [[6, 5, 4, 3, 2], [], [0, 1]]
16: [[6, 5, 4, 3, 2, 1], [], [0]]
17: [[6, 5, 4, 3, 2, 1, 0], [], []]
--------------------------

The beam width:                  25
The length of solution:          17
The number of nodes expanded:    304
The total CPU time of heuristic: 0.0021579999999801203
The total CPU time of A*:        0.10431800000000635
The type of heuristic:           Adimissible
-----------path-----------
1: [[3, 2, 0, 6, 1, 5, 4], [], []]
2: [[3, 2, 0, 6, 1, 5], [4], []]
3: [[3, 2, 0, 6, 1], [4, 5], []]
4: [[3, 2, 0, 6], [4, 5, 1], []]
5: [[3, 2, 0], [4, 5, 1, 6], []]
6: [[3, 2], [4, 5, 1, 6], [0]]
7: [[3], [4, 5, 1, 6], [0, 2]]
8: [[], [4, 5, 1, 6], [0, 2, 3]]
9: [[6], [4, 5, 1], [0, 2, 3]]
10: [[6], [4, 5], [0, 2, 3, 1]]
11: [[6, 5], [4], [0, 2, 3, 1]]
12: [[6, 5, 4], [], [0, 2, 3, 1]]
13: [[6, 5, 4], [1], [0, 2, 3]]
14: [[6, 5, 4, 3], [1], [0, 2]]
15: [[6, 5, 4, 3, 2], [1], [0]]
16: [[6, 5, 4, 3, 2, 1], [], [0]]
17: [[6, 5, 4, 3, 2, 1, 0], [], []]
--------------------------

The beam width:                  25
The length of solution:          17
The number of nodes expanded:    337
The total CPU time of heuristic: 0.0023669999999924585
The total CPU time of A*:        0.12062900000000809
The type of heuristic:           Adimissible
-----------path-----------
1: [[4, 0, 3, 1, 2, 6, 5], [], []]
2: [[4, 0, 3, 1, 2, 6], [], [5]]
3: [[4, 0, 3, 1, 2], [], [5, 6]]
4: [[4, 0, 3, 1], [], [5, 6, 2]]
5: [[4, 0, 3], [1], [5, 6, 2]]
6: [[4, 0, 3], [1, 2], [5, 6]]
7: [[4, 0], [1, 2, 3], [5, 6]]
8: [[4], [1, 2, 3, 0], [5, 6]]
9: [[], [1, 2, 3, 0, 4], [5, 6]]
10: [[6], [1, 2, 3, 0, 4], [5]]
11: [[6, 5], [1, 2, 3, 0, 4], []]
12: [[6, 5, 4], [1, 2, 3, 0], []]
13: [[6, 5, 4], [1, 2, 3], [0]]
14: [[6, 5, 4, 3], [1, 2], [0]]
15: [[6, 5, 4, 3, 2], [1], [0]]
16: [[6, 5, 4, 3, 2, 1], [], [0]]
17: [[6, 5, 4, 3, 2, 1, 0], [], []]
--------------------------

The beam width:                  25
The length of solution:          15
The number of nodes expanded:    245
The total CPU time of heuristic: 0.00175100000006978
The total CPU time of A*:        0.07707700000000273
The type of heuristic:           Adimissible
-----------path-----------
1: [[6, 0, 1, 3, 2, 5, 4], [], []]
2: [[6, 0, 1, 3, 2, 5], [], [4]]
3: [[6, 0, 1, 3, 2], [], [4, 5]]
4: [[6, 0, 1, 3], [2], [4, 5]]
5: [[6, 0, 1], [2, 3], [4, 5]]
6: [[6, 0], [2, 3, 1], [4, 5]]
7: [[6], [2, 3, 1, 0], [4, 5]]
8: [[6, 5], [2, 3, 1, 0], [4]]
9: [[6, 5, 4], [2, 3, 1, 0], []]
10: [[6, 5, 4], [2, 3, 1], [0]]
11: [[6, 5, 4], [2, 3], [0, 1]]
12: [[6, 5, 4, 3], [2], [0, 1]]
13: [[6, 5, 4, 3, 2], [], [0, 1]]
14: [[6, 5, 4, 3, 2, 1], [], [0]]
15: [[6, 5, 4, 3, 2, 1, 0], [], []]
--------------------------

The beam width:                  25
The length of solution:          17
The number of nodes expanded:    392
The total CPU time of heuristic: 0.0026000000001431545
The total CPU time of A*:        0.15720700000002807
The type of heuristic:           Adimissible
-----------path-----------
1: [[2, 3, 6, 5, 0, 1, 4], [], []]
2: [[2, 3, 6, 5, 0, 1], [], [4]]
3: [[2, 3, 6, 5, 0], [], [4, 1]]
4: [[2, 3, 6, 5], [0], [4, 1]]
5: [[2, 3, 6, 5], [0, 1], [4]]
6: [[2, 3, 6], [0, 1], [4, 5]]
7: [[2, 3], [0, 1], [4, 5, 6]]
8: [[2], [0, 1, 3], [4, 5, 6]]
9: [[], [0, 1, 3, 2], [4, 5, 6]]
10: [[6], [0, 1, 3, 2], [4, 5]]
11: [[6, 5], [0, 1, 3, 2], [4]]
12: [[6, 5, 4], [0, 1, 3, 2], []]
13: [[6, 5, 4], [0, 1, 3], [2]]
14: [[6, 5, 4, 3], [0, 1], [2]]
15: [[6, 5, 4, 3, 2], [0, 1], []]
16: [[6, 5, 4, 3, 2, 1], [0], []]
17: [[6, 5, 4, 3, 2, 1, 0], [], []]
--------------------------

The beam width:                  25
The length of solution:          16
The number of nodes expanded:    262
The total CPU time of heuristic: 0.0018510000003004734
The total CPU time of A*:        0.08988800000000197
The type of heuristic:           Adimissible
-----------path-----------
1: [[1, 6, 2, 5, 0, 4, 3], [], []]
2: [[1, 6, 2, 5, 0, 4], [], [3]]
3: [[1, 6, 2, 5, 0], [], [3, 4]]
4: [[1, 6, 2, 5], [0], [3, 4]]
5: [[1, 6, 2], [0], [3, 4, 5]]
6: [[1, 6], [0, 2], [3, 4, 5]]
7: [[1], [0, 2], [3, 4, 5, 6]]
8: [[], [0, 2, 1], [3, 4, 5, 6]]
9: [[6], [0, 2, 1], [3, 4, 5]]
10: [[6, 5], [0, 2, 1], [3, 4]]
11: [[6, 5, 4], [0, 2, 1], [3]]
12: [[6, 5, 4, 3], [0, 2, 1], []]
13: [[6, 5, 4, 3], [0, 2], [1]]
14: [[6, 5, 4, 3, 2], [0], [1]]
15: [[6, 5, 4, 3, 2, 1], [0], []]
16: [[6, 5, 4, 3, 2, 1, 0], [], []]
--------------------------

The beam width:                  25
The length of solution:          14
The number of nodes expanded:    244
The total CPU time of heuristic: 0.001776999999464124
The total CPU time of A*:        0.08091099999998619
The type of heuristic:           Adimissible
-----------path-----------
1: [[6, 3, 4, 2, 1, 0, 5], [], []]
2: [[6, 3, 4, 2, 1, 0], [5], []]
3: [[6, 3, 4, 2, 1], [5], [0]]
4: [[6, 3, 4, 2], [5], [0, 1]]
5: [[6, 3, 4], [5], [0, 1, 2]]
6: [[6, 3], [5, 4], [0, 1, 2]]
7: [[6], [5, 4], [0, 1, 2, 3]]
8: [[6], [5], [0, 1, 2, 3, 4]]
9: [[6, 5], [], [0, 1, 2, 3, 4]]
10: [[6, 5, 4], [], [0, 1, 2, 3]]
11: [[6, 5, 4, 3], [], [0, 1, 2]]
12: [[6, 5, 4, 3, 2], [], [0, 1]]
13: [[6, 5, 4, 3, 2, 1], [], [0]]
14: [[6, 5, 4, 3, 2, 1, 0], [], []]
--------------------------

The beam width:                  25
The length of solution:          16
The number of nodes expanded:    365
The total CPU time of heuristic: 0.0022380000004034173
The total CPU time of A*:        0.11788699999999608
The type of heuristic:           Adimissible
-----------path-----------
1: [[4, 0, 6, 1, 5, 3, 2], [], []]
2: [[4, 0, 6, 1, 5, 3], [], [2]]
3: [[4, 0, 6, 1, 5], [], [2, 3]]
4: [[4, 0, 6, 1], [], [2, 3, 5]]
5: [[4, 0, 6], [1], [2, 3, 5]]
6: [[4, 0], [1], [2, 3, 5, 6]]
7: [[4], [1, 0], [2, 3, 5, 6]]
8: [[], [1, 0, 4], [2, 3, 5, 6]]
9: [[6], [1, 0, 4], [2, 3, 5]]
10: [[6, 5], [1, 0, 4], [2, 3]]
11: [[6, 5, 4], [1, 0], [2, 3]]
12: [[6, 5, 4, 3], [1, 0], [2]]
13: [[6, 5, 4, 3, 2], [1, 0], []]
14: [[6, 5, 4, 3, 2], [1], [0]]
15: [[6, 5, 4, 3, 2, 1], [], [0]]
16: [[6, 5, 4, 3, 2, 1, 0], [], []]
--------------------------

The beam width:                  25
The length of solution:          17
The number of nodes expanded:    418
The total CPU time of heuristic: 0.0029509999999675074
The total CPU time of A*:        0.17008399999997437
The type of heuristic:           Adimissible
-----------path-----------
1: [[0, 6, 2, 3, 5, 4, 1], [], []]
2: [[0, 6, 2, 3, 5, 4], [1], []]
3: [[0, 6, 2, 3, 5], [1], [4]]
4: [[0, 6, 2, 3], [1], [4, 5]]
5: [[0, 6, 2], [1], [4, 5, 3]]
6: [[0, 6], [1, 2], [4, 5, 3]]
7: [[0, 6], [1, 2, 3], [4, 5]]
8: [[0], [1, 2, 3], [4, 5, 6]]
9: [[], [1, 2, 3, 0], [4, 5, 6]]
10: [[6], [1, 2, 3, 0], [4, 5]]
11: [[6, 5], [1, 2, 3, 0], [4]]
12: [[6, 5, 4], [1, 2, 3, 0], []]
13: [[6, 5, 4], [1, 2, 3], [0]]
14: [[6, 5, 4, 3], [1, 2], [0]]
15: [[6, 5, 4, 3, 2], [1], [0]]
16: [[6, 5, 4, 3, 2, 1], [], [0]]
17: [[6, 5, 4, 3, 2, 1, 0], [], []]
--------------------------

The beam width:                  25
The length of solution:          17
The number of nodes expanded:    419
The total CPU time of heuristic: 0.0029989999995336802
The total CPU time of A*:        0.16168500000000563
The type of heuristic:           Adimissible
-----------path-----------
1: [[2, 3, 6, 4, 1, 5, 0], [], []]
2: [[2, 3, 6, 4, 1, 5], [], [0]]
3: [[2, 3, 6, 4, 1], [5], [0]]
4: [[2, 3, 6, 4], [5], [0, 1]]
5: [[2, 3, 6], [5], [0, 1, 4]]
6: [[2, 3, 6], [], [0, 1, 4, 5]]
7: [[2, 3], [], [0, 1, 4, 5, 6]]
8: [[2], [3], [0, 1, 4, 5, 6]]
9: [[], [3, 2], [0, 1, 4, 5, 6]]
10: [[6], [3, 2], [0, 1, 4, 5]]
11: [[6, 5], [3, 2], [0, 1, 4]]
12: [[6, 5, 4], [3, 2], [0, 1]]
13: [[6, 5, 4], [3], [0, 1, 2]]
14: [[6, 5, 4, 3], [], [0, 1, 2]]
15: [[6, 5, 4, 3, 2], [], [0, 1]]
16: [[6, 5, 4, 3, 2, 1], [], [0]]
17: [[6, 5, 4, 3, 2, 1, 0], [], []]
--------------------------

The beam width:                  25
The length of solution:          15
The number of nodes expanded:    122
The total CPU time of heuristic: 0.0009229999999718075
The total CPU time of A*:        0.04461599999999066
The type of heuristic:           Adimissible
-----------path-----------
1: [[5, 4, 6, 2, 0, 3, 1], [], []]
2: [[5, 4, 6, 2, 0, 3], [1], []]
3: [[5, 4, 6, 2, 0], [1, 3], []]
4: [[5, 4, 6, 2], [1, 3], [0]]
5: [[5, 4, 6], [1, 3], [0, 2]]
6: [[5, 4], [1, 3, 6], [0, 2]]
7: [[5], [1, 3, 6], [0, 2, 4]]
8: [[], [1, 3, 6], [0, 2, 4, 5]]
9: [[6], [1, 3], [0, 2, 4, 5]]
10: [[6, 5], [1, 3], [0, 2, 4]]
11: [[6, 5, 4], [1, 3], [0, 2]]
12: [[6, 5, 4, 3], [1], [0, 2]]
13: [[6, 5, 4, 3, 2], [1], [0]]
14: [[6, 5, 4, 3, 2, 1], [], [0]]
15: [[6, 5, 4, 3, 2, 1, 0], [], []]
--------------------------

